# BEGIN PLOT
Legend=1
LogY=0
DrawOnly=//mt/home/mbridge/Work/MyHiggsstrahlungV2/MyHiggsstrahlungHcc/Analysis.yoda/MyZAnalysis/Z_mass
LegendOnly=//mt/home/mbridge/Work/MyHiggsstrahlungV2/MyHiggsstrahlungHcc/Analysis.yoda/MyZAnalysis/Z_mass
# END PLOT

# BEGIN HISTO1D //mt/home/mbridge/Work/MyHiggsstrahlungV2/MyHiggsstrahlungHcc/Analysis.yoda/MyZAnalysis/Z_mass
LineColor=red
LineStyle=solid
Path=//mt/home/mbridge/Work/MyHiggsstrahlungV2/MyHiggsstrahlungHcc/Analysis.yoda/MyZAnalysis/Z_mass
ScaledBy=7.46083402149878283e-02
Title=Analysis
# xlow	 xhigh	 val	 errminus	 errplus
7.100000e+01	7.140000e+01	0.000000e+00	0.000000e+00	0.000000e+00
7.140000e+01	7.180000e+01	0.000000e+00	0.000000e+00	0.000000e+00
7.180000e+01	7.220000e+01	0.000000e+00	0.000000e+00	0.000000e+00
7.220000e+01	7.260000e+01	0.000000e+00	0.000000e+00	0.000000e+00
7.260000e+01	7.300000e+01	0.000000e+00	0.000000e+00	0.000000e+00
7.300000e+01	7.340000e+01	0.000000e+00	0.000000e+00	0.000000e+00
7.340000e+01	7.380000e+01	0.000000e+00	0.000000e+00	0.000000e+00
7.380000e+01	7.420000e+01	0.000000e+00	0.000000e+00	0.000000e+00
7.420000e+01	7.460000e+01	0.000000e+00	0.000000e+00	0.000000e+00
7.460000e+01	7.500000e+01	0.000000e+00	0.000000e+00	0.000000e+00
7.500000e+01	7.540000e+01	0.000000e+00	0.000000e+00	0.000000e+00
7.540000e+01	7.580000e+01	0.000000e+00	0.000000e+00	0.000000e+00
7.580000e+01	7.620000e+01	0.000000e+00	0.000000e+00	0.000000e+00
7.620000e+01	7.660000e+01	0.000000e+00	0.000000e+00	0.000000e+00
7.660000e+01	7.700000e+01	0.000000e+00	0.000000e+00	0.000000e+00
7.700000e+01	7.740000e+01	0.000000e+00	0.000000e+00	0.000000e+00
7.740000e+01	7.780000e+01	0.000000e+00	0.000000e+00	0.000000e+00
7.780000e+01	7.820000e+01	0.000000e+00	0.000000e+00	0.000000e+00
7.820000e+01	7.860000e+01	0.000000e+00	0.000000e+00	0.000000e+00
7.860000e+01	7.900000e+01	0.000000e+00	0.000000e+00	0.000000e+00
7.900000e+01	7.940000e+01	0.000000e+00	0.000000e+00	0.000000e+00
7.940000e+01	7.980000e+01	0.000000e+00	0.000000e+00	0.000000e+00
7.980000e+01	8.020000e+01	0.000000e+00	0.000000e+00	0.000000e+00
8.020000e+01	8.060000e+01	0.000000e+00	0.000000e+00	0.000000e+00
8.060000e+01	8.100000e+01	0.000000e+00	0.000000e+00	0.000000e+00
8.100000e+01	8.140000e+01	0.000000e+00	0.000000e+00	0.000000e+00
8.140000e+01	8.180000e+01	0.000000e+00	0.000000e+00	0.000000e+00
8.180000e+01	8.220000e+01	0.000000e+00	0.000000e+00	0.000000e+00
8.220000e+01	8.260000e+01	0.000000e+00	0.000000e+00	0.000000e+00
8.260000e+01	8.300000e+01	0.000000e+00	0.000000e+00	0.000000e+00
8.300000e+01	8.340000e+01	0.000000e+00	0.000000e+00	0.000000e+00
8.340000e+01	8.380000e+01	0.000000e+00	0.000000e+00	0.000000e+00
8.380000e+01	8.420000e+01	0.000000e+00	0.000000e+00	0.000000e+00
8.420000e+01	8.460000e+01	0.000000e+00	0.000000e+00	0.000000e+00
8.460000e+01	8.500000e+01	0.000000e+00	0.000000e+00	0.000000e+00
8.500000e+01	8.540000e+01	0.000000e+00	0.000000e+00	0.000000e+00
8.540000e+01	8.580000e+01	0.000000e+00	0.000000e+00	0.000000e+00
8.580000e+01	8.620000e+01	0.000000e+00	0.000000e+00	0.000000e+00
8.620000e+01	8.660000e+01	1.821849e-02	1.021642e-03	1.021642e-03
8.660000e+01	8.700000e+01	2.303091e-02	1.148678e-03	1.148678e-03
8.700000e+01	8.740000e+01	2.675482e-02	1.238065e-03	1.238065e-03
8.740000e+01	8.780000e+01	3.082248e-02	1.328851e-03	1.328851e-03
8.780000e+01	8.820000e+01	4.119210e-02	1.536206e-03	1.536206e-03
8.820000e+01	8.860000e+01	5.167633e-02	1.720634e-03	1.720634e-03
8.860000e+01	8.900000e+01	6.771775e-02	1.969672e-03	1.969672e-03
8.900000e+01	8.940000e+01	8.748310e-02	2.238745e-03	2.238745e-03
8.940000e+01	8.980000e+01	1.174462e-01	2.593953e-03	2.593953e-03
8.980000e+01	9.020000e+01	1.542842e-01	2.973057e-03	2.973057e-03
9.020000e+01	9.060000e+01	2.143250e-01	3.504120e-03	3.504120e-03
9.060000e+01	9.100000e+01	2.684075e-01	3.921389e-03	3.921389e-03
9.100000e+01	9.140000e+01	3.033550e-01	4.168868e-03	4.168868e-03
9.140000e+01	9.180000e+01	2.696108e-01	3.930168e-03	3.930168e-03
9.180000e+01	9.220000e+01	2.149552e-01	3.509268e-03	3.509268e-03
9.220000e+01	9.260000e+01	1.613310e-01	3.040195e-03	3.040195e-03
9.260000e+01	9.300000e+01	1.121754e-01	2.535079e-03	2.535079e-03
9.300000e+01	9.340000e+01	8.461855e-02	2.201787e-03	2.201787e-03
9.340000e+01	9.380000e+01	6.284805e-02	1.897529e-03	1.897529e-03
9.380000e+01	9.420000e+01	5.012947e-02	1.694686e-03	1.694686e-03
9.420000e+01	9.460000e+01	3.855673e-02	1.486253e-03	1.486253e-03
9.460000e+01	9.500000e+01	3.214015e-02	1.356958e-03	1.356958e-03
9.500000e+01	9.540000e+01	2.818710e-02	1.270772e-03	1.270772e-03
9.540000e+01	9.580000e+01	2.274446e-02	1.141512e-03	1.141512e-03
9.580000e+01	9.620000e+01	1.798932e-02	1.015196e-03	1.015196e-03
9.620000e+01	9.660000e+01	0.000000e+00	0.000000e+00	0.000000e+00
9.660000e+01	9.700000e+01	0.000000e+00	0.000000e+00	0.000000e+00
9.700000e+01	9.740000e+01	0.000000e+00	0.000000e+00	0.000000e+00
9.740000e+01	9.780000e+01	0.000000e+00	0.000000e+00	0.000000e+00
9.780000e+01	9.820000e+01	0.000000e+00	0.000000e+00	0.000000e+00
9.820000e+01	9.860000e+01	0.000000e+00	0.000000e+00	0.000000e+00
9.860000e+01	9.900000e+01	0.000000e+00	0.000000e+00	0.000000e+00
9.900000e+01	9.940000e+01	0.000000e+00	0.000000e+00	0.000000e+00
9.940000e+01	9.980000e+01	0.000000e+00	0.000000e+00	0.000000e+00
9.980000e+01	1.002000e+02	0.000000e+00	0.000000e+00	0.000000e+00
1.002000e+02	1.006000e+02	0.000000e+00	0.000000e+00	0.000000e+00
1.006000e+02	1.010000e+02	0.000000e+00	0.000000e+00	0.000000e+00
1.010000e+02	1.014000e+02	0.000000e+00	0.000000e+00	0.000000e+00
1.014000e+02	1.018000e+02	0.000000e+00	0.000000e+00	0.000000e+00
1.018000e+02	1.022000e+02	0.000000e+00	0.000000e+00	0.000000e+00
1.022000e+02	1.026000e+02	0.000000e+00	0.000000e+00	0.000000e+00
1.026000e+02	1.030000e+02	0.000000e+00	0.000000e+00	0.000000e+00
1.030000e+02	1.034000e+02	0.000000e+00	0.000000e+00	0.000000e+00
1.034000e+02	1.038000e+02	0.000000e+00	0.000000e+00	0.000000e+00
1.038000e+02	1.042000e+02	0.000000e+00	0.000000e+00	0.000000e+00
1.042000e+02	1.046000e+02	0.000000e+00	0.000000e+00	0.000000e+00
1.046000e+02	1.050000e+02	0.000000e+00	0.000000e+00	0.000000e+00
1.050000e+02	1.054000e+02	0.000000e+00	0.000000e+00	0.000000e+00
1.054000e+02	1.058000e+02	0.000000e+00	0.000000e+00	0.000000e+00
1.058000e+02	1.062000e+02	0.000000e+00	0.000000e+00	0.000000e+00
1.062000e+02	1.066000e+02	0.000000e+00	0.000000e+00	0.000000e+00
1.066000e+02	1.070000e+02	0.000000e+00	0.000000e+00	0.000000e+00
1.070000e+02	1.074000e+02	0.000000e+00	0.000000e+00	0.000000e+00
1.074000e+02	1.078000e+02	0.000000e+00	0.000000e+00	0.000000e+00
1.078000e+02	1.082000e+02	0.000000e+00	0.000000e+00	0.000000e+00
1.082000e+02	1.086000e+02	0.000000e+00	0.000000e+00	0.000000e+00
1.086000e+02	1.090000e+02	0.000000e+00	0.000000e+00	0.000000e+00
1.090000e+02	1.094000e+02	0.000000e+00	0.000000e+00	0.000000e+00
1.094000e+02	1.098000e+02	0.000000e+00	0.000000e+00	0.000000e+00
1.098000e+02	1.102000e+02	0.000000e+00	0.000000e+00	0.000000e+00
1.102000e+02	1.106000e+02	0.000000e+00	0.000000e+00	0.000000e+00
1.106000e+02	1.110000e+02	0.000000e+00	0.000000e+00	0.000000e+00
# END HISTO1D

