# BEGIN PLOT
Legend=1
LogY=0
DrawOnly=//mt/home/mbridge/Work/MyHiggsstrahlungV2/MyHiggsstrahlungHcc/Analysis.yoda/MyZAnalysis/Z_pT_peak
LegendOnly=//mt/home/mbridge/Work/MyHiggsstrahlungV2/MyHiggsstrahlungHcc/Analysis.yoda/MyZAnalysis/Z_pT_peak
# END PLOT

# BEGIN HISTO1D //mt/home/mbridge/Work/MyHiggsstrahlungV2/MyHiggsstrahlungHcc/Analysis.yoda/MyZAnalysis/Z_pT_peak
LineColor=red
LineStyle=solid
Path=//mt/home/mbridge/Work/MyHiggsstrahlungV2/MyHiggsstrahlungHcc/Analysis.yoda/MyZAnalysis/Z_pT_peak
ScaledBy=7.46083402149878283e-02
Title=Analysis
# xlow	 xhigh	 val	 errminus	 errplus
4.000000e+01	4.020000e+01	2.635378e-02	1.737717e-03	1.737717e-03
4.020000e+01	4.040000e+01	2.612462e-02	1.730145e-03	1.730145e-03
4.040000e+01	4.060000e+01	2.543713e-02	1.707228e-03	1.707228e-03
4.060000e+01	4.080000e+01	2.555171e-02	1.711069e-03	1.711069e-03
4.080000e+01	4.100000e+01	2.394756e-02	1.656488e-03	1.656488e-03
4.100000e+01	4.120000e+01	2.795792e-02	1.789823e-03	1.789823e-03
4.120000e+01	4.140000e+01	2.497880e-02	1.691778e-03	1.691778e-03
4.140000e+01	4.160000e+01	2.520796e-02	1.699521e-03	1.699521e-03
4.160000e+01	4.180000e+01	2.979123e-02	1.847574e-03	1.847574e-03
4.180000e+01	4.200000e+01	2.612462e-02	1.730145e-03	1.730145e-03
4.200000e+01	4.220000e+01	3.002039e-02	1.854666e-03	1.854666e-03
4.220000e+01	4.240000e+01	2.738502e-02	1.771389e-03	1.771389e-03
4.240000e+01	4.260000e+01	2.784334e-02	1.786152e-03	1.786152e-03
4.260000e+01	4.280000e+01	3.208287e-02	1.917318e-03	1.917318e-03
4.280000e+01	4.300000e+01	2.967665e-02	1.844017e-03	1.844017e-03
4.300000e+01	4.320000e+01	3.322868e-02	1.951255e-03	1.951255e-03
4.320000e+01	4.340000e+01	3.093705e-02	1.882769e-03	1.882769e-03
4.340000e+01	4.360000e+01	3.299952e-02	1.944515e-03	1.944515e-03
4.360000e+01	4.380000e+01	2.921833e-02	1.829723e-03	1.829723e-03
4.380000e+01	4.400000e+01	2.979123e-02	1.847574e-03	1.847574e-03
4.400000e+01	4.420000e+01	3.311410e-02	1.947888e-03	1.947888e-03
4.420000e+01	4.440000e+01	3.070789e-02	1.875783e-03	1.875783e-03
4.440000e+01	4.460000e+01	3.517657e-02	2.007633e-03	2.007633e-03
4.460000e+01	4.480000e+01	3.620781e-02	2.036848e-03	2.036848e-03
4.480000e+01	4.500000e+01	3.700987e-02	2.059284e-03	2.059284e-03
4.500000e+01	4.520000e+01	3.838485e-02	2.097189e-03	2.097189e-03
4.520000e+01	4.540000e+01	3.930151e-02	2.122082e-03	2.122082e-03
4.540000e+01	4.560000e+01	4.033274e-02	2.149742e-03	2.149742e-03
4.560000e+01	4.580000e+01	4.411394e-02	2.248254e-03	2.248254e-03
4.580000e+01	4.600000e+01	4.056191e-02	2.155841e-03	2.155841e-03
4.600000e+01	4.620000e+01	4.113481e-02	2.171012e-03	2.171012e-03
4.620000e+01	4.640000e+01	4.617641e-02	2.300211e-03	2.300211e-03
4.640000e+01	4.660000e+01	4.915553e-02	2.373251e-03	2.373251e-03
4.660000e+01	4.680000e+01	4.629099e-02	2.303063e-03	2.303063e-03
4.680000e+01	4.700000e+01	4.411394e-02	2.248254e-03	2.248254e-03
4.700000e+01	4.720000e+01	4.812430e-02	2.348225e-03	2.348225e-03
4.720000e+01	4.740000e+01	5.293675e-02	2.462839e-03	2.462839e-03
4.740000e+01	4.760000e+01	5.259300e-02	2.454830e-03	2.454830e-03
4.760000e+01	4.780000e+01	5.477005e-02	2.505123e-03	2.505123e-03
4.780000e+01	4.800000e+01	5.454085e-02	2.499876e-03	2.499876e-03
4.800000e+01	4.820000e+01	5.522835e-02	2.515583e-03	2.515583e-03
4.820000e+01	4.840000e+01	5.717625e-02	2.559561e-03	2.559561e-03
4.840000e+01	4.860000e+01	6.118660e-02	2.647803e-03	2.647803e-03
4.860000e+01	4.880000e+01	6.290535e-02	2.684734e-03	2.684734e-03
4.880000e+01	4.900000e+01	6.531155e-02	2.735600e-03	2.735600e-03
4.900000e+01	4.920000e+01	6.313450e-02	2.689620e-03	2.689620e-03
4.920000e+01	4.940000e+01	6.760320e-02	2.783179e-03	2.783179e-03
4.940000e+01	4.960000e+01	7.195730e-02	2.871408e-03	2.871408e-03
4.960000e+01	4.980000e+01	7.986340e-02	3.025043e-03	3.025043e-03
4.980000e+01	5.000000e+01	7.424890e-02	2.916773e-03	2.916773e-03
5.000000e+01	5.020000e+01	7.906135e-02	3.009814e-03	3.009814e-03
5.020000e+01	5.040000e+01	8.215505e-02	3.068137e-03	3.068137e-03
5.040000e+01	5.060000e+01	8.318630e-02	3.087333e-03	3.087333e-03
5.060000e+01	5.080000e+01	8.433210e-02	3.108523e-03	3.108523e-03
5.080000e+01	5.100000e+01	7.894675e-02	3.007632e-03	3.007632e-03
5.100000e+01	5.120000e+01	7.986340e-02	3.025043e-03	3.025043e-03
5.120000e+01	5.140000e+01	7.929050e-02	3.014173e-03	3.014173e-03
5.140000e+01	5.160000e+01	7.126980e-02	2.857659e-03	2.857659e-03
5.160000e+01	5.180000e+01	7.023855e-02	2.836909e-03	2.836909e-03
5.180000e+01	5.200000e+01	6.187410e-02	2.662637e-03	2.662637e-03
5.200000e+01	5.220000e+01	5.499920e-02	2.510359e-03	2.510359e-03
5.220000e+01	5.240000e+01	4.732223e-02	2.328575e-03	2.328575e-03
5.240000e+01	5.260000e+01	4.079107e-02	2.161923e-03	2.161923e-03
5.260000e+01	5.280000e+01	3.380159e-02	1.968005e-03	1.968005e-03
5.280000e+01	5.300000e+01	3.231203e-02	1.924153e-03	1.924153e-03
5.300000e+01	5.320000e+01	2.589545e-02	1.722540e-03	1.722540e-03
5.320000e+01	5.340000e+01	2.245801e-02	1.604143e-03	1.604143e-03
5.340000e+01	5.360000e+01	1.902055e-02	1.476281e-03	1.476281e-03
5.360000e+01	5.380000e+01	1.947889e-02	1.493962e-03	1.493962e-03
5.380000e+01	5.400000e+01	1.478103e-02	1.301398e-03	1.301398e-03
5.400000e+01	5.420000e+01	1.260398e-02	1.201743e-03	1.201743e-03
5.420000e+01	5.440000e+01	1.042693e-02	1.093039e-03	1.093039e-03
5.440000e+01	5.460000e+01	7.218645e-03	9.094637e-04	9.094637e-04
5.460000e+01	5.480000e+01	7.218645e-03	9.094637e-04	9.094637e-04
5.480000e+01	5.500000e+01	7.906135e-03	9.517867e-04	9.517867e-04
5.500000e+01	5.520000e+01	5.156175e-03	7.686371e-04	7.686371e-04
5.520000e+01	5.540000e+01	4.697848e-03	7.336806e-04	7.336806e-04
5.540000e+01	5.560000e+01	5.156175e-03	7.686371e-04	7.686371e-04
5.560000e+01	5.580000e+01	3.208287e-03	6.063091e-04	6.063091e-04
5.580000e+01	5.600000e+01	1.947888e-03	4.724323e-04	4.724323e-04
5.600000e+01	5.620000e+01	1.833306e-03	4.583267e-04	4.583267e-04
5.620000e+01	5.640000e+01	2.291633e-04	1.620430e-04	1.620430e-04
5.640000e+01	5.660000e+01	0.000000e+00	0.000000e+00	0.000000e+00
5.660000e+01	5.680000e+01	0.000000e+00	0.000000e+00	0.000000e+00
5.680000e+01	5.700000e+01	0.000000e+00	0.000000e+00	0.000000e+00
5.700000e+01	5.720000e+01	0.000000e+00	0.000000e+00	0.000000e+00
5.720000e+01	5.740000e+01	0.000000e+00	0.000000e+00	0.000000e+00
5.740000e+01	5.760000e+01	0.000000e+00	0.000000e+00	0.000000e+00
5.760000e+01	5.780000e+01	0.000000e+00	0.000000e+00	0.000000e+00
5.780000e+01	5.800000e+01	0.000000e+00	0.000000e+00	0.000000e+00
5.800000e+01	5.820000e+01	0.000000e+00	0.000000e+00	0.000000e+00
5.820000e+01	5.840000e+01	0.000000e+00	0.000000e+00	0.000000e+00
5.840000e+01	5.860000e+01	0.000000e+00	0.000000e+00	0.000000e+00
5.860000e+01	5.880000e+01	0.000000e+00	0.000000e+00	0.000000e+00
5.880000e+01	5.900000e+01	0.000000e+00	0.000000e+00	0.000000e+00
5.900000e+01	5.920000e+01	0.000000e+00	0.000000e+00	0.000000e+00
5.920000e+01	5.940000e+01	0.000000e+00	0.000000e+00	0.000000e+00
5.940000e+01	5.960000e+01	0.000000e+00	0.000000e+00	0.000000e+00
5.960000e+01	5.980000e+01	0.000000e+00	0.000000e+00	0.000000e+00
5.980000e+01	6.000000e+01	0.000000e+00	0.000000e+00	0.000000e+00
# END HISTO1D

