# BEGIN PLOT
Legend=1
LogY=0
DrawOnly=//mt/home/mbridge/Work/MyHiggsstrahlungV2/MyHiggsstrahlungHcc/Analysis.yoda/MyZAnalysis/ZM
LegendOnly=//mt/home/mbridge/Work/MyHiggsstrahlungV2/MyHiggsstrahlungHcc/Analysis.yoda/MyZAnalysis/ZM
# END PLOT

# BEGIN HISTO1D //mt/home/mbridge/Work/MyHiggsstrahlungV2/MyHiggsstrahlungHcc/Analysis.yoda/MyZAnalysis/ZM
LineColor=red
LineStyle=solid
Path=//mt/home/mbridge/Work/MyHiggsstrahlungV2/MyHiggsstrahlungHcc/Analysis.yoda/MyZAnalysis/ZM
ScaledBy=7.46083402149878283e-02
Title=Analysis
# xlow	 xhigh	 val	 errminus	 errplus
0.000000e+00	1.000000e+00	1.833307e-04	6.481717e-05	6.481717e-05
1.000000e+00	2.000000e+00	4.583266e-04	1.024850e-04	1.024850e-04
2.000000e+00	3.000000e+00	6.874900e-04	1.255179e-04	1.255179e-04
3.000000e+00	4.000000e+00	1.214566e-03	1.668334e-04	1.668334e-04
4.000000e+00	5.000000e+00	1.535394e-03	1.875783e-04	1.875783e-04
5.000000e+00	6.000000e+00	1.695809e-03	1.971337e-04	1.971337e-04
6.000000e+00	7.000000e+00	2.291633e-03	2.291633e-04	2.291633e-04
7.000000e+00	8.000000e+00	2.589546e-03	2.436040e-04	2.436040e-04
8.000000e+00	9.000000e+00	2.933291e-03	2.592687e-04	2.592687e-04
9.000000e+00	1.000000e+01	3.781195e-03	2.943656e-04	2.943656e-04
1.000000e+01	1.100000e+01	4.102024e-03	3.065996e-04	3.065996e-04
1.100000e+01	1.200000e+01	3.941609e-03	3.005449e-04	3.005449e-04
1.200000e+01	1.300000e+01	5.018677e-03	3.391308e-04	3.391308e-04
1.300000e+01	1.400000e+01	4.697848e-03	3.281120e-04	3.281120e-04
1.400000e+01	1.500000e+01	5.270756e-03	3.475434e-04	3.475434e-04
1.500000e+01	1.600000e+01	5.843665e-03	3.659445e-04	3.659445e-04
1.600000e+01	1.700000e+01	6.347824e-03	3.814037e-04	3.814037e-04
1.700000e+01	1.800000e+01	6.439489e-03	3.841478e-04	3.841478e-04
1.800000e+01	1.900000e+01	6.279075e-03	3.793328e-04	3.793328e-04
1.900000e+01	2.000000e+01	7.104063e-03	4.034837e-04	4.034837e-04
2.000000e+01	2.100000e+01	8.020716e-03	4.287253e-04	4.287253e-04
2.100000e+01	2.200000e+01	7.814469e-03	4.231773e-04	4.231773e-04
2.200000e+01	2.300000e+01	8.341545e-03	4.372157e-04	4.372157e-04
2.300000e+01	2.400000e+01	9.487362e-03	4.662784e-04	4.662784e-04
2.400000e+01	2.500000e+01	9.510278e-03	4.668412e-04	4.668412e-04
2.500000e+01	2.600000e+01	9.533194e-03	4.674034e-04	4.674034e-04
2.600000e+01	2.700000e+01	1.248940e-02	5.349872e-04	5.349872e-04
2.700000e+01	2.800000e+01	1.271856e-02	5.398730e-04	5.398730e-04
2.800000e+01	2.900000e+01	1.209982e-02	5.265772e-04	5.265772e-04
2.900000e+01	3.000000e+01	1.255815e-02	5.364575e-04	5.364575e-04
3.000000e+01	3.100000e+01	1.418521e-02	5.701517e-04	5.701517e-04
3.100000e+01	3.200000e+01	1.409354e-02	5.683066e-04	5.683066e-04
3.200000e+01	3.300000e+01	1.512478e-02	5.887313e-04	5.887313e-04
3.300000e+01	3.400000e+01	1.544561e-02	5.949426e-04	5.949426e-04
3.400000e+01	3.500000e+01	1.716433e-02	6.271711e-04	6.271711e-04
3.500000e+01	3.600000e+01	1.771432e-02	6.371400e-04	6.371400e-04
3.600000e+01	3.700000e+01	1.913514e-02	6.621988e-04	6.621988e-04
3.700000e+01	3.800000e+01	2.037262e-02	6.832757e-04	6.832757e-04
3.800000e+01	3.900000e+01	2.225176e-02	7.140929e-04	7.140929e-04
3.900000e+01	4.000000e+01	2.218301e-02	7.129889e-04	7.129889e-04
4.000000e+01	4.100000e+01	2.548296e-02	7.641832e-04	7.641832e-04
4.100000e+01	4.200000e+01	2.681211e-02	7.838592e-04	7.838592e-04
4.200000e+01	4.300000e+01	2.940165e-02	8.208399e-04	8.208399e-04
4.300000e+01	4.400000e+01	3.123496e-02	8.460442e-04	8.460442e-04
4.400000e+01	4.500000e+01	3.444325e-02	8.884328e-04	8.884328e-04
4.500000e+01	4.600000e+01	4.053899e-02	9.638491e-04	9.638491e-04
4.600000e+01	4.700000e+01	4.537434e-02	1.019712e-03	1.019712e-03
4.700000e+01	4.800000e+01	5.259298e-02	1.097833e-03	1.097833e-03
4.800000e+01	4.900000e+01	6.036162e-02	1.176124e-03	1.176124e-03
4.900000e+01	5.000000e+01	7.136146e-02	1.278805e-03	1.278805e-03
5.000000e+01	5.100000e+01	8.153631e-02	1.366936e-03	1.366936e-03
5.100000e+01	5.200000e+01	7.250728e-02	1.289031e-03	1.289031e-03
5.200000e+01	5.300000e+01	4.184522e-02	9.792543e-04	9.792543e-04
5.300000e+01	5.400000e+01	2.032679e-02	6.825067e-04	6.825067e-04
5.400000e+01	5.500000e+01	9.074868e-03	4.560293e-04	4.560293e-04
5.500000e+01	5.600000e+01	4.033275e-03	3.040195e-04	3.040195e-04
5.600000e+01	5.700000e+01	4.124940e-04	9.722576e-05	9.722576e-05
5.700000e+01	5.800000e+01	0.000000e+00	0.000000e+00	0.000000e+00
5.800000e+01	5.900000e+01	0.000000e+00	0.000000e+00	0.000000e+00
5.900000e+01	6.000000e+01	0.000000e+00	0.000000e+00	0.000000e+00
6.000000e+01	6.100000e+01	0.000000e+00	0.000000e+00	0.000000e+00
6.100000e+01	6.200000e+01	0.000000e+00	0.000000e+00	0.000000e+00
6.200000e+01	6.300000e+01	0.000000e+00	0.000000e+00	0.000000e+00
6.300000e+01	6.400000e+01	0.000000e+00	0.000000e+00	0.000000e+00
6.400000e+01	6.500000e+01	0.000000e+00	0.000000e+00	0.000000e+00
6.500000e+01	6.600000e+01	0.000000e+00	0.000000e+00	0.000000e+00
6.600000e+01	6.700000e+01	0.000000e+00	0.000000e+00	0.000000e+00
6.700000e+01	6.800000e+01	0.000000e+00	0.000000e+00	0.000000e+00
6.800000e+01	6.900000e+01	0.000000e+00	0.000000e+00	0.000000e+00
6.900000e+01	7.000000e+01	0.000000e+00	0.000000e+00	0.000000e+00
7.000000e+01	7.100000e+01	0.000000e+00	0.000000e+00	0.000000e+00
7.100000e+01	7.200000e+01	0.000000e+00	0.000000e+00	0.000000e+00
7.200000e+01	7.300000e+01	0.000000e+00	0.000000e+00	0.000000e+00
7.300000e+01	7.400000e+01	0.000000e+00	0.000000e+00	0.000000e+00
7.400000e+01	7.500000e+01	0.000000e+00	0.000000e+00	0.000000e+00
7.500000e+01	7.600000e+01	0.000000e+00	0.000000e+00	0.000000e+00
7.600000e+01	7.700000e+01	0.000000e+00	0.000000e+00	0.000000e+00
7.700000e+01	7.800000e+01	0.000000e+00	0.000000e+00	0.000000e+00
7.800000e+01	7.900000e+01	0.000000e+00	0.000000e+00	0.000000e+00
7.900000e+01	8.000000e+01	0.000000e+00	0.000000e+00	0.000000e+00
8.000000e+01	8.100000e+01	0.000000e+00	0.000000e+00	0.000000e+00
8.100000e+01	8.200000e+01	0.000000e+00	0.000000e+00	0.000000e+00
8.200000e+01	8.300000e+01	0.000000e+00	0.000000e+00	0.000000e+00
8.300000e+01	8.400000e+01	0.000000e+00	0.000000e+00	0.000000e+00
8.400000e+01	8.500000e+01	0.000000e+00	0.000000e+00	0.000000e+00
8.500000e+01	8.600000e+01	0.000000e+00	0.000000e+00	0.000000e+00
8.600000e+01	8.700000e+01	0.000000e+00	0.000000e+00	0.000000e+00
8.700000e+01	8.800000e+01	0.000000e+00	0.000000e+00	0.000000e+00
8.800000e+01	8.900000e+01	0.000000e+00	0.000000e+00	0.000000e+00
8.900000e+01	9.000000e+01	0.000000e+00	0.000000e+00	0.000000e+00
9.000000e+01	9.100000e+01	0.000000e+00	0.000000e+00	0.000000e+00
9.100000e+01	9.200000e+01	0.000000e+00	0.000000e+00	0.000000e+00
9.200000e+01	9.300000e+01	0.000000e+00	0.000000e+00	0.000000e+00
9.300000e+01	9.400000e+01	0.000000e+00	0.000000e+00	0.000000e+00
9.400000e+01	9.500000e+01	0.000000e+00	0.000000e+00	0.000000e+00
9.500000e+01	9.600000e+01	0.000000e+00	0.000000e+00	0.000000e+00
9.600000e+01	9.700000e+01	0.000000e+00	0.000000e+00	0.000000e+00
9.700000e+01	9.800000e+01	0.000000e+00	0.000000e+00	0.000000e+00
9.800000e+01	9.900000e+01	0.000000e+00	0.000000e+00	0.000000e+00
9.900000e+01	1.000000e+02	0.000000e+00	0.000000e+00	0.000000e+00
# END HISTO1D

