# BEGIN PLOT
Legend=1
LogY=1
DrawOnly=//mt/home/mbridge/Work/MyHiggsstrahlungV2/MyHiggsstrahlung/Analysis.yoda/MyHAnalysis/H_T
LegendOnly=//mt/home/mbridge/Work/MyHiggsstrahlungV2/MyHiggsstrahlung/Analysis.yoda/MyHAnalysis/H_T
# END PLOT

# BEGIN HISTO1D //mt/home/mbridge/Work/MyHiggsstrahlungV2/MyHiggsstrahlung/Analysis.yoda/MyHAnalysis/H_T
LineColor=red
LineStyle=solid
Path=//mt/home/mbridge/Work/MyHiggsstrahlungV2/MyHiggsstrahlung/Analysis.yoda/MyHAnalysis/H_T
ScaledBy=1.13102314470798437e+00
Title=Analysis
# xlow	 xhigh	 val	 errminus	 errplus
5.000000e-01	5.050000e-01	0.000000e+00	0.000000e+00	0.000000e+00
5.050000e-01	5.100000e-01	0.000000e+00	0.000000e+00	0.000000e+00
5.100000e-01	5.150000e-01	0.000000e+00	0.000000e+00	0.000000e+00
5.150000e-01	5.200000e-01	0.000000e+00	0.000000e+00	0.000000e+00
5.200000e-01	5.250000e-01	0.000000e+00	0.000000e+00	0.000000e+00
5.250000e-01	5.300000e-01	0.000000e+00	0.000000e+00	0.000000e+00
5.300000e-01	5.350000e-01	0.000000e+00	0.000000e+00	0.000000e+00
5.350000e-01	5.400000e-01	0.000000e+00	0.000000e+00	0.000000e+00
5.400000e-01	5.450000e-01	0.000000e+00	0.000000e+00	0.000000e+00
5.450000e-01	5.500000e-01	0.000000e+00	0.000000e+00	0.000000e+00
5.500000e-01	5.550000e-01	0.000000e+00	0.000000e+00	0.000000e+00
5.550000e-01	5.600000e-01	0.000000e+00	0.000000e+00	0.000000e+00
5.600000e-01	5.650000e-01	0.000000e+00	0.000000e+00	0.000000e+00
5.650000e-01	5.700000e-01	0.000000e+00	0.000000e+00	0.000000e+00
5.700000e-01	5.750000e-01	2.162094e+00	2.162095e+00	2.162095e+00
5.750000e-01	5.800000e-01	0.000000e+00	0.000000e+00	0.000000e+00
5.800000e-01	5.850000e-01	0.000000e+00	0.000000e+00	0.000000e+00
5.850000e-01	5.900000e-01	0.000000e+00	0.000000e+00	0.000000e+00
5.900000e-01	5.950000e-01	0.000000e+00	0.000000e+00	0.000000e+00
5.950000e-01	6.000000e-01	0.000000e+00	0.000000e+00	0.000000e+00
6.000000e-01	6.050000e-01	0.000000e+00	0.000000e+00	0.000000e+00
6.050000e-01	6.100000e-01	0.000000e+00	0.000000e+00	0.000000e+00
6.100000e-01	6.150000e-01	0.000000e+00	0.000000e+00	0.000000e+00
6.150000e-01	6.200000e-01	2.162094e+00	2.162095e+00	2.162095e+00
6.200000e-01	6.250000e-01	4.324190e+00	3.057664e+00	3.057664e+00
6.250000e-01	6.300000e-01	4.324190e+00	3.057664e+00	3.057664e+00
6.300000e-01	6.350000e-01	0.000000e+00	0.000000e+00	0.000000e+00
6.350000e-01	6.400000e-01	2.162094e+00	2.162095e+00	2.162095e+00
6.400000e-01	6.450000e-01	2.162094e+00	2.162095e+00	2.162095e+00
6.450000e-01	6.500000e-01	0.000000e+00	0.000000e+00	0.000000e+00
6.500000e-01	6.550000e-01	0.000000e+00	0.000000e+00	0.000000e+00
6.550000e-01	6.600000e-01	2.162094e+00	2.162095e+00	2.162095e+00
6.600000e-01	6.650000e-01	4.324190e+00	3.057664e+00	3.057664e+00
6.650000e-01	6.700000e-01	0.000000e+00	0.000000e+00	0.000000e+00
6.700000e-01	6.750000e-01	0.000000e+00	0.000000e+00	0.000000e+00
6.750000e-01	6.800000e-01	4.324190e+00	3.057664e+00	3.057664e+00
6.800000e-01	6.850000e-01	4.324190e+00	3.057664e+00	3.057664e+00
6.850000e-01	6.900000e-01	2.162094e+00	2.162095e+00	2.162095e+00
6.900000e-01	6.950000e-01	0.000000e+00	0.000000e+00	0.000000e+00
6.950000e-01	7.000000e-01	4.324190e+00	3.057664e+00	3.057664e+00
7.000000e-01	7.050000e-01	4.324190e+00	3.057664e+00	3.057664e+00
7.050000e-01	7.100000e-01	1.304695e+01	5.296551e+00	5.296551e+00
7.100000e-01	7.150000e-01	1.729676e+01	6.115328e+00	6.115328e+00
7.150000e-01	7.200000e-01	4.324190e+00	3.057664e+00	3.057664e+00
7.200000e-01	7.250000e-01	1.088485e+01	4.835163e+00	4.835163e+00
7.250000e-01	7.300000e-01	1.088562e+01	4.835175e+00	4.835175e+00
7.300000e-01	7.350000e-01	1.081047e+01	4.834591e+00	4.834591e+00
7.350000e-01	7.400000e-01	1.081047e+01	4.834591e+00	4.834591e+00
7.400000e-01	7.450000e-01	2.236472e+00	2.163374e+00	2.163374e+00
7.450000e-01	7.500000e-01	8.648380e+00	4.324190e+00	4.324190e+00
7.500000e-01	7.550000e-01	8.648380e+00	4.324190e+00	4.324190e+00
7.550000e-01	7.600000e-01	1.304695e+01	5.296551e+00	5.296551e+00
7.600000e-01	7.650000e-01	1.081047e+01	4.834591e+00	4.834591e+00
7.650000e-01	7.700000e-01	1.528489e+01	5.721352e+00	5.721352e+00
7.700000e-01	7.750000e-01	2.378304e+01	7.170858e+00	7.170858e+00
7.750000e-01	7.800000e-01	1.297257e+01	5.296029e+00	5.296029e+00
7.800000e-01	7.850000e-01	1.103361e+01	4.836307e+00	4.836307e+00
7.850000e-01	7.900000e-01	1.312132e+01	5.297074e+00	5.297074e+00
7.900000e-01	7.950000e-01	1.737114e+01	6.115780e+00	6.115780e+00
7.950000e-01	8.000000e-01	1.312132e+01	5.297074e+00	5.297074e+00
8.000000e-01	8.050000e-01	2.609390e+01	7.490455e+00	7.490455e+00
8.050000e-01	8.100000e-01	1.297257e+01	5.296029e+00	5.296029e+00
8.100000e-01	8.150000e-01	1.543217e+01	5.722299e+00	5.722299e+00
8.150000e-01	8.200000e-01	1.960761e+01	6.487138e+00	6.487138e+00
8.200000e-01	8.250000e-01	2.609390e+01	7.490455e+00	7.490455e+00
8.250000e-01	8.300000e-01	1.304695e+01	5.296551e+00	5.296551e+00
8.300000e-01	8.350000e-01	2.184408e+01	6.838357e+00	6.838357e+00
8.350000e-01	8.400000e-01	3.049384e+01	8.091215e+00	8.091215e+00
8.400000e-01	8.450000e-01	2.191846e+01	6.838763e+00	6.838763e+00
8.450000e-01	8.500000e-01	2.594514e+01	7.489716e+00	7.489716e+00
8.500000e-01	8.550000e-01	2.005388e+01	6.489696e+00	6.489696e+00
8.550000e-01	8.600000e-01	1.737114e+01	6.115780e+00	6.115780e+00
8.600000e-01	8.650000e-01	1.543217e+01	5.722299e+00	5.722299e+00
8.650000e-01	8.700000e-01	3.056684e+01	8.091185e+00	8.091185e+00
8.700000e-01	8.750000e-01	1.968199e+01	6.487563e+00	6.487563e+00
8.750000e-01	8.800000e-01	2.393180e+01	7.171630e+00	7.171630e+00
8.800000e-01	8.850000e-01	2.609390e+01	7.490455e+00	7.490455e+00
8.850000e-01	8.900000e-01	2.847912e+01	7.797317e+00	7.797317e+00
8.900000e-01	8.950000e-01	2.393180e+01	7.171630e+00	7.171630e+00
8.950000e-01	9.000000e-01	1.520904e+01	5.720849e+00	5.720849e+00
9.000000e-01	9.050000e-01	1.953323e+01	6.486709e+00	6.486709e+00
9.050000e-01	9.100000e-01	3.258018e+01	8.374418e+00	8.374418e+00
9.100000e-01	9.150000e-01	2.176970e+01	6.837953e+00	6.837953e+00
9.150000e-01	9.200000e-01	3.258018e+01	8.374418e+00	8.374418e+00
9.200000e-01	9.250000e-01	3.034370e+01	8.090159e+00	8.090159e+00
9.250000e-01	9.300000e-01	3.258018e+01	8.374418e+00	8.374418e+00
9.300000e-01	9.350000e-01	2.609390e+01	7.490455e+00	7.490455e+00
9.350000e-01	9.400000e-01	3.705312e+01	8.915786e+00	8.915786e+00
9.400000e-01	9.450000e-01	4.130294e+01	9.425234e+00	9.425234e+00
9.450000e-01	9.500000e-01	4.547836e+01	9.908243e+00	9.908243e+00
9.500000e-01	9.550000e-01	6.068742e+01	1.144121e+01	1.144121e+01
9.550000e-01	9.600000e-01	5.420112e+01	1.081099e+01	1.081099e+01
9.600000e-01	9.650000e-01	7.582208e+01	1.279156e+01	1.279156e+01
9.650000e-01	9.700000e-01	7.783542e+01	1.297257e+01	1.297257e+01
9.700000e-01	9.750000e-01	9.311884e+01	1.417819e+01	1.417819e+01
9.750000e-01	9.800000e-01	6.926142e+01	1.223088e+01	1.223088e+01
9.800000e-01	9.850000e-01	8.872190e+01	1.384437e+01	1.384437e+01
9.850000e-01	9.900000e-01	9.520656e+01	1.434191e+01	1.434191e+01
9.900000e-01	9.950000e-01	7.351122e+01	1.260707e+01	1.260707e+01
9.950000e-01	1.000000e+00	2.162094e+00	2.162095e+00	2.162095e+00
# END HISTO1D

