# BEGIN PLOT
Legend=1
LogY=0
DrawOnly=//mt/home/mbridge/Work/MyHiggsstrahlungV2/MyHiggsstrahlungHZZ/Analysis.yoda/MyHAnalysis/H_T
LegendOnly=//mt/home/mbridge/Work/MyHiggsstrahlungV2/MyHiggsstrahlungHZZ/Analysis.yoda/MyHAnalysis/H_T
# END PLOT

# BEGIN HISTO1D //mt/home/mbridge/Work/MyHiggsstrahlungV2/MyHiggsstrahlungHZZ/Analysis.yoda/MyHAnalysis/H_T
LineColor=red
LineStyle=solid
Path=//mt/home/mbridge/Work/MyHiggsstrahlungV2/MyHiggsstrahlungHZZ/Analysis.yoda/MyHAnalysis/H_T
ScaledBy=6.22855031863678438e-02
Title=Analysis
# xlow	 xhigh	 val	 errminus	 errplus
5.000000e-01	5.050000e-01	0.000000e+00	0.000000e+00	0.000000e+00
5.050000e-01	5.100000e-01	0.000000e+00	0.000000e+00	0.000000e+00
5.100000e-01	5.150000e-01	0.000000e+00	0.000000e+00	0.000000e+00
5.150000e-01	5.200000e-01	0.000000e+00	0.000000e+00	0.000000e+00
5.200000e-01	5.250000e-01	0.000000e+00	0.000000e+00	0.000000e+00
5.250000e-01	5.300000e-01	0.000000e+00	0.000000e+00	0.000000e+00
5.300000e-01	5.350000e-01	0.000000e+00	0.000000e+00	0.000000e+00
5.350000e-01	5.400000e-01	0.000000e+00	0.000000e+00	0.000000e+00
5.400000e-01	5.450000e-01	0.000000e+00	0.000000e+00	0.000000e+00
5.450000e-01	5.500000e-01	4.573480e-03	4.573480e-03	4.573480e-03
5.500000e-01	5.550000e-01	0.000000e+00	0.000000e+00	0.000000e+00
5.550000e-01	5.600000e-01	4.573480e-03	4.573480e-03	4.573480e-03
5.600000e-01	5.650000e-01	0.000000e+00	0.000000e+00	0.000000e+00
5.650000e-01	5.700000e-01	4.573480e-03	4.573480e-03	4.573480e-03
5.700000e-01	5.750000e-01	4.573480e-03	4.573480e-03	4.573480e-03
5.750000e-01	5.800000e-01	9.146960e-03	6.467878e-03	6.467878e-03
5.800000e-01	5.850000e-01	1.372044e-02	7.921500e-03	7.921500e-03
5.850000e-01	5.900000e-01	3.201436e-02	1.210029e-02	1.210029e-02
5.900000e-01	5.950000e-01	2.744088e-02	1.120269e-02	1.120269e-02
5.950000e-01	6.000000e-01	3.201436e-02	1.210029e-02	1.210029e-02
6.000000e-01	6.050000e-01	1.829392e-02	9.146960e-03	9.146960e-03
6.050000e-01	6.100000e-01	1.097635e-01	2.240538e-02	2.240538e-02
6.100000e-01	6.150000e-01	7.774916e-02	1.885694e-02	1.885694e-02
6.150000e-01	6.200000e-01	7.317568e-02	1.829392e-02	1.829392e-02
6.200000e-01	6.250000e-01	1.143370e-01	2.286740e-02	2.286740e-02
6.250000e-01	6.300000e-01	1.554983e-01	2.666774e-02	2.666774e-02
6.300000e-01	6.350000e-01	2.012398e-01	3.033806e-02	3.033806e-02
6.350000e-01	6.400000e-01	1.829408e-01	2.892549e-02	2.892549e-02
6.400000e-01	6.450000e-01	2.333718e-01	3.267881e-02	3.267881e-02
6.450000e-01	6.500000e-01	2.789822e-01	3.572002e-02	3.572002e-02
6.500000e-01	6.550000e-01	3.933192e-01	4.241271e-02	4.241271e-02
6.550000e-01	6.600000e-01	3.475844e-01	3.987068e-02	3.987068e-02
6.600000e-01	6.650000e-01	3.750254e-01	4.141463e-02	4.141463e-02
6.650000e-01	6.700000e-01	4.939596e-01	4.753129e-02	4.753129e-02
6.700000e-01	6.750000e-01	5.854054e-01	5.174302e-02	5.174302e-02
6.750000e-01	6.800000e-01	6.402958e-01	5.411487e-02	5.411487e-02
6.800000e-01	6.850000e-01	6.860856e-01	5.601869e-02	5.601869e-02
6.850000e-01	6.900000e-01	6.677810e-01	5.526597e-02	5.526597e-02
6.900000e-01	6.950000e-01	7.729182e-01	5.945524e-02	5.945524e-02
6.950000e-01	7.000000e-01	8.323814e-01	6.170022e-02	6.170022e-02
7.000000e-01	7.050000e-01	8.277998e-01	6.152988e-02	6.152988e-02
7.050000e-01	7.100000e-01	1.033606e+00	6.875449e-02	6.875449e-02
7.100000e-01	7.150000e-01	1.257711e+00	7.584284e-02	7.584284e-02
7.150000e-01	7.200000e-01	1.243991e+00	7.542801e-02	7.542801e-02
7.200000e-01	7.250000e-01	1.271438e+00	7.625575e-02	7.625575e-02
7.250000e-01	7.300000e-01	1.468140e+00	8.194361e-02	8.194361e-02
7.300000e-01	7.350000e-01	1.806665e+00	9.090327e-02	9.090327e-02
7.350000e-01	7.400000e-01	1.838604e+00	9.170125e-02	9.170125e-02
7.400000e-01	7.450000e-01	1.966652e+00	9.484041e-02	9.484041e-02
7.450000e-01	7.500000e-01	2.437670e+00	1.055872e-01	1.055872e-01
7.500000e-01	7.550000e-01	2.744132e+00	1.120287e-01	1.120287e-01
7.550000e-01	7.600000e-01	2.922670e+00	1.156192e-01	1.156192e-01
7.600000e-01	7.650000e-01	3.101002e+00	1.190933e-01	1.190933e-01
7.650000e-01	7.700000e-01	3.764106e+00	1.312085e-01	1.312085e-01
7.700000e-01	7.750000e-01	4.084236e+00	1.366738e-01	1.366738e-01
7.750000e-01	7.800000e-01	4.308300e+00	1.403720e-01	1.403720e-01
7.800000e-01	7.850000e-01	4.560034e+00	1.444178e-01	1.444178e-01
7.850000e-01	7.900000e-01	4.797812e+00	1.481343e-01	1.481343e-01
7.900000e-01	7.950000e-01	5.145296e+00	1.534031e-01	1.534031e-01
7.950000e-01	8.000000e-01	5.620940e+00	1.603367e-01	1.603367e-01
8.000000e-01	8.050000e-01	5.493084e+00	1.585057e-01	1.585057e-01
8.050000e-01	8.100000e-01	5.575556e+00	1.596933e-01	1.596933e-01
8.100000e-01	8.150000e-01	5.836136e+00	1.633805e-01	1.633805e-01
8.150000e-01	8.200000e-01	5.721690e+00	1.617692e-01	1.617692e-01
8.200000e-01	8.250000e-01	6.096482e+00	1.669799e-01	1.669799e-01
8.250000e-01	8.300000e-01	6.050714e+00	1.663515e-01	1.663515e-01
8.300000e-01	8.350000e-01	6.247466e+00	1.690357e-01	1.690357e-01
8.350000e-01	8.400000e-01	6.032476e+00	1.661014e-01	1.661014e-01
8.400000e-01	8.450000e-01	6.183698e+00	1.681745e-01	1.681745e-01
8.450000e-01	8.500000e-01	6.078396e+00	1.667350e-01	1.667350e-01
8.500000e-01	8.550000e-01	5.790376e+00	1.627385e-01	1.627385e-01
8.550000e-01	8.600000e-01	6.059978e+00	1.664804e-01	1.664804e-01
8.600000e-01	8.650000e-01	5.694084e+00	1.613761e-01	1.613761e-01
8.650000e-01	8.700000e-01	5.502202e+00	1.586368e-01	1.586368e-01
8.700000e-01	8.750000e-01	5.318978e+00	1.559690e-01	1.559690e-01
8.750000e-01	8.800000e-01	4.879990e+00	1.493952e-01	1.493952e-01
8.800000e-01	8.850000e-01	5.053720e+00	1.520302e-01	1.520302e-01
8.850000e-01	8.900000e-01	4.669620e+00	1.461399e-01	1.461399e-01
8.900000e-01	8.950000e-01	4.331178e+00	1.407444e-01	1.407444e-01
8.950000e-01	9.000000e-01	4.331108e+00	1.407421e-01	1.407421e-01
9.000000e-01	9.050000e-01	3.658868e+00	1.293606e-01	1.293606e-01
9.050000e-01	9.100000e-01	3.517006e+00	1.268265e-01	1.268265e-01
9.100000e-01	9.150000e-01	3.233450e+00	1.216064e-01	1.216064e-01
9.150000e-01	9.200000e-01	2.931746e+00	1.157971e-01	1.157971e-01
9.200000e-01	9.250000e-01	2.469834e+00	1.062848e-01	1.062848e-01
9.250000e-01	9.300000e-01	2.209038e+00	1.005147e-01	1.005147e-01
9.300000e-01	9.350000e-01	1.760833e+00	8.974036e-02	8.974036e-02
9.350000e-01	9.400000e-01	1.422483e+00	8.066169e-02	8.066169e-02
9.400000e-01	9.450000e-01	1.321736e+00	7.774916e-02	7.774916e-02
9.450000e-01	9.500000e-01	9.330514e-01	6.532669e-02	6.532669e-02
9.500000e-01	9.550000e-01	8.003590e-01	6.050145e-02	6.050145e-02
9.550000e-01	9.600000e-01	4.985094e-01	4.774853e-02	4.774853e-02
9.600000e-01	9.650000e-01	2.972762e-01	3.687258e-02	3.687258e-02
9.650000e-01	9.700000e-01	2.378210e-01	3.297984e-02	3.297984e-02
9.700000e-01	9.750000e-01	9.146960e-02	2.045322e-02	2.045322e-02
9.750000e-01	9.800000e-01	4.116132e-02	1.372044e-02	1.372044e-02
9.800000e-01	9.850000e-01	3.658784e-02	1.293576e-02	1.293576e-02
9.850000e-01	9.900000e-01	1.372044e-02	7.921500e-03	7.921500e-03
9.900000e-01	9.950000e-01	4.573480e-03	4.573480e-03	4.573480e-03
9.950000e-01	1.000000e+00	0.000000e+00	0.000000e+00	0.000000e+00
# END HISTO1D

