# BEGIN PLOT
Legend=1
LogY=1
DrawOnly=//mt/home/mbridge/Work/tmp/Analysis.yoda/MyAnalysis/Pt
LegendOnly=//mt/home/mbridge/Work/tmp/Analysis.yoda/MyAnalysis/Pt
# END PLOT

# BEGIN HISTO1D //mt/home/mbridge/Work/tmp/Analysis.yoda/MyAnalysis/Pt
LineColor=red
LineStyle=solid
Path=//mt/home/mbridge/Work/tmp/Analysis.yoda/MyAnalysis/Pt
ScaledBy=2.67831073534203712e-01
Title=Analysis
# xlow	 xhigh	 val	 errminus	 errplus
0.000000e+00	4.000000e-01	1.113237e+00	2.733965e-03	2.733965e-03
4.000000e-01	8.000000e-01	4.350637e-01	1.709131e-03	1.709131e-03
8.000000e-01	1.200000e+00	2.279222e-01	1.237064e-03	1.237064e-03
1.200000e+00	1.600000e+00	1.356951e-01	9.545113e-04	9.545113e-04
1.600000e+00	2.000000e+00	8.917205e-02	7.737727e-04	7.737727e-04
2.000000e+00	2.400000e+00	5.986433e-02	6.339909e-04	6.339909e-04
2.400000e+00	2.800000e+00	4.356883e-02	5.408625e-04	5.408625e-04
2.800000e+00	3.200000e+00	3.088557e-02	4.553831e-04	4.553831e-04
3.200000e+00	3.600000e+00	2.151920e-02	3.801124e-04	3.801124e-04
3.600000e+00	4.000000e+00	1.743021e-02	3.420978e-04	3.420978e-04
4.000000e+00	4.400000e+00	1.291823e-02	2.945103e-04	2.945103e-04
4.400000e+00	4.800000e+00	1.030639e-02	2.630585e-04	2.630585e-04
4.800000e+00	5.200000e+00	8.030252e-03	2.322007e-04	2.322007e-04
5.200000e+00	5.600000e+00	6.479258e-03	2.085747e-04	2.085747e-04
5.600000e+00	6.000000e+00	5.015550e-03	1.835094e-04	1.835094e-04
6.000000e+00	6.400000e+00	3.988270e-03	1.636407e-04	1.636407e-04
6.400000e+00	6.800000e+00	3.397415e-03	1.510335e-04	1.510335e-04
6.800000e+00	7.200000e+00	3.175842e-03	1.460254e-04	1.460254e-04
7.200000e+00	7.600000e+00	2.584990e-03	1.317432e-04	1.317432e-04
7.600000e+00	8.000000e+00	2.269419e-03	1.234401e-04	1.234401e-04
8.000000e+00	8.400000e+00	1.926992e-03	1.137467e-04	1.137467e-04
8.400000e+00	8.800000e+00	1.685278e-03	1.063738e-04	1.063738e-04
8.800000e+00	9.200000e+00	1.725564e-03	1.076377e-04	1.076377e-04
9.200000e+00	9.600000e+00	1.315994e-03	9.399960e-05	9.399960e-05
9.600000e+00	1.000000e+01	1.456994e-03	9.890719e-05	9.890719e-05
1.000000e+01	1.040000e+01	1.436851e-03	9.822112e-05	9.822112e-05
1.040000e+01	1.080000e+01	1.268995e-03	9.230578e-05	9.230578e-05
1.080000e+01	1.120000e+01	1.235423e-03	9.107662e-05	9.107662e-05
1.120000e+01	1.160000e+01	1.208566e-03	9.008121e-05	9.008121e-05
1.160000e+01	1.200000e+01	1.188423e-03	8.932738e-05	8.932738e-05
1.200000e+01	1.240000e+01	1.235423e-03	9.107662e-05	9.107662e-05
1.240000e+01	1.280000e+01	1.148138e-03	8.780031e-05	8.780031e-05
1.280000e+01	1.320000e+01	1.154852e-03	8.805666e-05	8.805666e-05
1.320000e+01	1.360000e+01	1.315994e-03	9.399960e-05	9.399960e-05
1.360000e+01	1.400000e+01	1.134709e-03	8.728534e-05	8.728534e-05
1.400000e+01	1.440000e+01	1.087710e-03	8.545854e-05	8.545854e-05
1.440000e+01	1.480000e+01	1.101138e-03	8.598445e-05	8.598445e-05
1.480000e+01	1.520000e+01	1.262281e-03	9.206126e-05	9.206126e-05
1.520000e+01	1.560000e+01	1.268995e-03	9.230578e-05	9.230578e-05
1.560000e+01	1.600000e+01	1.315994e-03	9.399960e-05	9.399960e-05
1.600000e+01	1.640000e+01	1.456994e-03	9.890719e-05	9.890719e-05
1.640000e+01	1.680000e+01	1.188423e-03	8.932738e-05	8.932738e-05
1.680000e+01	1.720000e+01	1.201852e-03	8.983064e-05	8.983064e-05
1.720000e+01	1.760000e+01	1.235423e-03	9.107662e-05	9.107662e-05
1.760000e+01	1.800000e+01	1.302566e-03	9.351878e-05	9.351878e-05
1.800000e+01	1.840000e+01	1.423423e-03	9.776106e-05	9.776106e-05
1.840000e+01	1.880000e+01	1.336137e-03	9.471625e-05	9.471625e-05
1.880000e+01	1.920000e+01	1.557708e-03	1.022685e-04	1.022685e-04
1.920000e+01	1.960000e+01	1.423422e-03	9.776106e-05	9.776106e-05
1.960000e+01	2.000000e+01	1.315995e-03	9.399960e-05	9.399960e-05
2.000000e+01	2.040000e+01	1.503994e-03	1.004898e-04	1.004898e-04
2.040000e+01	2.080000e+01	1.530851e-03	1.013831e-04	1.013831e-04
2.080000e+01	2.120000e+01	1.671850e-03	1.059492e-04	1.059492e-04
2.120000e+01	2.160000e+01	1.671850e-03	1.059492e-04	1.059492e-04
2.160000e+01	2.200000e+01	1.752421e-03	1.084721e-04	1.084721e-04
2.200000e+01	2.240000e+01	1.812850e-03	1.103265e-04	1.103265e-04
2.240000e+01	2.280000e+01	1.759135e-03	1.086797e-04	1.086797e-04
2.280000e+01	2.320000e+01	1.832992e-03	1.109377e-04	1.109377e-04
2.320000e+01	2.360000e+01	1.738993e-03	1.080557e-04	1.080557e-04
2.360000e+01	2.400000e+01	1.732279e-03	1.078469e-04	1.078469e-04
2.400000e+01	2.440000e+01	1.698707e-03	1.067968e-04	1.067968e-04
2.440000e+01	2.480000e+01	1.799421e-03	1.099171e-04	1.099171e-04
2.480000e+01	2.520000e+01	1.866564e-03	1.119490e-04	1.119490e-04
2.520000e+01	2.560000e+01	1.853135e-03	1.115456e-04	1.115456e-04
2.560000e+01	2.600000e+01	2.188848e-03	1.212291e-04	1.212291e-04
2.600000e+01	2.640000e+01	2.108277e-03	1.189769e-04	1.189769e-04
2.640000e+01	2.680000e+01	2.034420e-03	1.168744e-04	1.168744e-04
2.680000e+01	2.720000e+01	2.182134e-03	1.210430e-04	1.210430e-04
2.720000e+01	2.760000e+01	2.289562e-03	1.239867e-04	1.239867e-04
2.760000e+01	2.800000e+01	2.484275e-03	1.291513e-04	1.291513e-04
2.800000e+01	2.840000e+01	2.276133e-03	1.236226e-04	1.236226e-04
2.840000e+01	2.880000e+01	2.370133e-03	1.261494e-04	1.261494e-04
2.880000e+01	2.920000e+01	2.484275e-03	1.291513e-04	1.291513e-04
2.920000e+01	2.960000e+01	2.443990e-03	1.280999e-04	1.280999e-04
2.960000e+01	3.000000e+01	2.155277e-03	1.202958e-04	1.202958e-04
3.000000e+01	3.040000e+01	2.417133e-03	1.273941e-04	1.273941e-04
3.040000e+01	3.080000e+01	2.329847e-03	1.250728e-04	1.250728e-04
3.080000e+01	3.120000e+01	2.457418e-03	1.284513e-04	1.284513e-04
3.120000e+01	3.160000e+01	2.464132e-03	1.286267e-04	1.286267e-04
3.160000e+01	3.200000e+01	2.517848e-03	1.300210e-04	1.300210e-04
3.200000e+01	3.240000e+01	2.417133e-03	1.273941e-04	1.273941e-04
3.240000e+01	3.280000e+01	2.423847e-03	1.275709e-04	1.275709e-04
3.280000e+01	3.320000e+01	2.396990e-03	1.268622e-04	1.268622e-04
3.320000e+01	3.360000e+01	2.678988e-03	1.341172e-04	1.341172e-04
3.360000e+01	3.400000e+01	2.450704e-03	1.282757e-04	1.282757e-04
3.400000e+01	3.440000e+01	2.356704e-03	1.257916e-04	1.257916e-04
3.440000e+01	3.480000e+01	2.531275e-03	1.303673e-04	1.303673e-04
3.480000e+01	3.520000e+01	2.450704e-03	1.282757e-04	1.282757e-04
3.520000e+01	3.560000e+01	2.376847e-03	1.263280e-04	1.263280e-04
3.560000e+01	3.600000e+01	2.558133e-03	1.310571e-04	1.310571e-04
3.600000e+01	3.640000e+01	2.370133e-03	1.261494e-04	1.261494e-04
3.640000e+01	3.680000e+01	2.376847e-03	1.263280e-04	1.263280e-04
3.680000e+01	3.720000e+01	2.363418e-03	1.259706e-04	1.259706e-04
3.720000e+01	3.760000e+01	2.544703e-03	1.307126e-04	1.307126e-04
3.760000e+01	3.800000e+01	2.309705e-03	1.245309e-04	1.245309e-04
3.800000e+01	3.840000e+01	2.423847e-03	1.275709e-04	1.275709e-04
3.840000e+01	3.880000e+01	2.537990e-03	1.305401e-04	1.305401e-04
3.880000e+01	3.920000e+01	2.175419e-03	1.208566e-04	1.208566e-04
3.920000e+01	3.960000e+01	2.141848e-03	1.199205e-04	1.199205e-04
3.960000e+01	4.000000e+01	2.188848e-03	1.212291e-04	1.212291e-04
4.000000e+01	4.040000e+01	2.229134e-03	1.223396e-04	1.223396e-04
4.040000e+01	4.080000e+01	2.316419e-03	1.247118e-04	1.247118e-04
4.080000e+01	4.120000e+01	2.067991e-03	1.178347e-04	1.178347e-04
4.120000e+01	4.160000e+01	2.128420e-03	1.195440e-04	1.195440e-04
4.160000e+01	4.200000e+01	2.289562e-03	1.239867e-04	1.239867e-04
4.200000e+01	4.240000e+01	2.020992e-03	1.164880e-04	1.164880e-04
4.240000e+01	4.280000e+01	2.215705e-03	1.219705e-04	1.219705e-04
4.280000e+01	4.320000e+01	2.061277e-03	1.176433e-04	1.176433e-04
4.320000e+01	4.360000e+01	2.074706e-03	1.180259e-04	1.180259e-04
4.360000e+01	4.400000e+01	2.155277e-03	1.202958e-04	1.202958e-04
4.400000e+01	4.440000e+01	1.879992e-03	1.123510e-04	1.123510e-04
4.440000e+01	4.480000e+01	1.893421e-03	1.127516e-04	1.127516e-04
4.480000e+01	4.520000e+01	2.235848e-03	1.225237e-04	1.225237e-04
4.520000e+01	4.560000e+01	2.135134e-03	1.197324e-04	1.197324e-04
4.560000e+01	4.600000e+01	1.846421e-03	1.113434e-04	1.113434e-04
4.600000e+01	4.640000e+01	1.785993e-03	1.095062e-04	1.095062e-04
4.640000e+01	4.680000e+01	1.973992e-03	1.151255e-04	1.151255e-04
4.680000e+01	4.720000e+01	1.839706e-03	1.111407e-04	1.111407e-04
4.720000e+01	4.760000e+01	2.155277e-03	1.202958e-04	1.202958e-04
4.760000e+01	4.800000e+01	1.920278e-03	1.135484e-04	1.135484e-04
4.800000e+01	4.840000e+01	1.832992e-03	1.109377e-04	1.109377e-04
4.840000e+01	4.880000e+01	2.000849e-03	1.159061e-04	1.159061e-04
4.880000e+01	4.920000e+01	1.900135e-03	1.129513e-04	1.129513e-04
4.920000e+01	4.960000e+01	1.671850e-03	1.059492e-04	1.059492e-04
4.960000e+01	5.000000e+01	1.631565e-03	1.046649e-04	1.046649e-04
5.000000e+01	5.040000e+01	1.933706e-03	1.139447e-04	1.139447e-04
5.040000e+01	5.080000e+01	1.644993e-03	1.050947e-04	1.050947e-04
5.080000e+01	5.120000e+01	1.765850e-03	1.088870e-04	1.088870e-04
5.120000e+01	5.160000e+01	1.926992e-03	1.137467e-04	1.137467e-04
5.160000e+01	5.200000e+01	1.631565e-03	1.046649e-04	1.046649e-04
5.200000e+01	5.240000e+01	1.638279e-03	1.048801e-04	1.048801e-04
5.240000e+01	5.280000e+01	1.759136e-03	1.086797e-04	1.086797e-04
5.280000e+01	5.320000e+01	1.826278e-03	1.107344e-04	1.107344e-04
5.320000e+01	5.360000e+01	1.725564e-03	1.076377e-04	1.076377e-04
5.360000e+01	5.400000e+01	1.718850e-03	1.074281e-04	1.074281e-04
5.400000e+01	5.440000e+01	1.631565e-03	1.046649e-04	1.046649e-04
5.440000e+01	5.480000e+01	1.483851e-03	9.981461e-05	9.981461e-05
5.480000e+01	5.520000e+01	1.557708e-03	1.022685e-04	1.022685e-04
5.520000e+01	5.560000e+01	1.389851e-03	9.660134e-05	9.660134e-05
5.560000e+01	5.600000e+01	1.671850e-03	1.059492e-04	1.059492e-04
5.600000e+01	5.640000e+01	1.463708e-03	9.913482e-05	9.913482e-05
5.640000e+01	5.680000e+01	1.383137e-03	9.636772e-05	9.636772e-05
5.680000e+01	5.720000e+01	1.369708e-03	9.589877e-05	9.589877e-05
5.720000e+01	5.760000e+01	1.537565e-03	1.016051e-04	1.016051e-04
5.760000e+01	5.800000e+01	1.430137e-03	9.799136e-05	9.799136e-05
5.800000e+01	5.840000e+01	1.322709e-03	9.423909e-05	9.423909e-05
5.840000e+01	5.880000e+01	1.396566e-03	9.683439e-05	9.683439e-05
5.880000e+01	5.920000e+01	1.275709e-03	9.254965e-05	9.254965e-05
5.920000e+01	5.960000e+01	1.148138e-03	8.780031e-05	8.780031e-05
5.960000e+01	6.000000e+01	1.114567e-03	8.650715e-05	8.650715e-05
6.000000e+01	6.040000e+01	1.174995e-03	8.882127e-05	8.882127e-05
6.040000e+01	6.080000e+01	1.148138e-03	8.780031e-05	8.780031e-05
6.080000e+01	6.120000e+01	1.114567e-03	8.650715e-05	8.650715e-05
6.120000e+01	6.160000e+01	1.007139e-03	8.223252e-05	8.223252e-05
6.160000e+01	6.200000e+01	1.040710e-03	8.359183e-05	8.359183e-05
6.200000e+01	6.240000e+01	9.601388e-04	8.029084e-05	8.029084e-05
6.240000e+01	6.280000e+01	9.668530e-04	8.057109e-05	8.057109e-05
6.280000e+01	6.320000e+01	1.094424e-03	8.572190e-05	8.572190e-05
6.320000e+01	6.360000e+01	1.033996e-03	8.332174e-05	8.332174e-05
6.360000e+01	6.400000e+01	9.802815e-04	8.112868e-05	8.112868e-05
6.400000e+01	6.440000e+01	8.862820e-04	7.714094e-05	7.714094e-05
6.440000e+01	6.480000e+01	1.033996e-03	8.332174e-05	8.332174e-05
6.480000e+01	6.520000e+01	7.654252e-04	7.168865e-05	7.168865e-05
6.520000e+01	6.560000e+01	7.855680e-04	7.262580e-05	7.262580e-05
6.560000e+01	6.600000e+01	7.519967e-04	7.105702e-05	7.105702e-05
6.600000e+01	6.640000e+01	7.721395e-04	7.200239e-05	7.200239e-05
6.640000e+01	6.680000e+01	7.654253e-04	7.168865e-05	7.168865e-05
6.680000e+01	6.720000e+01	7.251397e-04	6.977661e-05	6.977661e-05
6.720000e+01	6.760000e+01	7.318540e-04	7.009890e-05	7.009890e-05
6.760000e+01	6.800000e+01	6.244260e-04	6.474995e-05	6.474995e-05
6.800000e+01	6.840000e+01	6.512830e-04	6.612776e-05	6.612776e-05
6.840000e+01	6.880000e+01	5.371405e-04	6.005414e-05	6.005414e-05
6.880000e+01	6.920000e+01	6.042832e-04	6.369704e-05	6.369704e-05
6.920000e+01	6.960000e+01	5.707118e-04	6.190239e-05	6.190239e-05
6.960000e+01	7.000000e+01	5.371405e-04	6.005414e-05	6.005414e-05
7.000000e+01	7.040000e+01	5.169977e-04	5.891737e-05	5.891737e-05
7.040000e+01	7.080000e+01	6.378545e-04	6.544248e-05	6.544248e-05
7.080000e+01	7.120000e+01	5.237120e-04	5.929871e-05	5.929871e-05
7.120000e+01	7.160000e+01	5.707118e-04	6.190239e-05	6.190239e-05
7.160000e+01	7.200000e+01	5.908547e-04	6.298532e-05	6.298532e-05
7.200000e+01	7.240000e+01	4.498552e-04	5.495856e-05	5.495856e-05
7.240000e+01	7.280000e+01	4.095698e-04	5.244003e-05	5.244003e-05
7.280000e+01	7.320000e+01	3.491415e-04	4.841720e-05	4.841720e-05
7.320000e+01	7.360000e+01	3.021415e-04	4.504061e-05	4.504061e-05
7.360000e+01	7.400000e+01	3.692842e-04	4.979426e-05	4.979426e-05
7.400000e+01	7.440000e+01	3.894270e-04	5.113426e-05	5.113426e-05
7.440000e+01	7.480000e+01	3.491415e-04	4.841720e-05	4.841720e-05
7.480000e+01	7.520000e+01	3.155700e-04	4.603063e-05	4.603063e-05
7.520000e+01	7.560000e+01	2.282848e-04	3.915051e-05	3.915051e-05
7.560000e+01	7.600000e+01	2.685702e-04	4.246469e-05	4.246469e-05
7.600000e+01	7.640000e+01	2.417133e-04	4.028554e-05	4.028554e-05
7.640000e+01	7.680000e+01	1.947135e-04	3.615738e-05	3.615738e-05
7.680000e+01	7.720000e+01	9.399960e-05	2.512245e-05	2.512245e-05
7.720000e+01	7.760000e+01	9.399960e-05	2.512245e-05	2.512245e-05
7.760000e+01	7.800000e+01	1.409994e-04	3.076859e-05	3.076859e-05
7.800000e+01	7.840000e+01	8.728535e-05	2.420860e-05	2.420860e-05
7.840000e+01	7.880000e+01	8.728535e-05	2.420860e-05	2.420860e-05
7.880000e+01	7.920000e+01	8.057110e-05	2.325887e-05	2.325887e-05
7.920000e+01	7.960000e+01	3.357128e-05	1.501354e-05	1.501354e-05
7.960000e+01	8.000000e+01	4.028555e-05	1.644650e-05	1.644650e-05
8.000000e+01	8.040000e+01	4.028555e-05	1.644650e-05	1.644650e-05
8.040000e+01	8.080000e+01	0.000000e+00	0.000000e+00	0.000000e+00
8.080000e+01	8.120000e+01	4.699980e-05	1.776425e-05	1.776425e-05
8.120000e+01	8.160000e+01	3.357128e-05	1.501354e-05	1.501354e-05
8.160000e+01	8.200000e+01	2.014277e-05	1.162943e-05	1.162943e-05
8.200000e+01	8.240000e+01	4.028555e-05	1.644650e-05	1.644650e-05
8.240000e+01	8.280000e+01	2.014277e-05	1.162943e-05	1.162943e-05
8.280000e+01	8.320000e+01	2.014277e-05	1.162943e-05	1.162943e-05
8.320000e+01	8.360000e+01	1.342852e-05	9.495394e-06	9.495394e-06
8.360000e+01	8.400000e+01	6.714257e-06	6.714257e-06	6.714257e-06
8.400000e+01	8.440000e+01	1.342851e-05	9.495394e-06	9.495394e-06
8.440000e+01	8.480000e+01	2.014277e-05	1.162943e-05	1.162943e-05
8.480000e+01	8.520000e+01	2.014277e-05	1.162943e-05	1.162943e-05
8.520000e+01	8.560000e+01	1.342852e-05	9.495394e-06	9.495394e-06
8.560000e+01	8.600000e+01	1.342851e-05	9.495394e-06	9.495394e-06
8.600000e+01	8.640000e+01	2.014277e-05	1.162943e-05	1.162943e-05
8.640000e+01	8.680000e+01	0.000000e+00	0.000000e+00	0.000000e+00
8.680000e+01	8.720000e+01	6.714257e-06	6.714257e-06	6.714257e-06
8.720000e+01	8.760000e+01	2.014277e-05	1.162943e-05	1.162943e-05
8.760000e+01	8.800000e+01	6.714257e-06	6.714257e-06	6.714257e-06
8.800000e+01	8.840000e+01	0.000000e+00	0.000000e+00	0.000000e+00
8.840000e+01	8.880000e+01	0.000000e+00	0.000000e+00	0.000000e+00
8.880000e+01	8.920000e+01	0.000000e+00	0.000000e+00	0.000000e+00
8.920000e+01	8.960000e+01	6.714258e-06	6.714257e-06	6.714257e-06
8.960000e+01	9.000000e+01	0.000000e+00	0.000000e+00	0.000000e+00
9.000000e+01	9.040000e+01	2.014277e-05	1.162943e-05	1.162943e-05
9.040000e+01	9.080000e+01	6.714258e-06	6.714257e-06	6.714257e-06
9.080000e+01	9.120000e+01	0.000000e+00	0.000000e+00	0.000000e+00
9.120000e+01	9.160000e+01	0.000000e+00	0.000000e+00	0.000000e+00
9.160000e+01	9.200000e+01	0.000000e+00	0.000000e+00	0.000000e+00
9.200000e+01	9.240000e+01	0.000000e+00	0.000000e+00	0.000000e+00
9.240000e+01	9.280000e+01	0.000000e+00	0.000000e+00	0.000000e+00
9.280000e+01	9.320000e+01	0.000000e+00	0.000000e+00	0.000000e+00
9.320000e+01	9.360000e+01	0.000000e+00	0.000000e+00	0.000000e+00
9.360000e+01	9.400000e+01	0.000000e+00	0.000000e+00	0.000000e+00
9.400000e+01	9.440000e+01	0.000000e+00	0.000000e+00	0.000000e+00
9.440000e+01	9.480000e+01	0.000000e+00	0.000000e+00	0.000000e+00
9.480000e+01	9.520000e+01	0.000000e+00	0.000000e+00	0.000000e+00
9.520000e+01	9.560000e+01	0.000000e+00	0.000000e+00	0.000000e+00
9.560000e+01	9.600000e+01	0.000000e+00	0.000000e+00	0.000000e+00
9.600000e+01	9.640000e+01	0.000000e+00	0.000000e+00	0.000000e+00
9.640000e+01	9.680000e+01	0.000000e+00	0.000000e+00	0.000000e+00
9.680000e+01	9.720000e+01	0.000000e+00	0.000000e+00	0.000000e+00
9.720000e+01	9.760000e+01	0.000000e+00	0.000000e+00	0.000000e+00
9.760000e+01	9.800000e+01	0.000000e+00	0.000000e+00	0.000000e+00
9.800000e+01	9.840000e+01	0.000000e+00	0.000000e+00	0.000000e+00
9.840000e+01	9.880000e+01	0.000000e+00	0.000000e+00	0.000000e+00
9.880000e+01	9.920000e+01	0.000000e+00	0.000000e+00	0.000000e+00
9.920000e+01	9.960000e+01	0.000000e+00	0.000000e+00	0.000000e+00
9.960000e+01	1.000000e+02	0.000000e+00	0.000000e+00	0.000000e+00
1.000000e+02	1.004000e+02	0.000000e+00	0.000000e+00	0.000000e+00
1.004000e+02	1.008000e+02	0.000000e+00	0.000000e+00	0.000000e+00
1.008000e+02	1.012000e+02	0.000000e+00	0.000000e+00	0.000000e+00
1.012000e+02	1.016000e+02	0.000000e+00	0.000000e+00	0.000000e+00
1.016000e+02	1.020000e+02	0.000000e+00	0.000000e+00	0.000000e+00
1.020000e+02	1.024000e+02	0.000000e+00	0.000000e+00	0.000000e+00
1.024000e+02	1.028000e+02	0.000000e+00	0.000000e+00	0.000000e+00
1.028000e+02	1.032000e+02	0.000000e+00	0.000000e+00	0.000000e+00
1.032000e+02	1.036000e+02	0.000000e+00	0.000000e+00	0.000000e+00
1.036000e+02	1.040000e+02	6.714257e-06	6.714257e-06	6.714257e-06
1.040000e+02	1.044000e+02	0.000000e+00	0.000000e+00	0.000000e+00
1.044000e+02	1.048000e+02	0.000000e+00	0.000000e+00	0.000000e+00
1.048000e+02	1.052000e+02	0.000000e+00	0.000000e+00	0.000000e+00
1.052000e+02	1.056000e+02	0.000000e+00	0.000000e+00	0.000000e+00
1.056000e+02	1.060000e+02	0.000000e+00	0.000000e+00	0.000000e+00
1.060000e+02	1.064000e+02	0.000000e+00	0.000000e+00	0.000000e+00
1.064000e+02	1.068000e+02	0.000000e+00	0.000000e+00	0.000000e+00
1.068000e+02	1.072000e+02	0.000000e+00	0.000000e+00	0.000000e+00
1.072000e+02	1.076000e+02	0.000000e+00	0.000000e+00	0.000000e+00
1.076000e+02	1.080000e+02	0.000000e+00	0.000000e+00	0.000000e+00
1.080000e+02	1.084000e+02	0.000000e+00	0.000000e+00	0.000000e+00
1.084000e+02	1.088000e+02	0.000000e+00	0.000000e+00	0.000000e+00
1.088000e+02	1.092000e+02	0.000000e+00	0.000000e+00	0.000000e+00
1.092000e+02	1.096000e+02	0.000000e+00	0.000000e+00	0.000000e+00
1.096000e+02	1.100000e+02	0.000000e+00	0.000000e+00	0.000000e+00
1.100000e+02	1.104000e+02	0.000000e+00	0.000000e+00	0.000000e+00
1.104000e+02	1.108000e+02	0.000000e+00	0.000000e+00	0.000000e+00
1.108000e+02	1.112000e+02	0.000000e+00	0.000000e+00	0.000000e+00
1.112000e+02	1.116000e+02	0.000000e+00	0.000000e+00	0.000000e+00
1.116000e+02	1.120000e+02	0.000000e+00	0.000000e+00	0.000000e+00
1.120000e+02	1.124000e+02	0.000000e+00	0.000000e+00	0.000000e+00
1.124000e+02	1.128000e+02	0.000000e+00	0.000000e+00	0.000000e+00
1.128000e+02	1.132000e+02	0.000000e+00	0.000000e+00	0.000000e+00
1.132000e+02	1.136000e+02	0.000000e+00	0.000000e+00	0.000000e+00
1.136000e+02	1.140000e+02	0.000000e+00	0.000000e+00	0.000000e+00
1.140000e+02	1.144000e+02	0.000000e+00	0.000000e+00	0.000000e+00
1.144000e+02	1.148000e+02	0.000000e+00	0.000000e+00	0.000000e+00
1.148000e+02	1.152000e+02	0.000000e+00	0.000000e+00	0.000000e+00
1.152000e+02	1.156000e+02	0.000000e+00	0.000000e+00	0.000000e+00
1.156000e+02	1.160000e+02	0.000000e+00	0.000000e+00	0.000000e+00
1.160000e+02	1.164000e+02	0.000000e+00	0.000000e+00	0.000000e+00
1.164000e+02	1.168000e+02	0.000000e+00	0.000000e+00	0.000000e+00
1.168000e+02	1.172000e+02	0.000000e+00	0.000000e+00	0.000000e+00
1.172000e+02	1.176000e+02	0.000000e+00	0.000000e+00	0.000000e+00
1.176000e+02	1.180000e+02	0.000000e+00	0.000000e+00	0.000000e+00
1.180000e+02	1.184000e+02	0.000000e+00	0.000000e+00	0.000000e+00
1.184000e+02	1.188000e+02	0.000000e+00	0.000000e+00	0.000000e+00
1.188000e+02	1.192000e+02	0.000000e+00	0.000000e+00	0.000000e+00
1.192000e+02	1.196000e+02	0.000000e+00	0.000000e+00	0.000000e+00
1.196000e+02	1.200000e+02	0.000000e+00	0.000000e+00	0.000000e+00
# END HISTO1D

