# BEGIN PLOT
Legend=1
LogY=0
DrawOnly=//mt/home/mbridge/Work/MyHiggsstrahlungV2/MyHiggsstrahlungHZZ/Analysis.yoda/MyZAnalysis/Z_mass
LegendOnly=//mt/home/mbridge/Work/MyHiggsstrahlungV2/MyHiggsstrahlungHZZ/Analysis.yoda/MyZAnalysis/Z_mass
# END PLOT

# BEGIN HISTO1D //mt/home/mbridge/Work/MyHiggsstrahlungV2/MyHiggsstrahlungHZZ/Analysis.yoda/MyZAnalysis/Z_mass
LineColor=red
LineStyle=solid
Path=//mt/home/mbridge/Work/MyHiggsstrahlungV2/MyHiggsstrahlungHZZ/Analysis.yoda/MyZAnalysis/Z_mass
ScaledBy=6.22855031863678438e-02
Title=Analysis
# xlow	 xhigh	 val	 errminus	 errplus
7.100000e+01	7.140000e+01	0.000000e+00	0.000000e+00	0.000000e+00
7.140000e+01	7.180000e+01	0.000000e+00	0.000000e+00	0.000000e+00
7.180000e+01	7.220000e+01	0.000000e+00	0.000000e+00	0.000000e+00
7.220000e+01	7.260000e+01	0.000000e+00	0.000000e+00	0.000000e+00
7.260000e+01	7.300000e+01	0.000000e+00	0.000000e+00	0.000000e+00
7.300000e+01	7.340000e+01	0.000000e+00	0.000000e+00	0.000000e+00
7.340000e+01	7.380000e+01	0.000000e+00	0.000000e+00	0.000000e+00
7.380000e+01	7.420000e+01	0.000000e+00	0.000000e+00	0.000000e+00
7.420000e+01	7.460000e+01	0.000000e+00	0.000000e+00	0.000000e+00
7.460000e+01	7.500000e+01	0.000000e+00	0.000000e+00	0.000000e+00
7.500000e+01	7.540000e+01	0.000000e+00	0.000000e+00	0.000000e+00
7.540000e+01	7.580000e+01	0.000000e+00	0.000000e+00	0.000000e+00
7.580000e+01	7.620000e+01	0.000000e+00	0.000000e+00	0.000000e+00
7.620000e+01	7.660000e+01	0.000000e+00	0.000000e+00	0.000000e+00
7.660000e+01	7.700000e+01	0.000000e+00	0.000000e+00	0.000000e+00
7.700000e+01	7.740000e+01	0.000000e+00	0.000000e+00	0.000000e+00
7.740000e+01	7.780000e+01	0.000000e+00	0.000000e+00	0.000000e+00
7.780000e+01	7.820000e+01	0.000000e+00	0.000000e+00	0.000000e+00
7.820000e+01	7.860000e+01	0.000000e+00	0.000000e+00	0.000000e+00
7.860000e+01	7.900000e+01	0.000000e+00	0.000000e+00	0.000000e+00
7.900000e+01	7.940000e+01	0.000000e+00	0.000000e+00	0.000000e+00
7.940000e+01	7.980000e+01	0.000000e+00	0.000000e+00	0.000000e+00
7.980000e+01	8.020000e+01	0.000000e+00	0.000000e+00	0.000000e+00
8.020000e+01	8.060000e+01	0.000000e+00	0.000000e+00	0.000000e+00
8.060000e+01	8.100000e+01	0.000000e+00	0.000000e+00	0.000000e+00
8.100000e+01	8.140000e+01	0.000000e+00	0.000000e+00	0.000000e+00
8.140000e+01	8.180000e+01	0.000000e+00	0.000000e+00	0.000000e+00
8.180000e+01	8.220000e+01	0.000000e+00	0.000000e+00	0.000000e+00
8.220000e+01	8.260000e+01	0.000000e+00	0.000000e+00	0.000000e+00
8.260000e+01	8.300000e+01	0.000000e+00	0.000000e+00	0.000000e+00
8.300000e+01	8.340000e+01	0.000000e+00	0.000000e+00	0.000000e+00
8.340000e+01	8.380000e+01	0.000000e+00	0.000000e+00	0.000000e+00
8.380000e+01	8.420000e+01	0.000000e+00	0.000000e+00	0.000000e+00
8.420000e+01	8.460000e+01	0.000000e+00	0.000000e+00	0.000000e+00
8.460000e+01	8.500000e+01	0.000000e+00	0.000000e+00	0.000000e+00
8.500000e+01	8.540000e+01	0.000000e+00	0.000000e+00	0.000000e+00
8.540000e+01	8.580000e+01	0.000000e+00	0.000000e+00	0.000000e+00
8.580000e+01	8.620000e+01	0.000000e+00	0.000000e+00	0.000000e+00
8.620000e+01	8.660000e+01	1.750557e-02	1.000734e-03	1.000734e-03
8.660000e+01	8.700000e+01	2.195940e-02	1.120615e-03	1.120615e-03
8.700000e+01	8.740000e+01	2.693410e-02	1.241061e-03	1.241061e-03
8.740000e+01	8.780000e+01	3.671180e-02	1.448902e-03	1.448902e-03
8.780000e+01	8.820000e+01	3.848572e-02	1.483519e-03	1.483519e-03
8.820000e+01	8.860000e+01	4.945395e-02	1.681485e-03	1.681485e-03
8.860000e+01	8.900000e+01	6.203347e-02	1.883265e-03	1.883265e-03
8.900000e+01	8.940000e+01	8.495655e-02	2.203878e-03	2.203878e-03
8.940000e+01	8.980000e+01	1.155449e-01	2.570205e-03	2.570205e-03
8.980000e+01	9.020000e+01	1.569322e-01	2.995304e-03	2.995304e-03
9.020000e+01	9.060000e+01	2.171291e-01	3.523227e-03	3.523227e-03
9.060000e+01	9.100000e+01	2.775550e-01	3.983406e-03	3.983406e-03
9.100000e+01	9.140000e+01	3.011647e-01	4.149361e-03	4.149361e-03
9.140000e+01	9.180000e+01	2.801828e-01	4.002203e-03	4.002203e-03
9.180000e+01	9.220000e+01	2.083220e-01	3.451008e-03	3.451008e-03
9.220000e+01	9.260000e+01	1.615010e-01	3.038547e-03	3.038547e-03
9.260000e+01	9.300000e+01	1.092490e-01	2.499120e-03	2.499120e-03
9.300000e+01	9.340000e+01	8.575275e-02	2.214127e-03	2.214127e-03
9.340000e+01	9.380000e+01	6.402873e-02	1.913224e-03	1.913224e-03
9.380000e+01	9.420000e+01	4.876472e-02	1.669672e-03	1.669672e-03
9.420000e+01	9.460000e+01	3.727385e-02	1.459757e-03	1.459757e-03
9.460000e+01	9.500000e+01	3.252887e-02	1.363681e-03	1.363681e-03
9.500000e+01	9.540000e+01	2.612600e-02	1.222123e-03	1.222123e-03
9.540000e+01	9.580000e+01	2.183837e-02	1.117348e-03	1.117348e-03
9.580000e+01	9.620000e+01	1.806524e-02	1.016250e-03	1.016250e-03
9.620000e+01	9.660000e+01	0.000000e+00	0.000000e+00	0.000000e+00
9.660000e+01	9.700000e+01	0.000000e+00	0.000000e+00	0.000000e+00
9.700000e+01	9.740000e+01	0.000000e+00	0.000000e+00	0.000000e+00
9.740000e+01	9.780000e+01	0.000000e+00	0.000000e+00	0.000000e+00
9.780000e+01	9.820000e+01	0.000000e+00	0.000000e+00	0.000000e+00
9.820000e+01	9.860000e+01	0.000000e+00	0.000000e+00	0.000000e+00
9.860000e+01	9.900000e+01	0.000000e+00	0.000000e+00	0.000000e+00
9.900000e+01	9.940000e+01	0.000000e+00	0.000000e+00	0.000000e+00
9.940000e+01	9.980000e+01	0.000000e+00	0.000000e+00	0.000000e+00
9.980000e+01	1.002000e+02	0.000000e+00	0.000000e+00	0.000000e+00
1.002000e+02	1.006000e+02	0.000000e+00	0.000000e+00	0.000000e+00
1.006000e+02	1.010000e+02	0.000000e+00	0.000000e+00	0.000000e+00
1.010000e+02	1.014000e+02	0.000000e+00	0.000000e+00	0.000000e+00
1.014000e+02	1.018000e+02	0.000000e+00	0.000000e+00	0.000000e+00
1.018000e+02	1.022000e+02	0.000000e+00	0.000000e+00	0.000000e+00
1.022000e+02	1.026000e+02	0.000000e+00	0.000000e+00	0.000000e+00
1.026000e+02	1.030000e+02	0.000000e+00	0.000000e+00	0.000000e+00
1.030000e+02	1.034000e+02	0.000000e+00	0.000000e+00	0.000000e+00
1.034000e+02	1.038000e+02	0.000000e+00	0.000000e+00	0.000000e+00
1.038000e+02	1.042000e+02	0.000000e+00	0.000000e+00	0.000000e+00
1.042000e+02	1.046000e+02	0.000000e+00	0.000000e+00	0.000000e+00
1.046000e+02	1.050000e+02	0.000000e+00	0.000000e+00	0.000000e+00
1.050000e+02	1.054000e+02	0.000000e+00	0.000000e+00	0.000000e+00
1.054000e+02	1.058000e+02	0.000000e+00	0.000000e+00	0.000000e+00
1.058000e+02	1.062000e+02	0.000000e+00	0.000000e+00	0.000000e+00
1.062000e+02	1.066000e+02	0.000000e+00	0.000000e+00	0.000000e+00
1.066000e+02	1.070000e+02	0.000000e+00	0.000000e+00	0.000000e+00
1.070000e+02	1.074000e+02	0.000000e+00	0.000000e+00	0.000000e+00
1.074000e+02	1.078000e+02	0.000000e+00	0.000000e+00	0.000000e+00
1.078000e+02	1.082000e+02	0.000000e+00	0.000000e+00	0.000000e+00
1.082000e+02	1.086000e+02	0.000000e+00	0.000000e+00	0.000000e+00
1.086000e+02	1.090000e+02	0.000000e+00	0.000000e+00	0.000000e+00
1.090000e+02	1.094000e+02	0.000000e+00	0.000000e+00	0.000000e+00
1.094000e+02	1.098000e+02	0.000000e+00	0.000000e+00	0.000000e+00
1.098000e+02	1.102000e+02	0.000000e+00	0.000000e+00	0.000000e+00
1.102000e+02	1.106000e+02	0.000000e+00	0.000000e+00	0.000000e+00
1.106000e+02	1.110000e+02	0.000000e+00	0.000000e+00	0.000000e+00
# END HISTO1D

