# BEGIN PLOT
Legend=1
LogY=0
DrawOnly=//mt/home/mbridge/Work/MyHiggsstrahlungV2/MyHiggsstrahlungHZZ/Analysis.yoda/MyZAnalysis/Z_phi
LegendOnly=//mt/home/mbridge/Work/MyHiggsstrahlungV2/MyHiggsstrahlungHZZ/Analysis.yoda/MyZAnalysis/Z_phi
# END PLOT

# BEGIN HISTO1D //mt/home/mbridge/Work/MyHiggsstrahlungV2/MyHiggsstrahlungHZZ/Analysis.yoda/MyZAnalysis/Z_phi
LineColor=red
LineStyle=solid
Path=//mt/home/mbridge/Work/MyHiggsstrahlungV2/MyHiggsstrahlungHZZ/Analysis.yoda/MyZAnalysis/Z_phi
ScaledBy=6.22855031863678438e-02
Title=Analysis
# xlow	 xhigh	 val	 errminus	 errplus
0.000000e+00	6.283185e-02	1.532244e-01	7.467702e-03	7.467702e-03
6.283185e-02	1.256637e-01	1.510449e-01	7.414505e-03	7.414505e-03
1.256637e-01	1.884956e-01	1.539535e-01	7.485476e-03	7.485476e-03
1.884956e-01	2.513274e-01	1.681442e-01	7.822772e-03	7.822772e-03
2.513274e-01	3.141593e-01	1.666986e-01	7.789319e-03	7.789319e-03
3.141593e-01	3.769911e-01	1.448539e-01	7.260874e-03	7.260874e-03
3.769911e-01	4.398230e-01	1.645047e-01	7.737649e-03	7.737649e-03
4.398230e-01	5.026548e-01	1.645056e-01	7.737694e-03	7.737694e-03
5.026548e-01	5.654867e-01	1.564977e-01	7.546990e-03	7.546990e-03
5.654867e-01	6.283185e-01	1.499491e-01	7.387462e-03	7.387462e-03
6.283185e-01	6.911504e-01	1.601464e-01	7.634685e-03	7.634685e-03
6.911504e-01	7.539822e-01	1.583304e-01	7.591372e-03	7.591372e-03
7.539822e-01	8.168141e-01	1.590512e-01	7.608453e-03	7.608453e-03
8.168141e-01	8.796459e-01	1.655956e-01	7.763240e-03	7.763240e-03
8.796459e-01	9.424778e-01	1.586850e-01	7.599637e-03	7.599637e-03
9.424778e-01	1.005310e+00	1.550446e-01	7.511937e-03	7.511937e-03
1.005310e+00	1.068142e+00	1.492178e-01	7.369345e-03	7.369345e-03
1.068142e+00	1.130973e+00	1.623221e-01	7.686174e-03	7.686174e-03
1.130973e+00	1.193805e+00	1.648865e-01	7.747054e-03	7.747054e-03
1.193805e+00	1.256637e+00	1.554098e-01	7.520809e-03	7.520809e-03
1.256637e+00	1.319469e+00	1.474083e-01	7.324782e-03	7.324782e-03
1.319469e+00	1.382301e+00	1.579598e-01	7.582318e-03	7.582318e-03
1.382301e+00	1.445133e+00	1.575989e-01	7.573724e-03	7.573724e-03
1.445133e+00	1.507964e+00	1.655977e-01	7.763339e-03	7.763339e-03
1.507964e+00	1.570796e+00	1.666872e-01	7.788781e-03	7.788781e-03
1.570796e+00	1.633628e+00	1.666910e-01	7.788964e-03	7.788964e-03
1.633628e+00	1.696460e+00	1.510372e-01	7.414126e-03	7.414126e-03
1.696460e+00	1.759292e+00	1.550492e-01	7.512163e-03	7.512163e-03
1.759292e+00	1.822124e+00	1.605174e-01	7.643694e-03	7.643694e-03
1.822124e+00	1.884956e+00	1.692364e-01	7.848151e-03	7.848151e-03
1.884956e+00	1.947787e+00	1.590508e-01	7.608435e-03	7.608435e-03
1.947787e+00	2.010619e+00	1.648693e-01	7.746240e-03	7.746240e-03
2.010619e+00	2.073451e+00	1.699733e-01	7.865426e-03	7.865426e-03
2.073451e+00	2.136283e+00	1.663323e-01	7.780699e-03	7.780699e-03
2.136283e+00	2.199115e+00	1.652426e-01	7.755227e-03	7.755227e-03
2.199115e+00	2.261947e+00	1.634188e-01	7.712214e-03	7.712214e-03
2.261947e+00	2.324779e+00	1.710549e-01	7.890170e-03	7.890170e-03
2.324779e+00	2.387610e+00	1.535906e-01	7.476675e-03	7.476675e-03
2.387610e+00	2.450442e+00	1.426744e-01	7.206151e-03	7.206151e-03
2.450442e+00	2.513274e+00	1.586801e-01	7.599397e-03	7.599397e-03
2.513274e+00	2.576106e+00	1.692346e-01	7.848071e-03	7.848071e-03
2.576106e+00	2.638938e+00	1.557722e-01	7.529532e-03	7.529532e-03
2.638938e+00	2.701770e+00	1.637804e-01	7.720683e-03	7.720683e-03
2.701770e+00	2.764602e+00	1.521291e-01	7.440875e-03	7.440875e-03
2.764602e+00	2.827433e+00	1.652358e-01	7.754896e-03	7.754896e-03
2.827433e+00	2.890265e+00	1.670509e-01	7.797265e-03	7.797265e-03
2.890265e+00	2.953097e+00	1.619660e-01	7.677931e-03	7.677931e-03
2.953097e+00	3.015929e+00	1.557872e-01	7.530267e-03	7.530267e-03
3.015929e+00	3.078761e+00	1.725237e-01	7.924285e-03	7.924285e-03
3.078761e+00	3.141593e+00	1.667050e-01	7.789625e-03	7.789625e-03
3.141593e+00	3.204425e+00	1.692345e-01	7.848062e-03	7.848062e-03
3.204425e+00	3.267256e+00	1.499516e-01	7.387589e-03	7.387589e-03
3.267256e+00	3.330088e+00	1.521291e-01	7.440875e-03	7.440875e-03
3.330088e+00	3.392920e+00	1.550409e-01	7.511757e-03	7.511757e-03
3.392920e+00	3.455752e+00	1.677889e-01	7.814710e-03	7.814710e-03
3.455752e+00	3.518584e+00	1.623211e-01	7.686126e-03	7.686126e-03
3.518584e+00	3.581416e+00	1.492206e-01	7.369479e-03	7.369479e-03
3.581416e+00	3.644247e+00	1.706973e-01	7.882067e-03	7.882067e-03
3.644247e+00	3.707079e+00	1.554078e-01	7.520713e-03	7.520713e-03
3.707079e+00	3.769911e+00	1.535883e-01	7.476561e-03	7.476561e-03
3.769911e+00	3.832743e+00	1.437661e-01	7.233658e-03	7.233658e-03
3.832743e+00	3.895575e+00	1.572243e-01	7.564458e-03	7.564458e-03
3.895575e+00	3.958407e+00	1.561337e-01	7.538206e-03	7.538206e-03
3.958407e+00	4.021239e+00	1.510406e-01	7.414292e-03	7.414292e-03
4.021239e+00	4.084070e+00	1.630501e-01	7.703390e-03	7.703390e-03
4.084070e+00	4.146902e+00	1.495824e-01	7.378357e-03	7.378357e-03
4.146902e+00	4.209734e+00	1.590539e-01	7.608586e-03	7.608586e-03
4.209734e+00	4.272566e+00	1.681482e-01	7.822961e-03	7.822961e-03
4.272566e+00	4.335398e+00	1.590577e-01	7.608769e-03	7.608769e-03
4.335398e+00	4.398230e+00	1.663280e-01	7.780497e-03	7.780497e-03
4.398230e+00	4.461062e+00	1.535886e-01	7.476578e-03	7.476578e-03
4.461062e+00	4.523893e+00	1.437623e-01	7.233467e-03	7.233467e-03
4.523893e+00	4.586725e+00	1.586854e-01	7.599655e-03	7.599655e-03
4.586725e+00	4.649557e+00	1.484896e-01	7.351332e-03	7.351332e-03
4.649557e+00	4.712389e+00	1.524947e-01	7.449854e-03	7.449854e-03
4.712389e+00	4.775221e+00	1.572254e-01	7.564513e-03	7.564513e-03
4.775221e+00	4.838053e+00	1.572243e-01	7.564458e-03	7.564458e-03
4.838053e+00	4.900885e+00	1.634194e-01	7.712242e-03	7.712242e-03
4.900885e+00	4.963716e+00	1.550452e-01	7.511964e-03	7.511964e-03
4.963716e+00	5.026548e+00	1.656003e-01	7.763466e-03	7.763466e-03
5.026548e+00	5.089380e+00	1.608637e-01	7.651509e-03	7.651509e-03
5.089380e+00	5.152212e+00	1.564998e-01	7.547091e-03	7.547091e-03
5.152212e+00	5.215044e+00	1.572261e-01	7.564543e-03	7.564543e-03
5.215044e+00	5.277876e+00	1.659618e-01	7.771871e-03	7.771871e-03
5.277876e+00	5.340708e+00	1.604997e-01	7.642847e-03	7.642847e-03
5.340708e+00	5.403539e+00	1.532273e-01	7.467842e-03	7.467842e-03
5.403539e+00	5.466371e+00	1.612500e-01	7.661229e-03	7.661229e-03
5.466371e+00	5.529203e+00	1.699691e-01	7.865233e-03	7.865233e-03
5.529203e+00	5.592035e+00	1.579551e-01	7.582088e-03	7.582088e-03
5.592035e+00	5.654867e+00	1.477692e-01	7.333662e-03	7.333662e-03
5.654867e+00	5.717699e+00	1.659589e-01	7.771741e-03	7.771741e-03
5.717699e+00	5.780530e+00	1.601450e-01	7.634614e-03	7.634614e-03
5.780530e+00	5.843362e+00	1.568635e-01	7.555849e-03	7.555849e-03
5.843362e+00	5.906194e+00	1.641458e-01	7.729327e-03	7.729327e-03
5.906194e+00	5.969026e+00	1.648712e-01	7.746325e-03	7.746325e-03
5.969026e+00	6.031858e+00	1.568735e-01	7.556338e-03	7.556338e-03
6.031858e+00	6.094690e+00	1.597797e-01	7.625873e-03	7.625873e-03
6.094690e+00	6.157522e+00	1.539554e-01	7.485571e-03	7.485571e-03
6.157522e+00	6.220353e+00	1.626866e-01	7.694814e-03	7.694814e-03
6.220353e+00	6.283185e+00	1.597719e-01	7.625497e-03	7.625497e-03
# END HISTO1D

