# BEGIN PLOT
Legend=1
LogY=0
DrawOnly=//mt/home/mbridge/Work/MyHiggsstrahlungV2/MyHiggsstrahlungHZZ/Analysis.yoda/MyZAnalysis/Z_pT_peak
LegendOnly=//mt/home/mbridge/Work/MyHiggsstrahlungV2/MyHiggsstrahlungHZZ/Analysis.yoda/MyZAnalysis/Z_pT_peak
# END PLOT

# BEGIN HISTO1D //mt/home/mbridge/Work/MyHiggsstrahlungV2/MyHiggsstrahlungHZZ/Analysis.yoda/MyZAnalysis/Z_pT_peak
LineColor=red
LineStyle=solid
Path=//mt/home/mbridge/Work/MyHiggsstrahlungV2/MyHiggsstrahlungHZZ/Analysis.yoda/MyZAnalysis/Z_pT_peak
ScaledBy=6.22855031863678438e-02
Title=Analysis
# xlow	 xhigh	 val	 errminus	 errplus
4.000000e+01	4.020000e+01	2.675486e-02	1.749020e-03	1.749020e-03
4.020000e+01	4.040000e+01	2.732655e-02	1.767607e-03	1.767607e-03
4.040000e+01	4.060000e+01	2.664052e-02	1.745279e-03	1.745279e-03
4.060000e+01	4.080000e+01	2.469679e-02	1.680404e-03	1.680404e-03
4.080000e+01	4.100000e+01	2.321041e-02	1.629052e-03	1.629052e-03
4.100000e+01	4.120000e+01	2.732654e-02	1.767607e-03	1.767607e-03
4.120000e+01	4.140000e+01	2.869859e-02	1.811439e-03	1.811439e-03
4.140000e+01	4.160000e+01	2.618317e-02	1.730233e-03	1.730233e-03
4.160000e+01	4.180000e+01	2.584016e-02	1.718862e-03	1.718862e-03
4.180000e+01	4.200000e+01	2.641184e-02	1.737772e-03	1.737772e-03
4.200000e+01	4.220000e+01	2.389643e-02	1.652951e-03	1.652951e-03
4.220000e+01	4.240000e+01	3.041364e-02	1.864780e-03	1.864780e-03
4.240000e+01	4.260000e+01	2.778389e-02	1.782338e-03	1.782338e-03
4.260000e+01	4.280000e+01	2.766956e-02	1.778667e-03	1.778667e-03
4.280000e+01	4.300000e+01	3.132834e-02	1.892614e-03	1.892614e-03
4.300000e+01	4.320000e+01	2.961328e-02	1.840080e-03	1.840080e-03
4.320000e+01	4.340000e+01	2.927027e-02	1.829392e-03	1.829392e-03
4.340000e+01	4.360000e+01	3.075665e-02	1.875266e-03	1.875266e-03
4.360000e+01	4.380000e+01	3.167135e-02	1.902947e-03	1.902947e-03
4.380000e+01	4.400000e+01	3.235737e-02	1.923446e-03	1.923446e-03
4.400000e+01	4.420000e+01	2.892726e-02	1.818642e-03	1.818642e-03
4.420000e+01	4.440000e+01	3.567315e-02	2.019594e-03	2.019594e-03
4.440000e+01	4.460000e+01	3.510146e-02	2.003346e-03	2.003346e-03
4.460000e+01	4.480000e+01	3.578748e-02	2.022828e-03	2.022828e-03
4.480000e+01	4.500000e+01	3.407242e-02	1.973763e-03	1.973763e-03
4.500000e+01	4.520000e+01	3.853157e-02	2.098949e-03	2.098949e-03
4.520000e+01	4.540000e+01	4.024663e-02	2.145152e-03	2.145152e-03
4.540000e+01	4.560000e+01	3.773121e-02	2.077035e-03	2.077035e-03
4.560000e+01	4.580000e+01	3.818856e-02	2.089585e-03	2.089585e-03
4.580000e+01	4.600000e+01	4.184734e-02	2.187396e-03	2.187396e-03
4.600000e+01	4.620000e+01	4.356239e-02	2.231769e-03	2.231769e-03
4.620000e+01	4.640000e+01	4.493444e-02	2.266643e-03	2.266643e-03
4.640000e+01	4.660000e+01	4.744985e-02	2.329222e-03	2.329222e-03
4.660000e+01	4.680000e+01	4.401975e-02	2.243454e-03	2.243454e-03
4.680000e+01	4.700000e+01	4.744985e-02	2.329222e-03	2.329222e-03
4.700000e+01	4.720000e+01	5.110865e-02	2.417355e-03	2.417355e-03
4.720000e+01	4.740000e+01	5.556780e-02	2.520606e-03	2.520606e-03
4.740000e+01	4.760000e+01	5.442440e-02	2.494539e-03	2.494539e-03
4.760000e+01	4.780000e+01	5.248070e-02	2.449589e-03	2.449589e-03
4.780000e+01	4.800000e+01	5.190900e-02	2.436210e-03	2.436210e-03
4.800000e+01	4.820000e+01	5.488175e-02	2.504998e-03	2.504998e-03
4.820000e+01	4.840000e+01	5.545345e-02	2.518011e-03	2.518011e-03
4.840000e+01	4.860000e+01	6.311400e-02	2.686311e-03	2.686311e-03
4.860000e+01	4.880000e+01	6.185630e-02	2.659411e-03	2.659411e-03
4.880000e+01	4.900000e+01	6.219985e-02	2.666797e-03	2.666797e-03
4.900000e+01	4.920000e+01	6.791620e-02	2.786635e-03	2.786635e-03
4.920000e+01	4.940000e+01	6.642985e-02	2.755975e-03	2.755975e-03
4.940000e+01	4.960000e+01	6.574380e-02	2.741705e-03	2.741705e-03
4.960000e+01	4.980000e+01	7.386285e-02	2.906094e-03	2.906094e-03
4.980000e+01	5.000000e+01	7.454835e-02	2.919539e-03	2.919539e-03
5.000000e+01	5.020000e+01	7.466205e-02	2.921752e-03	2.921752e-03
5.020000e+01	5.040000e+01	8.758215e-02	3.164472e-03	3.164472e-03
5.040000e+01	5.060000e+01	7.649155e-02	2.957333e-03	2.957333e-03
5.060000e+01	5.080000e+01	8.621265e-02	3.139681e-03	3.139681e-03
5.080000e+01	5.100000e+01	8.209520e-02	3.063765e-03	3.063765e-03
5.100000e+01	5.120000e+01	8.575275e-02	3.131248e-03	3.131248e-03
5.120000e+01	5.140000e+01	8.003690e-02	3.025112e-03	3.025112e-03
5.140000e+01	5.160000e+01	7.214940e-02	2.872223e-03	2.872223e-03
5.160000e+01	5.180000e+01	7.592980e-02	2.946649e-03	2.946649e-03
5.180000e+01	5.200000e+01	6.243375e-02	2.671918e-03	2.671918e-03
5.200000e+01	5.220000e+01	5.637525e-02	2.539016e-03	2.539016e-03
5.220000e+01	5.240000e+01	4.527975e-02	2.275393e-03	2.275393e-03
5.240000e+01	5.260000e+01	4.425438e-02	2.249578e-03	2.249578e-03
5.260000e+01	5.280000e+01	3.293645e-02	1.940801e-03	1.940801e-03
5.280000e+01	5.300000e+01	3.111112e-02	1.886393e-03	1.886393e-03
5.300000e+01	5.320000e+01	2.539020e-02	1.704081e-03	1.704081e-03
5.320000e+01	5.340000e+01	2.355745e-02	1.641326e-03	1.641326e-03
5.340000e+01	5.360000e+01	1.932921e-02	1.486866e-03	1.486866e-03
5.360000e+01	5.380000e+01	1.715831e-02	1.400975e-03	1.400975e-03
5.380000e+01	5.400000e+01	1.304030e-02	1.221341e-03	1.221341e-03
5.400000e+01	5.420000e+01	1.269666e-02	1.205119e-03	1.205119e-03
5.420000e+01	5.440000e+01	8.243025e-03	9.714631e-04	9.714631e-04
5.440000e+01	5.460000e+01	9.269450e-03	1.029946e-03	1.029946e-03
5.460000e+01	5.480000e+01	7.323490e-03	9.154425e-04	9.154425e-04
5.480000e+01	5.500000e+01	8.587575e-03	9.916210e-04	9.916210e-04
5.500000e+01	5.520000e+01	6.984625e-03	8.943073e-04	8.943073e-04
5.520000e+01	5.540000e+01	4.696862e-03	7.335424e-04	7.335424e-04
5.540000e+01	5.560000e+01	4.118269e-03	6.863802e-04	6.863802e-04
5.560000e+01	5.580000e+01	2.974927e-03	5.834351e-04	5.834351e-04
5.580000e+01	5.600000e+01	3.201646e-03	6.050543e-04	6.050543e-04
5.600000e+01	5.620000e+01	1.257707e-03	3.792129e-04	3.792129e-04
5.620000e+01	5.640000e+01	0.000000e+00	0.000000e+00	0.000000e+00
5.640000e+01	5.660000e+01	0.000000e+00	0.000000e+00	0.000000e+00
5.660000e+01	5.680000e+01	0.000000e+00	0.000000e+00	0.000000e+00
5.680000e+01	5.700000e+01	0.000000e+00	0.000000e+00	0.000000e+00
5.700000e+01	5.720000e+01	0.000000e+00	0.000000e+00	0.000000e+00
5.720000e+01	5.740000e+01	0.000000e+00	0.000000e+00	0.000000e+00
5.740000e+01	5.760000e+01	0.000000e+00	0.000000e+00	0.000000e+00
5.760000e+01	5.780000e+01	0.000000e+00	0.000000e+00	0.000000e+00
5.780000e+01	5.800000e+01	0.000000e+00	0.000000e+00	0.000000e+00
5.800000e+01	5.820000e+01	0.000000e+00	0.000000e+00	0.000000e+00
5.820000e+01	5.840000e+01	0.000000e+00	0.000000e+00	0.000000e+00
5.840000e+01	5.860000e+01	0.000000e+00	0.000000e+00	0.000000e+00
5.860000e+01	5.880000e+01	0.000000e+00	0.000000e+00	0.000000e+00
5.880000e+01	5.900000e+01	0.000000e+00	0.000000e+00	0.000000e+00
5.900000e+01	5.920000e+01	0.000000e+00	0.000000e+00	0.000000e+00
5.920000e+01	5.940000e+01	0.000000e+00	0.000000e+00	0.000000e+00
5.940000e+01	5.960000e+01	0.000000e+00	0.000000e+00	0.000000e+00
5.960000e+01	5.980000e+01	0.000000e+00	0.000000e+00	0.000000e+00
5.980000e+01	6.000000e+01	0.000000e+00	0.000000e+00	0.000000e+00
# END HISTO1D

