# BEGIN PLOT
Legend=1
LogY=0
DrawOnly=//mt/home/mbridge/Work/MyHiggsstrahlungV2/MyHiggsstrahlungHZZ/Analysis.yoda/MyZAnalysis/Z_y
LegendOnly=//mt/home/mbridge/Work/MyHiggsstrahlungV2/MyHiggsstrahlungHZZ/Analysis.yoda/MyZAnalysis/Z_y
# END PLOT

# BEGIN HISTO1D //mt/home/mbridge/Work/MyHiggsstrahlungV2/MyHiggsstrahlungHZZ/Analysis.yoda/MyZAnalysis/Z_y
LineColor=red
LineStyle=solid
Path=//mt/home/mbridge/Work/MyHiggsstrahlungV2/MyHiggsstrahlungHZZ/Analysis.yoda/MyZAnalysis/Z_y
ScaledBy=6.22855031863678438e-02
Title=Analysis
# xlow	 xhigh	 val	 errminus	 errplus
-4.000000e+00	-3.920000e+00	0.000000e+00	0.000000e+00	0.000000e+00
-3.920000e+00	-3.840000e+00	0.000000e+00	0.000000e+00	0.000000e+00
-3.840000e+00	-3.760000e+00	0.000000e+00	0.000000e+00	0.000000e+00
-3.760000e+00	-3.680000e+00	0.000000e+00	0.000000e+00	0.000000e+00
-3.680000e+00	-3.600000e+00	0.000000e+00	0.000000e+00	0.000000e+00
-3.600000e+00	-3.520000e+00	0.000000e+00	0.000000e+00	0.000000e+00
-3.520000e+00	-3.440000e+00	0.000000e+00	0.000000e+00	0.000000e+00
-3.440000e+00	-3.360000e+00	0.000000e+00	0.000000e+00	0.000000e+00
-3.360000e+00	-3.280000e+00	0.000000e+00	0.000000e+00	0.000000e+00
-3.280000e+00	-3.200000e+00	0.000000e+00	0.000000e+00	0.000000e+00
-3.200000e+00	-3.120000e+00	0.000000e+00	0.000000e+00	0.000000e+00
-3.120000e+00	-3.040000e+00	0.000000e+00	0.000000e+00	0.000000e+00
-3.040000e+00	-2.960000e+00	0.000000e+00	0.000000e+00	0.000000e+00
-2.960000e+00	-2.880000e+00	0.000000e+00	0.000000e+00	0.000000e+00
-2.880000e+00	-2.800000e+00	0.000000e+00	0.000000e+00	0.000000e+00
-2.800000e+00	-2.720000e+00	0.000000e+00	0.000000e+00	0.000000e+00
-2.720000e+00	-2.640000e+00	0.000000e+00	0.000000e+00	0.000000e+00
-2.640000e+00	-2.560000e+00	0.000000e+00	0.000000e+00	0.000000e+00
-2.560000e+00	-2.480000e+00	0.000000e+00	0.000000e+00	0.000000e+00
-2.480000e+00	-2.400000e+00	0.000000e+00	0.000000e+00	0.000000e+00
-2.400000e+00	-2.320000e+00	0.000000e+00	0.000000e+00	0.000000e+00
-2.320000e+00	-2.240000e+00	0.000000e+00	0.000000e+00	0.000000e+00
-2.240000e+00	-2.160000e+00	0.000000e+00	0.000000e+00	0.000000e+00
-2.160000e+00	-2.080000e+00	0.000000e+00	0.000000e+00	0.000000e+00
-2.080000e+00	-2.000000e+00	0.000000e+00	0.000000e+00	0.000000e+00
-2.000000e+00	-1.920000e+00	0.000000e+00	0.000000e+00	0.000000e+00
-1.920000e+00	-1.840000e+00	0.000000e+00	0.000000e+00	0.000000e+00
-1.840000e+00	-1.760000e+00	0.000000e+00	0.000000e+00	0.000000e+00
-1.760000e+00	-1.680000e+00	0.000000e+00	0.000000e+00	0.000000e+00
-1.680000e+00	-1.600000e+00	0.000000e+00	0.000000e+00	0.000000e+00
-1.600000e+00	-1.520000e+00	0.000000e+00	0.000000e+00	0.000000e+00
-1.520000e+00	-1.440000e+00	0.000000e+00	0.000000e+00	0.000000e+00
-1.440000e+00	-1.360000e+00	0.000000e+00	0.000000e+00	0.000000e+00
-1.360000e+00	-1.280000e+00	0.000000e+00	0.000000e+00	0.000000e+00
-1.280000e+00	-1.200000e+00	0.000000e+00	0.000000e+00	0.000000e+00
-1.200000e+00	-1.120000e+00	0.000000e+00	0.000000e+00	0.000000e+00
-1.120000e+00	-1.040000e+00	0.000000e+00	0.000000e+00	0.000000e+00
-1.040000e+00	-9.600000e-01	0.000000e+00	0.000000e+00	0.000000e+00
-9.600000e-01	-8.800000e-01	0.000000e+00	0.000000e+00	0.000000e+00
-8.800000e-01	-8.000000e-01	0.000000e+00	0.000000e+00	0.000000e+00
-8.000000e-01	-7.200000e-01	0.000000e+00	0.000000e+00	0.000000e+00
-7.200000e-01	-6.400000e-01	0.000000e+00	0.000000e+00	0.000000e+00
-6.400000e-01	-5.600000e-01	2.343909e-02	2.588414e-03	2.588414e-03
-5.600000e-01	-4.800000e-01	4.962226e-01	1.190972e-02	1.190972e-02
-4.800000e-01	-4.000000e-01	8.020741e-01	1.514156e-02	1.514156e-02
-4.000000e-01	-3.200000e-01	8.863976e-01	1.591761e-02	1.591761e-02
-3.200000e-01	-2.400000e-01	9.212704e-01	1.622770e-02	1.622770e-02
-2.400000e-01	-1.600000e-01	1.016185e+00	1.704327e-02	1.704327e-02
-1.600000e-01	-8.000000e-02	1.031122e+00	1.716870e-02	1.716870e-02
-8.000000e-02	0.000000e+00	1.070027e+00	1.748981e-02	1.748981e-02
0.000000e+00	8.000000e-02	1.055979e+00	1.737429e-02	1.737429e-02
8.000000e-02	1.600000e-01	1.058550e+00	1.739542e-02	1.739542e-02
1.600000e-01	2.400000e-01	9.844600e-01	1.677515e-02	1.677515e-02
2.400000e-01	3.200000e-01	9.418524e-01	1.640798e-02	1.640798e-02
3.200000e-01	4.000000e-01	8.912569e-01	1.596117e-02	1.596117e-02
4.000000e-01	4.800000e-01	8.103635e-01	1.521961e-02	1.521961e-02
4.800000e-01	5.600000e-01	4.862181e-01	1.178905e-02	1.178905e-02
5.600000e-01	6.400000e-01	2.458245e-02	2.650794e-03	2.650794e-03
6.400000e-01	7.200000e-01	0.000000e+00	0.000000e+00	0.000000e+00
7.200000e-01	8.000000e-01	0.000000e+00	0.000000e+00	0.000000e+00
8.000000e-01	8.800000e-01	0.000000e+00	0.000000e+00	0.000000e+00
8.800000e-01	9.600000e-01	0.000000e+00	0.000000e+00	0.000000e+00
9.600000e-01	1.040000e+00	0.000000e+00	0.000000e+00	0.000000e+00
1.040000e+00	1.120000e+00	0.000000e+00	0.000000e+00	0.000000e+00
1.120000e+00	1.200000e+00	0.000000e+00	0.000000e+00	0.000000e+00
1.200000e+00	1.280000e+00	0.000000e+00	0.000000e+00	0.000000e+00
1.280000e+00	1.360000e+00	0.000000e+00	0.000000e+00	0.000000e+00
1.360000e+00	1.440000e+00	0.000000e+00	0.000000e+00	0.000000e+00
1.440000e+00	1.520000e+00	0.000000e+00	0.000000e+00	0.000000e+00
1.520000e+00	1.600000e+00	0.000000e+00	0.000000e+00	0.000000e+00
1.600000e+00	1.680000e+00	0.000000e+00	0.000000e+00	0.000000e+00
1.680000e+00	1.760000e+00	0.000000e+00	0.000000e+00	0.000000e+00
1.760000e+00	1.840000e+00	0.000000e+00	0.000000e+00	0.000000e+00
1.840000e+00	1.920000e+00	0.000000e+00	0.000000e+00	0.000000e+00
1.920000e+00	2.000000e+00	0.000000e+00	0.000000e+00	0.000000e+00
2.000000e+00	2.080000e+00	0.000000e+00	0.000000e+00	0.000000e+00
2.080000e+00	2.160000e+00	0.000000e+00	0.000000e+00	0.000000e+00
2.160000e+00	2.240000e+00	0.000000e+00	0.000000e+00	0.000000e+00
2.240000e+00	2.320000e+00	0.000000e+00	0.000000e+00	0.000000e+00
2.320000e+00	2.400000e+00	0.000000e+00	0.000000e+00	0.000000e+00
2.400000e+00	2.480000e+00	0.000000e+00	0.000000e+00	0.000000e+00
2.480000e+00	2.560000e+00	0.000000e+00	0.000000e+00	0.000000e+00
2.560000e+00	2.640000e+00	0.000000e+00	0.000000e+00	0.000000e+00
2.640000e+00	2.720000e+00	0.000000e+00	0.000000e+00	0.000000e+00
2.720000e+00	2.800000e+00	0.000000e+00	0.000000e+00	0.000000e+00
2.800000e+00	2.880000e+00	0.000000e+00	0.000000e+00	0.000000e+00
2.880000e+00	2.960000e+00	0.000000e+00	0.000000e+00	0.000000e+00
2.960000e+00	3.040000e+00	0.000000e+00	0.000000e+00	0.000000e+00
3.040000e+00	3.120000e+00	0.000000e+00	0.000000e+00	0.000000e+00
3.120000e+00	3.200000e+00	0.000000e+00	0.000000e+00	0.000000e+00
3.200000e+00	3.280000e+00	0.000000e+00	0.000000e+00	0.000000e+00
3.280000e+00	3.360000e+00	0.000000e+00	0.000000e+00	0.000000e+00
3.360000e+00	3.440000e+00	0.000000e+00	0.000000e+00	0.000000e+00
3.440000e+00	3.520000e+00	0.000000e+00	0.000000e+00	0.000000e+00
3.520000e+00	3.600000e+00	0.000000e+00	0.000000e+00	0.000000e+00
3.600000e+00	3.680000e+00	0.000000e+00	0.000000e+00	0.000000e+00
3.680000e+00	3.760000e+00	0.000000e+00	0.000000e+00	0.000000e+00
3.760000e+00	3.840000e+00	0.000000e+00	0.000000e+00	0.000000e+00
3.840000e+00	3.920000e+00	0.000000e+00	0.000000e+00	0.000000e+00
3.920000e+00	4.000000e+00	0.000000e+00	0.000000e+00	0.000000e+00
# END HISTO1D

