# BEGIN PLOT
Legend=1
LogY=1
DrawOnly=//mt/home/mbridge/Work/my_higgsstrahlungHZZ/Analysis.yoda/MyAnalysis/PtCh
LegendOnly=//mt/home/mbridge/Work/my_higgsstrahlungHZZ/Analysis.yoda/MyAnalysis/PtCh
# END PLOT

# BEGIN HISTO1D //mt/home/mbridge/Work/my_higgsstrahlungHZZ/Analysis.yoda/MyAnalysis/PtCh
LineColor=red
LineStyle=solid
Path=//mt/home/mbridge/Work/my_higgsstrahlungHZZ/Analysis.yoda/MyAnalysis/PtCh
ScaledBy=9.76222556591038401e-05
Title=Analysis
# xlow	 xhigh	 val	 errminus	 errplus
0.000000e+00	1.500000e+00	4.182511e-01	9.996971e-05	9.996971e-05
1.500000e+00	3.000000e+00	1.190651e-01	5.333868e-05	5.333868e-05
3.000000e+00	4.500000e+00	5.099781e-02	3.490808e-05	3.490808e-05
4.500000e+00	6.000000e+00	2.710228e-02	2.544796e-05	2.544796e-05
6.000000e+00	7.500000e+00	1.615851e-02	1.964946e-05	1.964946e-05
7.500000e+00	9.000000e+00	1.028597e-02	1.567737e-05	1.567737e-05
9.000000e+00	1.050000e+01	6.893387e-03	1.283413e-05	1.283413e-05
1.050000e+01	1.200000e+01	4.743517e-03	1.064635e-05	1.064635e-05
1.200000e+01	1.350000e+01	3.381515e-03	8.988880e-06	8.988880e-06
1.350000e+01	1.500000e+01	2.437499e-03	7.631735e-06	7.631735e-06
1.500000e+01	1.650000e+01	1.789713e-03	6.539469e-06	6.539469e-06
1.650000e+01	1.800000e+01	1.339681e-03	5.657852e-06	5.657852e-06
1.800000e+01	1.950000e+01	9.986820e-04	4.885009e-06	4.885009e-06
1.950000e+01	2.100000e+01	7.593547e-04	4.259658e-06	4.259658e-06
2.100000e+01	2.250000e+01	5.740719e-04	3.703691e-06	3.703691e-06
2.250000e+01	2.400000e+01	4.404563e-04	3.244180e-06	3.244180e-06
2.400000e+01	2.550000e+01	3.340927e-04	2.825416e-06	2.825416e-06
2.550000e+01	2.700000e+01	2.587055e-04	2.486289e-06	2.486289e-06
2.700000e+01	2.850000e+01	1.967760e-04	2.168405e-06	2.168405e-06
2.850000e+01	3.000000e+01	1.530947e-04	1.912639e-06	1.912639e-06
3.000000e+01	3.150000e+01	1.208368e-04	1.699233e-06	1.699233e-06
3.150000e+01	3.300000e+01	9.096567e-05	1.474301e-06	1.474301e-06
3.300000e+01	3.450000e+01	7.242620e-05	1.315537e-06	1.315537e-06
3.450000e+01	3.600000e+01	5.330949e-05	1.128638e-06	1.128638e-06
3.600000e+01	3.750000e+01	4.052481e-05	9.840294e-07	9.840294e-07
3.750000e+01	3.900000e+01	3.115811e-05	8.628441e-07	8.628441e-07
3.900000e+01	4.050000e+01	2.346521e-05	7.488053e-07	7.488053e-07
4.050000e+01	4.200000e+01	1.808901e-05	6.574567e-07	6.574567e-07
4.200000e+01	4.350000e+01	1.507857e-05	6.002689e-07	6.002689e-07
4.350000e+01	4.500000e+01	1.077716e-05	5.074772e-07	5.074772e-07
4.500000e+01	4.650000e+01	7.407113e-06	4.206959e-07	4.206959e-07
4.650000e+01	4.800000e+01	5.710647e-06	3.693910e-07	3.693910e-07
4.800000e+01	4.950000e+01	4.516565e-06	3.285321e-07	3.285321e-07
4.950000e+01	5.100000e+01	3.321261e-06	2.817057e-07	2.817057e-07
5.100000e+01	5.250000e+01	2.317787e-06	2.353356e-07	2.353356e-07
5.250000e+01	5.400000e+01	1.433635e-06	1.850815e-07	1.850815e-07
5.400000e+01	5.550000e+01	1.266378e-06	1.739504e-07	1.739504e-07
5.550000e+01	5.700000e+01	7.407113e-07	1.330357e-07	1.330357e-07
5.700000e+01	5.850000e+01	6.690300e-07	1.264347e-07	1.264347e-07
5.850000e+01	6.000000e+01	4.539845e-07	1.041512e-07	1.041512e-07
6.000000e+01	6.150000e+01	2.628331e-07	7.924715e-08	7.924715e-08
6.150000e+01	6.300000e+01	1.911513e-07	6.758221e-08	6.758221e-08
6.300000e+01	6.450000e+01	1.433635e-07	5.852791e-08	5.852791e-08
6.450000e+01	6.600000e+01	1.194696e-07	5.342843e-08	5.342843e-08
6.600000e+01	6.750000e+01	7.168173e-08	4.138548e-08	4.138548e-08
6.750000e+01	6.900000e+01	4.778784e-08	3.379110e-08	3.379110e-08
6.900000e+01	7.050000e+01	4.778784e-08	3.379110e-08	3.379110e-08
7.050000e+01	7.200000e+01	0.000000e+00	0.000000e+00	0.000000e+00
7.200000e+01	7.350000e+01	4.778784e-08	3.379110e-08	3.379110e-08
7.350000e+01	7.500000e+01	0.000000e+00	0.000000e+00	0.000000e+00
7.500000e+01	7.650000e+01	0.000000e+00	0.000000e+00	0.000000e+00
7.650000e+01	7.800000e+01	0.000000e+00	0.000000e+00	0.000000e+00
7.800000e+01	7.950000e+01	0.000000e+00	0.000000e+00	0.000000e+00
7.950000e+01	8.100000e+01	0.000000e+00	0.000000e+00	0.000000e+00
8.100000e+01	8.250000e+01	0.000000e+00	0.000000e+00	0.000000e+00
8.250000e+01	8.400000e+01	0.000000e+00	0.000000e+00	0.000000e+00
8.400000e+01	8.550000e+01	0.000000e+00	0.000000e+00	0.000000e+00
8.550000e+01	8.700000e+01	0.000000e+00	0.000000e+00	0.000000e+00
8.700000e+01	8.850000e+01	0.000000e+00	0.000000e+00	0.000000e+00
8.850000e+01	9.000000e+01	0.000000e+00	0.000000e+00	0.000000e+00
9.000000e+01	9.150000e+01	0.000000e+00	0.000000e+00	0.000000e+00
9.150000e+01	9.300000e+01	0.000000e+00	0.000000e+00	0.000000e+00
9.300000e+01	9.450000e+01	0.000000e+00	0.000000e+00	0.000000e+00
9.450000e+01	9.600000e+01	0.000000e+00	0.000000e+00	0.000000e+00
9.600000e+01	9.750000e+01	0.000000e+00	0.000000e+00	0.000000e+00
9.750000e+01	9.900000e+01	0.000000e+00	0.000000e+00	0.000000e+00
9.900000e+01	1.005000e+02	0.000000e+00	0.000000e+00	0.000000e+00
1.005000e+02	1.020000e+02	0.000000e+00	0.000000e+00	0.000000e+00
1.020000e+02	1.035000e+02	0.000000e+00	0.000000e+00	0.000000e+00
1.035000e+02	1.050000e+02	0.000000e+00	0.000000e+00	0.000000e+00
1.050000e+02	1.065000e+02	0.000000e+00	0.000000e+00	0.000000e+00
1.065000e+02	1.080000e+02	0.000000e+00	0.000000e+00	0.000000e+00
1.080000e+02	1.095000e+02	0.000000e+00	0.000000e+00	0.000000e+00
1.095000e+02	1.110000e+02	0.000000e+00	0.000000e+00	0.000000e+00
1.110000e+02	1.125000e+02	0.000000e+00	0.000000e+00	0.000000e+00
1.125000e+02	1.140000e+02	0.000000e+00	0.000000e+00	0.000000e+00
1.140000e+02	1.155000e+02	0.000000e+00	0.000000e+00	0.000000e+00
1.155000e+02	1.170000e+02	0.000000e+00	0.000000e+00	0.000000e+00
1.170000e+02	1.185000e+02	0.000000e+00	0.000000e+00	0.000000e+00
1.185000e+02	1.200000e+02	0.000000e+00	0.000000e+00	0.000000e+00
1.200000e+02	1.215000e+02	0.000000e+00	0.000000e+00	0.000000e+00
1.215000e+02	1.230000e+02	0.000000e+00	0.000000e+00	0.000000e+00
1.230000e+02	1.245000e+02	0.000000e+00	0.000000e+00	0.000000e+00
1.245000e+02	1.260000e+02	0.000000e+00	0.000000e+00	0.000000e+00
1.260000e+02	1.275000e+02	0.000000e+00	0.000000e+00	0.000000e+00
1.275000e+02	1.290000e+02	0.000000e+00	0.000000e+00	0.000000e+00
1.290000e+02	1.305000e+02	0.000000e+00	0.000000e+00	0.000000e+00
1.305000e+02	1.320000e+02	0.000000e+00	0.000000e+00	0.000000e+00
1.320000e+02	1.335000e+02	0.000000e+00	0.000000e+00	0.000000e+00
1.335000e+02	1.350000e+02	0.000000e+00	0.000000e+00	0.000000e+00
1.350000e+02	1.365000e+02	0.000000e+00	0.000000e+00	0.000000e+00
1.365000e+02	1.380000e+02	0.000000e+00	0.000000e+00	0.000000e+00
1.380000e+02	1.395000e+02	0.000000e+00	0.000000e+00	0.000000e+00
1.395000e+02	1.410000e+02	0.000000e+00	0.000000e+00	0.000000e+00
1.410000e+02	1.425000e+02	0.000000e+00	0.000000e+00	0.000000e+00
1.425000e+02	1.440000e+02	0.000000e+00	0.000000e+00	0.000000e+00
1.440000e+02	1.455000e+02	0.000000e+00	0.000000e+00	0.000000e+00
1.455000e+02	1.470000e+02	0.000000e+00	0.000000e+00	0.000000e+00
1.470000e+02	1.485000e+02	0.000000e+00	0.000000e+00	0.000000e+00
1.485000e+02	1.500000e+02	0.000000e+00	0.000000e+00	0.000000e+00
# END HISTO1D

