# BEGIN PLOT
Legend=1
LogY=1
DrawOnly=//mt/home/mbridge/Work/my_higgsstrahlungHZZ/Analysis.yoda/MyAnalysis/ECh
LegendOnly=//mt/home/mbridge/Work/my_higgsstrahlungHZZ/Analysis.yoda/MyAnalysis/ECh
# END PLOT

# BEGIN HISTO1D //mt/home/mbridge/Work/my_higgsstrahlungHZZ/Analysis.yoda/MyAnalysis/ECh
LineColor=red
LineStyle=solid
Path=//mt/home/mbridge/Work/my_higgsstrahlungHZZ/Analysis.yoda/MyAnalysis/ECh
ScaledBy=9.76222556591038401e-05
Title=Analysis
# xlow	 xhigh	 val	 errminus	 errplus
0.000000e+00	1.500000e+00	3.578533e-01	9.247034e-05	9.247034e-05
1.500000e+00	3.000000e+00	1.383099e-01	5.748793e-05	5.748793e-05
3.000000e+00	4.500000e+00	6.259070e-02	3.867274e-05	3.867274e-05
4.500000e+00	6.000000e+00	3.471865e-02	2.880259e-05	2.880259e-05
6.000000e+00	7.500000e+00	2.143844e-02	2.263323e-05	2.263323e-05
7.500000e+00	9.000000e+00	1.411131e-02	1.836258e-05	1.836258e-05
9.000000e+00	1.050000e+01	9.691373e-03	1.521747e-05	1.521747e-05
1.050000e+01	1.200000e+01	6.881080e-03	1.282268e-05	1.282268e-05
1.200000e+01	1.350000e+01	5.003621e-03	1.093433e-05	1.093433e-05
1.350000e+01	1.500000e+01	3.701111e-03	9.404082e-06	9.404082e-06
1.500000e+01	1.650000e+01	2.798435e-03	8.177248e-06	8.177248e-06
1.650000e+01	1.800000e+01	2.127336e-03	7.129647e-06	7.129647e-06
1.800000e+01	1.950000e+01	1.629261e-03	6.239452e-06	6.239452e-06
1.950000e+01	2.100000e+01	1.269479e-03	5.507622e-06	5.507622e-06
2.100000e+01	2.250000e+01	9.836907e-04	4.848179e-06	4.848179e-06
2.250000e+01	2.400000e+01	7.725133e-04	4.296385e-06	4.296385e-06
2.400000e+01	2.550000e+01	6.002835e-04	3.787298e-06	3.787298e-06
2.550000e+01	2.700000e+01	4.738038e-04	3.364714e-06	3.364714e-06
2.700000e+01	2.850000e+01	3.700821e-04	2.973723e-06	2.973723e-06
2.850000e+01	3.000000e+01	2.926162e-04	2.644243e-06	2.644243e-06
3.000000e+01	3.150000e+01	2.302494e-04	2.345580e-06	2.345580e-06
3.150000e+01	3.300000e+01	1.814540e-04	2.082242e-06	2.082242e-06
3.300000e+01	3.450000e+01	1.417429e-04	1.840353e-06	1.840353e-06
3.450000e+01	3.600000e+01	1.110163e-04	1.628724e-06	1.628724e-06
3.600000e+01	3.750000e+01	8.850520e-05	1.454231e-06	1.454231e-06
3.750000e+01	3.900000e+01	6.910167e-05	1.284960e-06	1.284960e-06
3.900000e+01	4.050000e+01	5.335647e-05	1.129127e-06	1.129127e-06
4.050000e+01	4.200000e+01	4.021361e-05	9.802367e-07	9.802367e-07
4.200000e+01	4.350000e+01	3.161373e-05	8.691526e-07	8.691526e-07
4.350000e+01	4.500000e+01	2.568625e-05	7.834235e-07	7.834235e-07
4.500000e+01	4.650000e+01	1.952195e-05	6.829866e-07	6.829866e-07
4.650000e+01	4.800000e+01	1.467189e-05	5.921096e-07	5.921096e-07
4.800000e+01	4.950000e+01	1.108693e-05	5.146979e-07	5.146979e-07
4.950000e+01	5.100000e+01	8.052707e-06	4.386593e-07	4.386593e-07
5.100000e+01	5.250000e+01	6.476046e-06	3.933920e-07	3.933920e-07
5.250000e+01	5.400000e+01	4.635421e-06	3.328038e-07	3.328038e-07
5.400000e+01	5.550000e+01	3.536300e-06	2.906821e-07	2.906821e-07
5.550000e+01	5.700000e+01	2.365498e-06	2.377415e-07	2.377415e-07
5.700000e+01	5.850000e+01	1.839832e-06	2.096683e-07	2.096683e-07
5.850000e+01	6.000000e+01	1.266378e-06	1.739504e-07	1.739504e-07
6.000000e+01	6.150000e+01	9.079687e-07	1.472920e-07	1.472920e-07
6.150000e+01	6.300000e+01	7.646053e-07	1.351644e-07	1.351644e-07
6.300000e+01	6.450000e+01	3.345149e-07	8.940286e-08	8.940286e-08
6.450000e+01	6.600000e+01	4.539845e-07	1.041512e-07	1.041512e-07
6.600000e+01	6.750000e+01	2.150453e-07	7.168177e-08	7.168177e-08
6.750000e+01	6.900000e+01	3.584088e-07	9.254075e-08	9.254075e-08
6.900000e+01	7.050000e+01	1.194696e-07	5.342843e-08	5.342843e-08
7.050000e+01	7.200000e+01	4.778784e-08	3.379110e-08	3.379110e-08
7.200000e+01	7.350000e+01	4.778784e-08	3.379110e-08	3.379110e-08
7.350000e+01	7.500000e+01	0.000000e+00	0.000000e+00	0.000000e+00
7.500000e+01	7.650000e+01	0.000000e+00	0.000000e+00	0.000000e+00
7.650000e+01	7.800000e+01	0.000000e+00	0.000000e+00	0.000000e+00
7.800000e+01	7.950000e+01	0.000000e+00	0.000000e+00	0.000000e+00
7.950000e+01	8.100000e+01	0.000000e+00	0.000000e+00	0.000000e+00
8.100000e+01	8.250000e+01	0.000000e+00	0.000000e+00	0.000000e+00
8.250000e+01	8.400000e+01	0.000000e+00	0.000000e+00	0.000000e+00
8.400000e+01	8.550000e+01	0.000000e+00	0.000000e+00	0.000000e+00
8.550000e+01	8.700000e+01	0.000000e+00	0.000000e+00	0.000000e+00
8.700000e+01	8.850000e+01	0.000000e+00	0.000000e+00	0.000000e+00
8.850000e+01	9.000000e+01	0.000000e+00	0.000000e+00	0.000000e+00
9.000000e+01	9.150000e+01	0.000000e+00	0.000000e+00	0.000000e+00
9.150000e+01	9.300000e+01	0.000000e+00	0.000000e+00	0.000000e+00
9.300000e+01	9.450000e+01	0.000000e+00	0.000000e+00	0.000000e+00
9.450000e+01	9.600000e+01	0.000000e+00	0.000000e+00	0.000000e+00
9.600000e+01	9.750000e+01	0.000000e+00	0.000000e+00	0.000000e+00
9.750000e+01	9.900000e+01	0.000000e+00	0.000000e+00	0.000000e+00
9.900000e+01	1.005000e+02	0.000000e+00	0.000000e+00	0.000000e+00
1.005000e+02	1.020000e+02	0.000000e+00	0.000000e+00	0.000000e+00
1.020000e+02	1.035000e+02	0.000000e+00	0.000000e+00	0.000000e+00
1.035000e+02	1.050000e+02	0.000000e+00	0.000000e+00	0.000000e+00
1.050000e+02	1.065000e+02	0.000000e+00	0.000000e+00	0.000000e+00
1.065000e+02	1.080000e+02	0.000000e+00	0.000000e+00	0.000000e+00
1.080000e+02	1.095000e+02	0.000000e+00	0.000000e+00	0.000000e+00
1.095000e+02	1.110000e+02	0.000000e+00	0.000000e+00	0.000000e+00
1.110000e+02	1.125000e+02	0.000000e+00	0.000000e+00	0.000000e+00
1.125000e+02	1.140000e+02	0.000000e+00	0.000000e+00	0.000000e+00
1.140000e+02	1.155000e+02	0.000000e+00	0.000000e+00	0.000000e+00
1.155000e+02	1.170000e+02	0.000000e+00	0.000000e+00	0.000000e+00
1.170000e+02	1.185000e+02	0.000000e+00	0.000000e+00	0.000000e+00
1.185000e+02	1.200000e+02	0.000000e+00	0.000000e+00	0.000000e+00
1.200000e+02	1.215000e+02	0.000000e+00	0.000000e+00	0.000000e+00
1.215000e+02	1.230000e+02	0.000000e+00	0.000000e+00	0.000000e+00
1.230000e+02	1.245000e+02	0.000000e+00	0.000000e+00	0.000000e+00
1.245000e+02	1.260000e+02	0.000000e+00	0.000000e+00	0.000000e+00
1.260000e+02	1.275000e+02	0.000000e+00	0.000000e+00	0.000000e+00
1.275000e+02	1.290000e+02	0.000000e+00	0.000000e+00	0.000000e+00
1.290000e+02	1.305000e+02	0.000000e+00	0.000000e+00	0.000000e+00
1.305000e+02	1.320000e+02	0.000000e+00	0.000000e+00	0.000000e+00
1.320000e+02	1.335000e+02	0.000000e+00	0.000000e+00	0.000000e+00
1.335000e+02	1.350000e+02	0.000000e+00	0.000000e+00	0.000000e+00
1.350000e+02	1.365000e+02	0.000000e+00	0.000000e+00	0.000000e+00
1.365000e+02	1.380000e+02	0.000000e+00	0.000000e+00	0.000000e+00
1.380000e+02	1.395000e+02	0.000000e+00	0.000000e+00	0.000000e+00
1.395000e+02	1.410000e+02	0.000000e+00	0.000000e+00	0.000000e+00
1.410000e+02	1.425000e+02	0.000000e+00	0.000000e+00	0.000000e+00
1.425000e+02	1.440000e+02	0.000000e+00	0.000000e+00	0.000000e+00
1.440000e+02	1.455000e+02	0.000000e+00	0.000000e+00	0.000000e+00
1.455000e+02	1.470000e+02	0.000000e+00	0.000000e+00	0.000000e+00
1.470000e+02	1.485000e+02	0.000000e+00	0.000000e+00	0.000000e+00
1.485000e+02	1.500000e+02	0.000000e+00	0.000000e+00	0.000000e+00
# END HISTO1D

