# BEGIN PLOT
Legend=1
LogY=1
Title=Transverse momentum of all particles
XLabel=$p_\perp$ [GeV]
YLabel=$1/\sigma \; \mathrm{d}\sigma/\mathrm{d}p_\perp$ [GeV$^{-1}$]
FullRange=1
DrawOnly=//home/mogzyb/Work/Dis-2.0/ZH/Analysis.yoda/MC_FSPARTICLES/Pt
LegendOnly=//home/mogzyb/Work/Dis-2.0/ZH/Analysis.yoda/MC_FSPARTICLES/Pt
# END PLOT

# BEGIN HISTO1D //home/mogzyb/Work/Dis-2.0/ZH/Analysis.yoda/MC_FSPARTICLES/Pt
LineColor=red
LineStyle=solid
Path=//home/mogzyb/Work/Dis-2.0/ZH/Analysis.yoda/MC_FSPARTICLES/Pt
ScaledBy=6.58592392386829896e-05
Title=Analysis
# xlow	 xhigh	 val	 errminus	 errplus
0.000000e+00	1.000000e-01	0.000000e+00	0.000000e+00	0.000000e+00
1.000000e-01	2.000000e-01	0.000000e+00	0.000000e+00	0.000000e+00
2.000000e-01	3.000000e-01	0.000000e+00	0.000000e+00	0.000000e+00
3.000000e-01	4.000000e-01	0.000000e+00	0.000000e+00	0.000000e+00
4.000000e-01	5.000000e-01	0.000000e+00	0.000000e+00	0.000000e+00
5.000000e-01	6.000000e-01	7.279674e-01	2.075113e-03	2.075113e-03
6.000000e-01	7.000000e-01	6.255039e-01	1.923533e-03	1.923533e-03
7.000000e-01	8.000000e-01	5.431895e-01	1.792473e-03	1.792473e-03
8.000000e-01	9.000000e-01	4.789028e-01	1.683067e-03	1.683067e-03
9.000000e-01	1.000000e+00	4.251919e-01	1.585919e-03	1.585919e-03
1.000000e+00	1.100000e+00	3.789748e-01	1.497235e-03	1.497235e-03
1.100000e+00	1.200000e+00	3.398384e-01	1.417807e-03	1.417807e-03
1.200000e+00	1.300000e+00	3.086664e-01	1.351279e-03	1.351279e-03
1.300000e+00	1.400000e+00	2.804470e-01	1.287985e-03	1.287985e-03
1.400000e+00	1.500000e+00	2.558728e-01	1.230283e-03	1.230283e-03
1.500000e+00	1.600000e+00	2.339005e-01	1.176233e-03	1.176233e-03
1.600000e+00	1.700000e+00	2.174115e-01	1.134041e-03	1.134041e-03
1.700000e+00	1.800000e+00	2.023448e-01	1.094045e-03	1.094045e-03
1.800000e+00	1.900000e+00	1.864167e-01	1.050111e-03	1.050111e-03
1.900000e+00	2.000000e+00	1.758945e-01	1.020024e-03	1.020024e-03
2.000000e+00	2.100000e+00	1.628434e-01	9.814832e-04	9.814832e-04
2.100000e+00	2.200000e+00	1.516693e-01	9.471879e-04	9.471879e-04
2.200000e+00	2.300000e+00	1.432350e-01	9.204220e-04	9.204220e-04
2.300000e+00	2.400000e+00	1.347740e-01	8.929098e-04	8.929098e-04
2.400000e+00	2.500000e+00	1.269225e-01	8.664768e-04	8.664768e-04
2.500000e+00	2.600000e+00	1.196188e-01	8.411244e-04	8.411244e-04
2.600000e+00	2.700000e+00	1.115175e-01	8.121705e-04	8.121705e-04
2.700000e+00	2.800000e+00	1.057961e-01	7.910839e-04	7.910839e-04
2.800000e+00	2.900000e+00	1.017162e-01	7.756914e-04	7.756914e-04
2.900000e+00	3.000000e+00	9.706623e-02	7.578039e-04	7.578039e-04
3.000000e+00	3.100000e+00	9.152137e-02	7.357693e-04	7.357693e-04
3.100000e+00	3.200000e+00	8.571230e-02	7.119985e-04	7.119985e-04
3.200000e+00	3.300000e+00	8.341704e-02	7.023946e-04	7.023946e-04
3.300000e+00	3.400000e+00	7.880497e-02	6.828475e-04	6.828475e-04
3.400000e+00	3.500000e+00	7.518430e-02	6.668345e-04	6.668345e-04
3.500000e+00	3.600000e+00	7.242835e-02	6.545004e-04	6.545004e-04
3.600000e+00	3.700000e+00	6.876082e-02	6.377443e-04	6.377443e-04
3.700000e+00	3.800000e+00	6.660655e-02	6.276615e-04	6.276615e-04
3.800000e+00	3.900000e+00	6.358684e-02	6.132809e-04	6.132809e-04
3.900000e+00	4.000000e+00	5.899036e-02	5.907643e-04	5.907643e-04
4.000000e+00	4.100000e+00	5.796099e-02	5.854789e-04	5.854789e-04
4.100000e+00	4.200000e+00	5.450965e-02	5.678775e-04	5.678775e-04
4.200000e+00	4.300000e+00	5.287364e-02	5.592284e-04	5.592284e-04
4.300000e+00	4.400000e+00	5.088850e-02	5.487622e-04	5.487622e-04
4.400000e+00	4.500000e+00	4.895745e-02	5.381139e-04	5.381139e-04
4.500000e+00	4.600000e+00	4.791327e-02	5.323585e-04	5.323585e-04
4.600000e+00	4.700000e+00	4.507635e-02	5.164224e-04	5.164224e-04
4.700000e+00	4.800000e+00	4.412613e-02	5.109152e-04	5.109152e-04
4.800000e+00	4.900000e+00	4.395685e-02	5.099075e-04	5.099075e-04
4.900000e+00	5.000000e+00	4.031647e-02	4.883665e-04	4.883665e-04
5.000000e+00	5.100000e+00	3.995262e-02	4.861247e-04	4.861247e-04
5.100000e+00	5.200000e+00	3.781870e-02	4.730739e-04	4.730739e-04
5.200000e+00	5.300000e+00	3.738827e-02	4.702886e-04	4.702886e-04
5.300000e+00	5.400000e+00	3.602246e-02	4.615752e-04	4.615752e-04
5.400000e+00	5.500000e+00	3.439062e-02	4.510060e-04	4.510060e-04
5.500000e+00	5.600000e+00	3.370967e-02	4.465556e-04	4.465556e-04
5.600000e+00	5.700000e+00	3.189080e-02	4.343754e-04	4.343754e-04
5.700000e+00	5.800000e+00	3.078738e-02	4.267076e-04	4.267076e-04
5.800000e+00	5.900000e+00	2.979158e-02	4.197822e-04	4.197822e-04
5.900000e+00	6.000000e+00	2.891354e-02	4.136420e-04	4.136420e-04
6.000000e+00	6.100000e+00	2.833099e-02	4.093667e-04	4.093667e-04
6.100000e+00	6.200000e+00	2.714790e-02	4.007930e-04	4.007930e-04
6.200000e+00	6.300000e+00	2.602336e-02	3.923320e-04	3.923320e-04
6.300000e+00	6.400000e+00	2.602672e-02	3.923888e-04	3.923888e-04
6.400000e+00	6.500000e+00	2.515620e-02	3.857058e-04	3.857058e-04
6.500000e+00	6.600000e+00	2.461670e-02	3.815927e-04	3.815927e-04
6.600000e+00	6.700000e+00	2.375355e-02	3.748538e-04	3.748538e-04
6.700000e+00	6.800000e+00	2.327959e-02	3.710822e-04	3.710822e-04
6.800000e+00	6.900000e+00	2.222509e-02	3.625623e-04	3.625623e-04
6.900000e+00	7.000000e+00	2.208797e-02	3.615540e-04	3.615540e-04
7.000000e+00	7.100000e+00	2.047598e-02	3.480198e-04	3.480198e-04
7.100000e+00	7.200000e+00	2.029777e-02	3.464907e-04	3.464907e-04
7.200000e+00	7.300000e+00	1.985480e-02	3.427521e-04	3.427521e-04
7.300000e+00	7.400000e+00	1.933637e-02	3.381529e-04	3.381529e-04
7.400000e+00	7.500000e+00	1.899039e-02	3.351422e-04	3.351422e-04
7.500000e+00	7.600000e+00	1.883709e-02	3.337911e-04	3.337911e-04
7.600000e+00	7.700000e+00	1.797112e-02	3.260690e-04	3.260690e-04
7.700000e+00	7.800000e+00	1.779376e-02	3.243924e-04	3.243924e-04
7.800000e+00	7.900000e+00	1.697961e-02	3.168998e-04	3.168998e-04
7.900000e+00	8.000000e+00	1.655803e-02	3.129919e-04	3.129919e-04
8.000000e+00	8.100000e+00	1.587215e-02	3.063744e-04	3.063744e-04
8.100000e+00	8.200000e+00	1.563864e-02	3.040805e-04	3.040805e-04
8.200000e+00	8.300000e+00	1.491509e-02	2.970075e-04	2.970075e-04
8.300000e+00	8.400000e+00	1.517166e-02	2.995815e-04	2.995815e-04
8.400000e+00	8.500000e+00	1.439211e-02	2.917917e-04	2.917917e-04
8.500000e+00	8.600000e+00	1.385806e-02	2.863083e-04	2.863083e-04
8.600000e+00	8.700000e+00	1.349630e-02	2.825311e-04	2.825311e-04
8.700000e+00	8.800000e+00	1.356550e-02	2.832339e-04	2.832339e-04
8.800000e+00	8.900000e+00	1.259364e-02	2.729505e-04	2.729505e-04
8.900000e+00	9.000000e+00	1.342742e-02	2.818377e-04	2.818377e-04
9.000000e+00	9.100000e+00	1.272000e-02	2.743448e-04	2.743448e-04
9.100000e+00	9.200000e+00	1.249031e-02	2.717907e-04	2.717907e-04
9.200000e+00	9.300000e+00	1.187925e-02	2.650410e-04	2.650410e-04
9.300000e+00	9.400000e+00	1.148380e-02	2.605971e-04	2.605971e-04
9.400000e+00	9.500000e+00	1.143012e-02	2.600646e-04	2.600646e-04
9.500000e+00	9.600000e+00	1.112049e-02	2.564942e-04	2.564942e-04
9.600000e+00	9.700000e+00	1.090403e-02	2.540202e-04	2.540202e-04
9.700000e+00	9.800000e+00	1.059336e-02	2.503253e-04	2.503253e-04
9.800000e+00	9.900000e+00	1.077654e-02	2.524725e-04	2.524725e-04
9.900000e+00	1.000000e+01	9.768380e-03	2.403394e-04	2.403394e-04
1.000000e+01	1.010000e+01	9.505623e-03	2.371457e-04	2.371457e-04
1.010000e+01	1.020000e+01	9.818271e-03	2.409920e-04	2.409920e-04
1.020000e+01	1.030000e+01	9.680555e-03	2.393651e-04	2.393651e-04
1.030000e+01	1.040000e+01	9.236195e-03	2.338099e-04	2.338099e-04
1.040000e+01	1.050000e+01	9.219504e-03	2.335032e-04	2.335032e-04
1.050000e+01	1.060000e+01	8.756518e-03	2.276388e-04	2.276388e-04
1.060000e+01	1.070000e+01	8.632237e-03	2.259178e-04	2.259178e-04
1.070000e+01	1.080000e+01	8.595570e-03	2.255126e-04	2.255126e-04
1.080000e+01	1.090000e+01	8.428135e-03	2.232735e-04	2.232735e-04
1.090000e+01	1.100000e+01	7.677470e-03	2.131197e-04	2.131197e-04
1.100000e+01	1.110000e+01	7.841302e-03	2.153392e-04	2.153392e-04
1.110000e+01	1.120000e+01	7.859058e-03	2.155836e-04	2.155836e-04
1.120000e+01	1.130000e+01	7.676979e-03	2.130909e-04	2.130909e-04
1.130000e+01	1.140000e+01	7.365239e-03	2.087471e-04	2.087471e-04
1.140000e+01	1.150000e+01	6.855457e-03	2.013836e-04	2.013836e-04
1.150000e+01	1.160000e+01	7.399681e-03	2.092193e-04	2.092193e-04
1.160000e+01	1.170000e+01	6.891589e-03	2.019215e-04	2.019215e-04
1.170000e+01	1.180000e+01	6.866224e-03	2.015175e-04	2.015175e-04
1.180000e+01	1.190000e+01	6.729264e-03	1.994810e-04	1.994810e-04
1.190000e+01	1.200000e+01	6.598695e-03	1.975279e-04	1.975279e-04
1.200000e+01	1.210000e+01	6.351777e-03	1.938215e-04	1.938215e-04
1.210000e+01	1.220000e+01	6.837417e-03	2.011087e-04	2.011087e-04
1.220000e+01	1.230000e+01	6.152966e-03	1.908093e-04	1.908093e-04
1.230000e+01	1.240000e+01	6.038602e-03	1.889894e-04	1.889894e-04
1.240000e+01	1.250000e+01	6.198323e-03	1.914713e-04	1.914713e-04
1.250000e+01	1.260000e+01	6.162831e-03	1.909243e-04	1.909243e-04
1.260000e+01	1.270000e+01	5.901984e-03	1.868285e-04	1.868285e-04
1.270000e+01	1.280000e+01	5.723932e-03	1.839774e-04	1.839774e-04
1.280000e+01	1.290000e+01	5.537837e-03	1.810268e-04	1.810268e-04
1.290000e+01	1.300000e+01	5.457104e-03	1.796234e-04	1.796234e-04
1.300000e+01	1.310000e+01	5.304235e-03	1.771093e-04	1.771093e-04
1.310000e+01	1.320000e+01	5.167975e-03	1.748109e-04	1.748109e-04
1.320000e+01	1.330000e+01	5.235134e-03	1.759906e-04	1.759906e-04
1.330000e+01	1.340000e+01	5.269966e-03	1.765598e-04	1.765598e-04
1.340000e+01	1.350000e+01	5.248087e-03	1.762311e-04	1.762311e-04
1.350000e+01	1.360000e+01	4.948860e-03	1.710588e-04	1.710588e-04
1.360000e+01	1.370000e+01	4.853773e-03	1.693982e-04	1.693982e-04
1.370000e+01	1.380000e+01	5.038422e-03	1.726171e-04	1.726171e-04
1.380000e+01	1.390000e+01	4.741573e-03	1.674312e-04	1.674312e-04
1.390000e+01	1.400000e+01	4.565073e-03	1.643028e-04	1.643028e-04
1.400000e+01	1.410000e+01	4.759922e-03	1.677666e-04	1.677666e-04
1.410000e+01	1.420000e+01	4.600956e-03	1.649550e-04	1.649550e-04
1.420000e+01	1.430000e+01	4.106538e-03	1.558926e-04	1.558926e-04
1.430000e+01	1.440000e+01	4.225368e-03	1.581492e-04	1.581492e-04
1.440000e+01	1.450000e+01	4.356928e-03	1.604896e-04	1.604896e-04
1.450000e+01	1.460000e+01	3.880315e-03	1.515040e-04	1.515040e-04
1.460000e+01	1.470000e+01	4.116820e-03	1.560562e-04	1.560562e-04
1.470000e+01	1.480000e+01	3.926345e-03	1.523737e-04	1.523737e-04
1.480000e+01	1.490000e+01	4.079535e-03	1.553061e-04	1.553061e-04
1.490000e+01	1.500000e+01	3.909528e-03	1.520708e-04	1.520708e-04
1.500000e+01	1.510000e+01	3.829924e-03	1.505968e-04	1.505968e-04
1.510000e+01	1.520000e+01	3.915445e-03	1.521942e-04	1.521942e-04
1.520000e+01	1.530000e+01	4.088669e-03	1.555513e-04	1.555513e-04
1.530000e+01	1.540000e+01	3.751916e-03	1.490215e-04	1.490215e-04
1.540000e+01	1.550000e+01	3.575186e-03	1.454958e-04	1.454958e-04
1.550000e+01	1.560000e+01	3.595473e-03	1.458177e-04	1.458177e-04
1.560000e+01	1.570000e+01	3.636564e-03	1.466414e-04	1.466414e-04
1.570000e+01	1.580000e+01	3.671750e-03	1.473430e-04	1.473430e-04
1.580000e+01	1.590000e+01	3.595600e-03	1.458249e-04	1.458249e-04
1.590000e+01	1.600000e+01	3.383779e-03	1.414932e-04	1.414932e-04
1.600000e+01	1.610000e+01	3.477349e-03	1.434059e-04	1.434059e-04
1.610000e+01	1.620000e+01	3.311440e-03	1.399364e-04	1.399364e-04
1.620000e+01	1.630000e+01	3.234225e-03	1.382863e-04	1.382863e-04
1.630000e+01	1.640000e+01	3.258672e-03	1.388259e-04	1.388259e-04
1.640000e+01	1.650000e+01	3.170139e-03	1.369312e-04	1.369312e-04
1.650000e+01	1.660000e+01	3.248161e-03	1.386393e-04	1.386393e-04
1.660000e+01	1.670000e+01	3.008860e-03	1.333654e-04	1.333654e-04
1.670000e+01	1.680000e+01	3.076783e-03	1.349431e-04	1.349431e-04
1.680000e+01	1.690000e+01	3.009882e-03	1.334120e-04	1.334120e-04
1.690000e+01	1.700000e+01	2.979215e-03	1.327048e-04	1.327048e-04
1.700000e+01	1.710000e+01	3.140155e-03	1.362733e-04	1.362733e-04
1.710000e+01	1.720000e+01	3.112097e-03	1.357005e-04	1.357005e-04
1.720000e+01	1.730000e+01	2.856539e-03	1.299811e-04	1.299811e-04
1.730000e+01	1.740000e+01	2.920715e-03	1.314095e-04	1.314095e-04
1.740000e+01	1.750000e+01	2.968029e-03	1.324701e-04	1.324701e-04
1.750000e+01	1.760000e+01	2.702965e-03	1.264419e-04	1.264419e-04
1.760000e+01	1.770000e+01	2.731958e-03	1.271043e-04	1.271043e-04
1.770000e+01	1.780000e+01	2.633853e-03	1.248912e-04	1.248912e-04
1.780000e+01	1.790000e+01	2.885068e-03	1.306012e-04	1.306012e-04
1.790000e+01	1.800000e+01	2.732772e-03	1.271478e-04	1.271478e-04
1.800000e+01	1.810000e+01	2.738499e-03	1.272726e-04	1.272726e-04
1.810000e+01	1.820000e+01	2.471598e-03	1.208909e-04	1.208909e-04
1.820000e+01	1.830000e+01	2.708590e-03	1.265654e-04	1.265654e-04
1.830000e+01	1.840000e+01	2.618810e-03	1.244235e-04	1.244235e-04
1.840000e+01	1.850000e+01	2.565886e-03	1.231668e-04	1.231668e-04
1.850000e+01	1.860000e+01	2.500457e-03	1.215764e-04	1.215764e-04
1.860000e+01	1.870000e+01	2.358946e-03	1.180953e-04	1.180953e-04
1.870000e+01	1.880000e+01	2.468249e-03	1.209064e-04	1.209064e-04
1.880000e+01	1.890000e+01	2.503594e-03	1.217640e-04	1.217640e-04
1.890000e+01	1.900000e+01	2.259341e-03	1.156022e-04	1.156022e-04
1.900000e+01	1.910000e+01	2.382503e-03	1.186811e-04	1.186811e-04
1.910000e+01	1.920000e+01	2.574407e-03	1.234435e-04	1.234435e-04
1.920000e+01	1.930000e+01	2.371090e-03	1.184079e-04	1.184079e-04
1.930000e+01	1.940000e+01	2.590907e-03	1.238025e-04	1.238025e-04
1.940000e+01	1.950000e+01	2.476911e-03	1.210051e-04	1.210051e-04
1.950000e+01	1.960000e+01	2.231048e-03	1.149126e-04	1.149126e-04
1.960000e+01	1.970000e+01	2.525482e-03	1.222243e-04	1.222243e-04
1.970000e+01	1.980000e+01	2.080770e-03	1.109055e-04	1.109055e-04
1.980000e+01	1.990000e+01	2.228796e-03	1.147891e-04	1.147891e-04
1.990000e+01	2.000000e+01	2.234422e-03	1.149262e-04	1.149262e-04
2.000000e+01	2.010000e+01	2.176742e-03	1.134729e-04	1.134729e-04
2.010000e+01	2.020000e+01	2.270183e-03	1.158502e-04	1.158502e-04
2.020000e+01	2.030000e+01	2.093385e-03	1.112630e-04	1.112630e-04
2.030000e+01	2.040000e+01	1.880033e-03	1.054272e-04	1.054272e-04
2.040000e+01	2.050000e+01	2.293985e-03	1.164599e-04	1.164599e-04
2.050000e+01	2.060000e+01	2.270111e-03	1.158463e-04	1.158463e-04
2.060000e+01	2.070000e+01	2.110300e-03	1.116889e-04	1.116889e-04
2.070000e+01	2.080000e+01	2.417689e-03	1.195470e-04	1.195470e-04
2.080000e+01	2.090000e+01	2.383278e-03	1.187231e-04	1.187231e-04
2.090000e+01	2.100000e+01	2.140301e-03	1.124923e-04	1.124923e-04
2.100000e+01	2.110000e+01	2.147422e-03	1.127162e-04	1.127162e-04
2.110000e+01	2.120000e+01	2.217630e-03	1.145197e-04	1.145197e-04
2.120000e+01	2.130000e+01	2.156724e-03	1.130805e-04	1.130805e-04
2.130000e+01	2.140000e+01	2.128205e-03	1.121664e-04	1.121664e-04
2.140000e+01	2.150000e+01	1.868712e-03	1.051251e-04	1.051251e-04
2.150000e+01	2.160000e+01	2.128895e-03	1.122046e-04	1.122046e-04
2.160000e+01	2.170000e+01	1.945316e-03	1.072499e-04	1.072499e-04
2.170000e+01	2.180000e+01	2.022830e-03	1.093848e-04	1.093848e-04
2.180000e+01	2.190000e+01	1.921146e-03	1.065660e-04	1.065660e-04
2.190000e+01	2.200000e+01	1.997984e-03	1.086760e-04	1.086760e-04
2.200000e+01	2.210000e+01	1.998796e-03	1.087221e-04	1.087221e-04
2.210000e+01	2.220000e+01	2.015811e-03	1.091623e-04	1.091623e-04
2.220000e+01	2.230000e+01	2.100065e-03	1.114715e-04	1.114715e-04
2.230000e+01	2.240000e+01	1.970739e-03	1.079997e-04	1.079997e-04
2.240000e+01	2.250000e+01	1.982972e-03	1.083568e-04	1.083568e-04
2.250000e+01	2.260000e+01	1.998489e-03	1.089145e-04	1.089145e-04
2.260000e+01	2.270000e+01	1.785267e-03	1.027306e-04	1.027306e-04
2.270000e+01	2.280000e+01	1.999807e-03	1.087788e-04	1.087788e-04
2.280000e+01	2.290000e+01	1.786773e-03	1.028281e-04	1.028281e-04
2.290000e+01	2.300000e+01	1.897762e-03	1.059229e-04	1.059229e-04
2.300000e+01	2.310000e+01	1.868612e-03	1.051188e-04	1.051188e-04
2.310000e+01	2.320000e+01	1.844387e-03	1.044179e-04	1.044179e-04
2.320000e+01	2.330000e+01	1.862667e-03	1.049503e-04	1.049503e-04
2.330000e+01	2.340000e+01	1.936254e-03	1.070974e-04	1.070974e-04
2.340000e+01	2.350000e+01	1.927459e-03	1.067525e-04	1.067525e-04
2.350000e+01	2.360000e+01	1.810004e-03	1.034756e-04	1.034756e-04
2.360000e+01	2.370000e+01	1.779582e-03	1.025740e-04	1.025740e-04
2.370000e+01	2.380000e+01	1.720230e-03	1.008417e-04	1.008417e-04
2.380000e+01	2.390000e+01	1.779740e-03	1.025837e-04	1.025837e-04
2.390000e+01	2.400000e+01	1.880567e-03	1.054602e-04	1.054602e-04
2.400000e+01	2.410000e+01	1.696952e-03	1.001685e-04	1.001685e-04
2.410000e+01	2.420000e+01	1.874702e-03	1.052974e-04	1.052974e-04
2.420000e+01	2.430000e+01	1.826681e-03	1.039164e-04	1.039164e-04
2.430000e+01	2.440000e+01	1.892973e-03	1.058250e-04	1.058250e-04
2.440000e+01	2.450000e+01	1.732882e-03	1.012386e-04	1.012386e-04
2.450000e+01	2.460000e+01	1.809130e-03	1.034216e-04	1.034216e-04
2.460000e+01	2.470000e+01	1.833087e-03	1.041134e-04	1.041134e-04
2.470000e+01	2.480000e+01	1.903896e-03	1.061012e-04	1.061012e-04
2.480000e+01	2.490000e+01	1.909316e-03	1.062372e-04	1.062372e-04
2.490000e+01	2.500000e+01	1.644014e-03	9.860301e-05	9.860301e-05
2.500000e+01	2.510000e+01	1.838809e-03	1.042696e-04	1.042696e-04
2.510000e+01	2.520000e+01	1.685865e-03	9.986625e-05	9.986625e-05
2.520000e+01	2.530000e+01	1.885868e-03	1.055885e-04	1.055885e-04
2.530000e+01	2.540000e+01	1.749698e-03	1.016991e-04	1.016991e-04
2.540000e+01	2.550000e+01	1.952464e-03	1.074851e-04	1.074851e-04
2.550000e+01	2.560000e+01	1.857740e-03	1.048443e-04	1.048443e-04
2.560000e+01	2.570000e+01	1.903893e-03	1.061010e-04	1.061010e-04
2.570000e+01	2.580000e+01	1.821899e-03	1.038148e-04	1.038148e-04
2.580000e+01	2.590000e+01	1.826907e-03	1.039294e-04	1.039294e-04
2.590000e+01	2.600000e+01	1.845233e-03	1.044675e-04	1.044675e-04
2.600000e+01	2.610000e+01	1.590181e-03	9.695509e-05	9.695509e-05
2.610000e+01	2.620000e+01	1.841189e-03	1.044192e-04	1.044192e-04
2.620000e+01	2.630000e+01	1.951254e-03	1.074139e-04	1.074139e-04
2.630000e+01	2.640000e+01	1.543100e-03	9.551591e-05	9.551591e-05
2.640000e+01	2.650000e+01	1.956588e-03	1.075438e-04	1.075438e-04
2.650000e+01	2.660000e+01	1.915799e-03	1.064338e-04	1.064338e-04
2.660000e+01	2.670000e+01	1.775430e-03	1.025248e-04	1.025248e-04
2.670000e+01	2.680000e+01	1.827427e-03	1.039601e-04	1.039601e-04
2.680000e+01	2.690000e+01	1.779751e-03	1.025835e-04	1.025835e-04
2.690000e+01	2.700000e+01	1.963008e-03	1.077346e-04	1.077346e-04
2.700000e+01	2.710000e+01	1.951159e-03	1.074083e-04	1.074083e-04
2.710000e+01	2.720000e+01	1.579293e-03	9.665478e-05	9.665478e-05
2.720000e+01	2.730000e+01	1.814792e-03	1.035757e-04	1.035757e-04
2.730000e+01	2.740000e+01	1.826978e-03	1.039340e-04	1.039340e-04
2.740000e+01	2.750000e+01	1.904300e-03	1.061262e-04	1.061262e-04
2.750000e+01	2.760000e+01	1.856775e-03	1.047852e-04	1.047852e-04
2.760000e+01	2.770000e+01	2.017405e-03	1.092542e-04	1.092542e-04
2.770000e+01	2.780000e+01	1.686217e-03	9.988776e-05	9.988776e-05
2.780000e+01	2.790000e+01	2.154081e-03	1.129143e-04	1.129143e-04
2.790000e+01	2.800000e+01	1.820631e-03	1.037401e-04	1.037401e-04
2.800000e+01	2.810000e+01	1.944915e-03	1.072267e-04	1.072267e-04
2.810000e+01	2.820000e+01	1.821066e-03	1.037657e-04	1.037657e-04
2.820000e+01	2.830000e+01	1.892376e-03	1.057900e-04	1.057900e-04
2.830000e+01	2.840000e+01	1.709031e-03	1.005338e-04	1.005338e-04
2.840000e+01	2.850000e+01	1.678823e-03	9.961981e-05	9.961981e-05
2.850000e+01	2.860000e+01	1.678772e-03	9.961679e-05	9.961679e-05
2.860000e+01	2.870000e+01	1.851463e-03	1.046551e-04	1.046551e-04
2.870000e+01	2.880000e+01	1.708320e-03	1.004894e-04	1.004894e-04
2.880000e+01	2.890000e+01	1.667870e-03	9.932397e-05	9.932397e-05
2.890000e+01	2.900000e+01	1.900742e-03	1.061288e-04	1.061288e-04
2.900000e+01	2.910000e+01	1.709550e-03	1.005663e-04	1.005663e-04
2.910000e+01	2.920000e+01	1.649208e-03	9.873553e-05	9.873553e-05
2.920000e+01	2.930000e+01	1.732469e-03	1.012131e-04	1.012131e-04
2.930000e+01	2.940000e+01	1.916278e-03	1.064636e-04	1.064636e-04
2.940000e+01	2.950000e+01	1.828589e-03	1.040448e-04	1.040448e-04
2.950000e+01	2.960000e+01	1.785346e-03	1.027353e-04	1.027353e-04
2.960000e+01	2.970000e+01	1.640666e-03	9.860309e-05	9.860309e-05
2.970000e+01	2.980000e+01	1.561183e-03	9.608630e-05	9.608630e-05
2.980000e+01	2.990000e+01	1.578275e-03	9.658885e-05	9.658885e-05
2.990000e+01	3.000000e+01	1.678764e-03	9.961632e-05	9.961632e-05
# END HISTO1D

