# BEGIN PLOT
Legend=1
LogY=1
Title=Transverse momentum of charged particles
XLabel=$p_\perp$ [GeV]
YLabel=$1/\sigma \; \mathrm{d}\sigma/\mathrm{d}p_\perp$ [GeV$^{-1}$]
FullRange=1
DrawOnly=//home/mogzyb/Work/Dis-2.0/ZH/Analysis.yoda/MC_FSPARTICLES/PtCh
LegendOnly=//home/mogzyb/Work/Dis-2.0/ZH/Analysis.yoda/MC_FSPARTICLES/PtCh
# END PLOT

# BEGIN HISTO1D //home/mogzyb/Work/Dis-2.0/ZH/Analysis.yoda/MC_FSPARTICLES/PtCh
LineColor=red
LineStyle=solid
Path=//home/mogzyb/Work/Dis-2.0/ZH/Analysis.yoda/MC_FSPARTICLES/PtCh
ScaledBy=1.10731771468769517e-04
Title=Analysis
# xlow	 xhigh	 val	 errminus	 errplus
0.000000e+00	1.000000e-01	0.000000e+00	0.000000e+00	0.000000e+00
1.000000e-01	2.000000e-01	0.000000e+00	0.000000e+00	0.000000e+00
2.000000e-01	3.000000e-01	0.000000e+00	0.000000e+00	0.000000e+00
3.000000e-01	4.000000e-01	0.000000e+00	0.000000e+00	0.000000e+00
4.000000e-01	5.000000e-01	0.000000e+00	0.000000e+00	0.000000e+00
5.000000e-01	6.000000e-01	5.725207e-01	2.386163e-03	2.386163e-03
6.000000e-01	7.000000e-01	5.102645e-01	2.252707e-03	2.252707e-03
7.000000e-01	8.000000e-01	4.552660e-01	2.127805e-03	2.127805e-03
8.000000e-01	9.000000e-01	4.154874e-01	2.032710e-03	2.032710e-03
9.000000e-01	1.000000e+00	3.758626e-01	1.933354e-03	1.933354e-03
1.000000e+00	1.100000e+00	3.403099e-01	1.839742e-03	1.839742e-03
1.100000e+00	1.200000e+00	3.089225e-01	1.752840e-03	1.752840e-03
1.200000e+00	1.300000e+00	2.860410e-01	1.686722e-03	1.686722e-03
1.300000e+00	1.400000e+00	2.623504e-01	1.615247e-03	1.615247e-03
1.400000e+00	1.500000e+00	2.422962e-01	1.552343e-03	1.552343e-03
1.500000e+00	1.600000e+00	2.232067e-01	1.489893e-03	1.489893e-03
1.600000e+00	1.700000e+00	2.096200e-01	1.443789e-03	1.443789e-03
1.700000e+00	1.800000e+00	1.947070e-01	1.391571e-03	1.391571e-03
1.800000e+00	1.900000e+00	1.815240e-01	1.343664e-03	1.343664e-03
1.900000e+00	2.000000e+00	1.743525e-01	1.316754e-03	1.316754e-03
2.000000e+00	2.100000e+00	1.610724e-01	1.265786e-03	1.265786e-03
2.100000e+00	2.200000e+00	1.510219e-01	1.225577e-03	1.225577e-03
2.200000e+00	2.300000e+00	1.445961e-01	1.199109e-03	1.199109e-03
2.300000e+00	2.400000e+00	1.354911e-01	1.160871e-03	1.160871e-03
2.400000e+00	2.500000e+00	1.290478e-01	1.132884e-03	1.132884e-03
2.500000e+00	2.600000e+00	1.222306e-01	1.102523e-03	1.102523e-03
2.600000e+00	2.700000e+00	1.141302e-01	1.065380e-03	1.065380e-03
2.700000e+00	2.800000e+00	1.087638e-01	1.040117e-03	1.040117e-03
2.800000e+00	2.900000e+00	1.040799e-01	1.017350e-03	1.017350e-03
2.900000e+00	3.000000e+00	1.019262e-01	1.006862e-03	1.006862e-03
3.000000e+00	3.100000e+00	9.493156e-02	9.717417e-04	9.717417e-04
3.100000e+00	3.200000e+00	8.915669e-02	9.416023e-04	9.416023e-04
3.200000e+00	3.300000e+00	8.714576e-02	9.309159e-04	9.309159e-04
3.300000e+00	3.400000e+00	8.241282e-02	9.055741e-04	9.055741e-04
3.400000e+00	3.500000e+00	7.867175e-02	8.844811e-04	8.844811e-04
3.500000e+00	3.600000e+00	7.719588e-02	8.761853e-04	8.761853e-04
3.600000e+00	3.700000e+00	7.290463e-02	8.515276e-04	8.515276e-04
3.700000e+00	3.800000e+00	6.975339e-02	8.328471e-04	8.328471e-04
3.800000e+00	3.900000e+00	6.691893e-02	8.157432e-04	8.157432e-04
3.900000e+00	4.000000e+00	6.299955e-02	7.915528e-04	7.915528e-04
4.000000e+00	4.100000e+00	6.217372e-02	7.862760e-04	7.862760e-04
4.100000e+00	4.200000e+00	5.848550e-02	7.627752e-04	7.627752e-04
4.200000e+00	4.300000e+00	5.688192e-02	7.521407e-04	7.521407e-04
4.300000e+00	4.400000e+00	5.478413e-02	7.383914e-04	7.383914e-04
4.400000e+00	4.500000e+00	5.336664e-02	7.284869e-04	7.284869e-04
4.500000e+00	4.600000e+00	5.178927e-02	7.176668e-04	7.176668e-04
4.600000e+00	4.700000e+00	4.837472e-02	6.936695e-04	6.936695e-04
4.700000e+00	4.800000e+00	4.727099e-02	6.856149e-04	6.856149e-04
4.800000e+00	4.900000e+00	4.821452e-02	6.925009e-04	6.925009e-04
4.900000e+00	5.000000e+00	4.365542e-02	6.589097e-04	6.589097e-04
5.000000e+00	5.100000e+00	4.361531e-02	6.585936e-04	6.585936e-04
5.100000e+00	5.200000e+00	4.097091e-02	6.384336e-04	6.384336e-04
5.200000e+00	5.300000e+00	4.101071e-02	6.386390e-04	6.386390e-04
5.300000e+00	5.400000e+00	3.945417e-02	6.263543e-04	6.263543e-04
5.400000e+00	5.500000e+00	3.801459e-02	6.148408e-04	6.148408e-04
5.500000e+00	5.600000e+00	3.734580e-02	6.094814e-04	6.094814e-04
5.600000e+00	5.700000e+00	3.480796e-02	5.884035e-04	5.884035e-04
5.700000e+00	5.800000e+00	3.439584e-02	5.848484e-04	5.848484e-04
5.800000e+00	5.900000e+00	3.273025e-02	5.705666e-04	5.705666e-04
5.900000e+00	6.000000e+00	3.195769e-02	5.638519e-04	5.638519e-04
6.000000e+00	6.100000e+00	3.056558e-02	5.513010e-04	5.513010e-04
6.100000e+00	6.200000e+00	3.059031e-02	5.517141e-04	5.517141e-04
6.200000e+00	6.300000e+00	2.852879e-02	5.326406e-04	5.326406e-04
6.300000e+00	6.400000e+00	2.882440e-02	5.354777e-04	5.354777e-04
6.400000e+00	6.500000e+00	2.789976e-02	5.267003e-04	5.267003e-04
6.500000e+00	6.600000e+00	2.727897e-02	5.208838e-04	5.208838e-04
6.600000e+00	6.700000e+00	2.660003e-02	5.143315e-04	5.143315e-04
6.700000e+00	6.800000e+00	2.570830e-02	5.056769e-04	5.056769e-04
6.800000e+00	6.900000e+00	2.463886e-02	4.949737e-04	4.949737e-04
6.900000e+00	7.000000e+00	2.473515e-02	4.961572e-04	4.961572e-04
7.000000e+00	7.100000e+00	2.319905e-02	4.803317e-04	4.803317e-04
7.100000e+00	7.200000e+00	2.270422e-02	4.751989e-04	4.751989e-04
7.200000e+00	7.300000e+00	2.190253e-02	4.667787e-04	4.667787e-04
7.300000e+00	7.400000e+00	2.189274e-02	4.665597e-04	4.665597e-04
7.400000e+00	7.500000e+00	2.122148e-02	4.594082e-04	4.594082e-04
7.500000e+00	7.600000e+00	2.116341e-02	4.587958e-04	4.587958e-04
7.600000e+00	7.700000e+00	2.067573e-02	4.534788e-04	4.534788e-04
7.700000e+00	7.800000e+00	2.008306e-02	4.468477e-04	4.468477e-04
7.800000e+00	7.900000e+00	1.925883e-02	4.375943e-04	4.375943e-04
7.900000e+00	8.000000e+00	1.876380e-02	4.321029e-04	4.321029e-04
8.000000e+00	8.100000e+00	1.804914e-02	4.236718e-04	4.236718e-04
8.100000e+00	8.200000e+00	1.808178e-02	4.239618e-04	4.239618e-04
8.200000e+00	8.300000e+00	1.681581e-02	4.089447e-04	4.089447e-04
8.300000e+00	8.400000e+00	1.749584e-02	4.171937e-04	4.171937e-04
8.400000e+00	8.500000e+00	1.619986e-02	4.013928e-04	4.013928e-04
8.500000e+00	8.600000e+00	1.511862e-02	3.878078e-04	3.878078e-04
8.600000e+00	8.700000e+00	1.497697e-02	3.859421e-04	3.859421e-04
8.700000e+00	8.800000e+00	1.540144e-02	3.913294e-04	3.913294e-04
8.800000e+00	8.900000e+00	1.447135e-02	3.794040e-04	3.794040e-04
8.900000e+00	9.000000e+00	1.502911e-02	3.866586e-04	3.866586e-04
9.000000e+00	9.100000e+00	1.461370e-02	3.813110e-04	3.813110e-04
9.100000e+00	9.200000e+00	1.415952e-02	3.752345e-04	3.752345e-04
9.200000e+00	9.300000e+00	1.313460e-02	3.613985e-04	3.613985e-04
9.300000e+00	9.400000e+00	1.347012e-02	3.659385e-04	3.659385e-04
9.400000e+00	9.500000e+00	1.254463e-02	3.532935e-04	3.532935e-04
9.500000e+00	9.600000e+00	1.254370e-02	3.532764e-04	3.532764e-04
9.600000e+00	9.700000e+00	1.242712e-02	3.516807e-04	3.516807e-04
9.700000e+00	9.800000e+00	1.199347e-02	3.453772e-04	3.453772e-04
9.800000e+00	9.900000e+00	1.223032e-02	3.487323e-04	3.487323e-04
9.900000e+00	1.000000e+01	1.130336e-02	3.352208e-04	3.352208e-04
1.000000e+01	1.010000e+01	1.078168e-02	3.275124e-04	3.275124e-04
1.010000e+01	1.020000e+01	1.145708e-02	3.375786e-04	3.375786e-04
1.020000e+01	1.030000e+01	1.103563e-02	3.314376e-04	3.314376e-04
1.030000e+01	1.040000e+01	1.075703e-02	3.272510e-04	3.272510e-04
1.040000e+01	1.050000e+01	1.060970e-02	3.248115e-04	3.248115e-04
1.050000e+01	1.060000e+01	1.003771e-02	3.160353e-04	3.160353e-04
1.060000e+01	1.070000e+01	1.004064e-02	3.159402e-04	3.159402e-04
1.070000e+01	1.080000e+01	9.954009e-03	3.146359e-04	3.146359e-04
1.080000e+01	1.090000e+01	9.736021e-03	3.111769e-04	3.111769e-04
1.090000e+01	1.100000e+01	8.813328e-03	2.961320e-04	2.961320e-04
1.100000e+01	1.110000e+01	8.898216e-03	2.974393e-04	2.974393e-04
1.110000e+01	1.120000e+01	8.630793e-03	2.929550e-04	2.929550e-04
1.120000e+01	1.130000e+01	8.870643e-03	2.970213e-04	2.970213e-04
1.130000e+01	1.140000e+01	8.681723e-03	2.938391e-04	2.938391e-04
1.140000e+01	1.150000e+01	7.749274e-03	2.776744e-04	2.776744e-04
1.150000e+01	1.160000e+01	8.771692e-03	2.953721e-04	2.953721e-04
1.160000e+01	1.170000e+01	7.739816e-03	2.775099e-04	2.775099e-04
1.170000e+01	1.180000e+01	8.025248e-03	2.825117e-04	2.825117e-04
1.180000e+01	1.190000e+01	7.555291e-03	2.740620e-04	2.740620e-04
1.190000e+01	1.200000e+01	7.833556e-03	2.790602e-04	2.790602e-04
1.200000e+01	1.210000e+01	7.387157e-03	2.710113e-04	2.710113e-04
1.210000e+01	1.220000e+01	8.004820e-03	2.821438e-04	2.821438e-04
1.220000e+01	1.230000e+01	7.241273e-03	2.684019e-04	2.684019e-04
1.230000e+01	1.240000e+01	7.069962e-03	2.651521e-04	2.651521e-04
1.240000e+01	1.250000e+01	7.218997e-03	2.679263e-04	2.679263e-04
1.250000e+01	1.260000e+01	7.020608e-03	2.642311e-04	2.642311e-04
1.260000e+01	1.270000e+01	6.941050e-03	2.627314e-04	2.627314e-04
1.270000e+01	1.280000e+01	6.393791e-03	2.521532e-04	2.521532e-04
1.280000e+01	1.290000e+01	6.495380e-03	2.542006e-04	2.542006e-04
1.290000e+01	1.300000e+01	6.381703e-03	2.518665e-04	2.518665e-04
1.300000e+01	1.310000e+01	6.283593e-03	2.499586e-04	2.499586e-04
1.310000e+01	1.320000e+01	5.836734e-03	2.409110e-04	2.409110e-04
1.320000e+01	1.330000e+01	6.046450e-03	2.452302e-04	2.452302e-04
1.330000e+01	1.340000e+01	6.085848e-03	2.460175e-04	2.460175e-04
1.340000e+01	1.350000e+01	6.139762e-03	2.472124e-04	2.472124e-04
1.350000e+01	1.360000e+01	5.834949e-03	2.408347e-04	2.408347e-04
1.360000e+01	1.370000e+01	5.695387e-03	2.379285e-04	2.379285e-04
1.370000e+01	1.380000e+01	5.896771e-03	2.421583e-04	2.421583e-04
1.380000e+01	1.390000e+01	5.357801e-03	2.307774e-04	2.307774e-04
1.390000e+01	1.400000e+01	5.228742e-03	2.279850e-04	2.279850e-04
1.400000e+01	1.410000e+01	5.547494e-03	2.348467e-04	2.348467e-04
1.410000e+01	1.420000e+01	5.648135e-03	2.369955e-04	2.369955e-04
1.420000e+01	1.430000e+01	4.804247e-03	2.186067e-04	2.186067e-04
1.430000e+01	1.440000e+01	4.892903e-03	2.205963e-04	2.205963e-04
1.440000e+01	1.450000e+01	5.099089e-03	2.251305e-04	2.251305e-04
1.450000e+01	1.460000e+01	4.316757e-03	2.072164e-04	2.072164e-04
1.460000e+01	1.470000e+01	5.031994e-03	2.237140e-04	2.237140e-04
1.470000e+01	1.480000e+01	4.514407e-03	2.118756e-04	2.118756e-04
1.480000e+01	1.490000e+01	4.850767e-03	2.195849e-04	2.195849e-04
1.490000e+01	1.500000e+01	4.615198e-03	2.142709e-04	2.142709e-04
1.500000e+01	1.510000e+01	4.364120e-03	2.082906e-04	2.082906e-04
1.510000e+01	1.520000e+01	4.740819e-03	2.170672e-04	2.170672e-04
1.520000e+01	1.530000e+01	4.865361e-03	2.200394e-04	2.200394e-04
1.530000e+01	1.540000e+01	4.399924e-03	2.093108e-04	2.093108e-04
1.540000e+01	1.550000e+01	4.251932e-03	2.058124e-04	2.058124e-04
1.550000e+01	1.560000e+01	4.444923e-03	2.102416e-04	2.102416e-04
1.560000e+01	1.570000e+01	4.354255e-03	2.080558e-04	2.080558e-04
1.570000e+01	1.580000e+01	4.463940e-03	2.106678e-04	2.106678e-04
1.580000e+01	1.590000e+01	4.286077e-03	2.064611e-04	2.064611e-04
1.590000e+01	1.600000e+01	4.108660e-03	2.021940e-04	2.021940e-04
1.600000e+01	1.610000e+01	4.324057e-03	2.073231e-04	2.073231e-04
1.610000e+01	1.620000e+01	4.156370e-03	2.032995e-04	2.032995e-04
1.620000e+01	1.630000e+01	3.787677e-03	1.940499e-04	1.940499e-04
1.630000e+01	1.640000e+01	3.908080e-03	1.971394e-04	1.971394e-04
1.640000e+01	1.650000e+01	3.678431e-03	1.912345e-04	1.912345e-04
1.650000e+01	1.660000e+01	3.899986e-03	1.969999e-04	1.969999e-04
1.660000e+01	1.670000e+01	3.737078e-03	1.927251e-04	1.927251e-04
1.670000e+01	1.680000e+01	3.651264e-03	1.906255e-04	1.906255e-04
1.680000e+01	1.690000e+01	3.758118e-03	1.932986e-04	1.932986e-04
1.690000e+01	1.700000e+01	3.657419e-03	1.906561e-04	1.906561e-04
1.700000e+01	1.710000e+01	3.828591e-03	1.951274e-04	1.951274e-04
1.710000e+01	1.720000e+01	3.908908e-03	1.971871e-04	1.971871e-04
1.720000e+01	1.730000e+01	3.329650e-03	1.819183e-04	1.819183e-04
1.730000e+01	1.740000e+01	3.548769e-03	1.878212e-04	1.878212e-04
1.740000e+01	1.750000e+01	3.637961e-03	1.901595e-04	1.901595e-04
1.750000e+01	1.760000e+01	3.132386e-03	1.764929e-04	1.764929e-04
1.760000e+01	1.770000e+01	3.320678e-03	1.817031e-04	1.817031e-04
1.770000e+01	1.780000e+01	3.201025e-03	1.783874e-04	1.783874e-04
1.780000e+01	1.790000e+01	3.538859e-03	1.875598e-04	1.875598e-04
1.790000e+01	1.800000e+01	3.511408e-03	1.869082e-04	1.869082e-04
1.800000e+01	1.810000e+01	3.341677e-03	1.823105e-04	1.823105e-04
1.810000e+01	1.820000e+01	3.052295e-03	1.742057e-04	1.742057e-04
1.820000e+01	1.830000e+01	3.232221e-03	1.792940e-04	1.792940e-04
1.830000e+01	1.840000e+01	3.240016e-03	1.794479e-04	1.794479e-04
1.840000e+01	1.850000e+01	3.310242e-03	1.814008e-04	1.814008e-04
1.850000e+01	1.860000e+01	3.259947e-03	1.800005e-04	1.800005e-04
1.860000e+01	1.870000e+01	3.022019e-03	1.733252e-04	1.733252e-04
1.870000e+01	1.880000e+01	3.086265e-03	1.753575e-04	1.753575e-04
1.880000e+01	1.890000e+01	3.135569e-03	1.767369e-04	1.767369e-04
1.890000e+01	1.900000e+01	2.802753e-03	1.669015e-04	1.669015e-04
1.900000e+01	1.910000e+01	2.803223e-03	1.669298e-04	1.669298e-04
1.910000e+01	1.920000e+01	3.265019e-03	1.803001e-04	1.803001e-04
1.920000e+01	1.930000e+01	2.833423e-03	1.678400e-04	1.678400e-04
1.930000e+01	1.940000e+01	3.201901e-03	1.784386e-04	1.784386e-04
1.940000e+01	1.950000e+01	3.289929e-03	1.808309e-04	1.808309e-04
1.950000e+01	1.960000e+01	2.913085e-03	1.701876e-04	1.701876e-04
1.960000e+01	1.970000e+01	3.232454e-03	1.793190e-04	1.793190e-04
1.970000e+01	1.980000e+01	2.584046e-03	1.602557e-04	1.602557e-04
1.980000e+01	1.990000e+01	2.932301e-03	1.707257e-04	1.707257e-04
1.990000e+01	2.000000e+01	2.822591e-03	1.674899e-04	1.674899e-04
2.000000e+01	2.010000e+01	2.684815e-03	1.633955e-04	1.633955e-04
2.010000e+01	2.020000e+01	2.961714e-03	1.715675e-04	1.715675e-04
2.020000e+01	2.030000e+01	2.654598e-03	1.624602e-04	1.624602e-04
2.030000e+01	2.040000e+01	2.445394e-03	1.559130e-04	1.559130e-04
2.040000e+01	2.050000e+01	3.111232e-03	1.758577e-04	1.758577e-04
2.050000e+01	2.060000e+01	2.802696e-03	1.668981e-04	1.668981e-04
2.060000e+01	2.070000e+01	2.594022e-03	1.605659e-04	1.605659e-04
2.070000e+01	2.080000e+01	3.090916e-03	1.752698e-04	1.752698e-04
2.080000e+01	2.090000e+01	3.190622e-03	1.780835e-04	1.780835e-04
2.090000e+01	2.100000e+01	2.723961e-03	1.645616e-04	1.645616e-04
2.100000e+01	2.110000e+01	2.805516e-03	1.670771e-04	1.670771e-04
2.110000e+01	2.120000e+01	3.022866e-03	1.733766e-04	1.733766e-04
2.120000e+01	2.130000e+01	2.727172e-03	1.647788e-04	1.647788e-04
2.130000e+01	2.140000e+01	2.763268e-03	1.657301e-04	1.657301e-04
2.140000e+01	2.150000e+01	2.466113e-03	1.566018e-04	1.566018e-04
2.150000e+01	2.160000e+01	2.843464e-03	1.681406e-04	1.681406e-04
2.160000e+01	2.170000e+01	2.604850e-03	1.609303e-04	1.609303e-04
2.170000e+01	2.180000e+01	2.645471e-03	1.622092e-04	1.622092e-04
2.180000e+01	2.190000e+01	2.564211e-03	1.596408e-04	1.596408e-04
2.190000e+01	2.200000e+01	2.514505e-03	1.580856e-04	1.580856e-04
2.200000e+01	2.210000e+01	2.762941e-03	1.657102e-04	1.657102e-04
2.210000e+01	2.220000e+01	2.663651e-03	1.627084e-04	1.627084e-04
2.220000e+01	2.230000e+01	2.795465e-03	1.667853e-04	1.667853e-04
2.230000e+01	2.240000e+01	2.617440e-03	1.614052e-04	1.614052e-04
2.240000e+01	2.250000e+01	2.804378e-03	1.670011e-04	1.670011e-04
2.250000e+01	2.260000e+01	2.626374e-03	1.616609e-04	1.616609e-04
2.260000e+01	2.270000e+01	2.474893e-03	1.568400e-04	1.568400e-04
2.270000e+01	2.280000e+01	2.694952e-03	1.637095e-04	1.637095e-04
2.280000e+01	2.290000e+01	2.397719e-03	1.544709e-04	1.544709e-04
2.290000e+01	2.300000e+01	2.654097e-03	1.624284e-04	1.624284e-04
2.300000e+01	2.310000e+01	2.485822e-03	1.572195e-04	1.572195e-04
2.310000e+01	2.320000e+01	2.494785e-03	1.574695e-04	1.574695e-04
2.320000e+01	2.330000e+01	2.415535e-03	1.549570e-04	1.549570e-04
2.330000e+01	2.340000e+01	2.675627e-03	1.631413e-04	1.631413e-04
2.340000e+01	2.350000e+01	2.634446e-03	1.618336e-04	1.618336e-04
2.350000e+01	2.360000e+01	2.494598e-03	1.574576e-04	1.574576e-04
2.360000e+01	2.370000e+01	2.464782e-03	1.565138e-04	1.565138e-04
2.370000e+01	2.380000e+01	2.484807e-03	1.571530e-04	1.571530e-04
2.380000e+01	2.390000e+01	2.415908e-03	1.549827e-04	1.549827e-04
2.390000e+01	2.400000e+01	2.504537e-03	1.577710e-04	1.577710e-04
2.400000e+01	2.410000e+01	2.346179e-03	1.527242e-04	1.527242e-04
2.410000e+01	2.420000e+01	2.645142e-03	1.621906e-04	1.621906e-04
2.420000e+01	2.430000e+01	2.534585e-03	1.587221e-04	1.587221e-04
2.430000e+01	2.440000e+01	2.654279e-03	1.624398e-04	1.624398e-04
2.440000e+01	2.450000e+01	2.366939e-03	1.534306e-04	1.534306e-04
2.450000e+01	2.460000e+01	2.554230e-03	1.593285e-04	1.593285e-04
2.460000e+01	2.470000e+01	2.584345e-03	1.602746e-04	1.602746e-04
2.470000e+01	2.480000e+01	2.743064e-03	1.651131e-04	1.651131e-04
2.480000e+01	2.490000e+01	2.554260e-03	1.593303e-04	1.593303e-04
2.490000e+01	2.500000e+01	2.227141e-03	1.488097e-04	1.488097e-04
2.500000e+01	2.510000e+01	2.614347e-03	1.612079e-04	1.612079e-04
2.510000e+01	2.520000e+01	2.397212e-03	1.544257e-04	1.544257e-04
2.520000e+01	2.530000e+01	2.544291e-03	1.590182e-04	1.590182e-04
2.530000e+01	2.540000e+01	2.425028e-03	1.552465e-04	1.552465e-04
2.540000e+01	2.550000e+01	2.834592e-03	1.679154e-04	1.679154e-04
2.550000e+01	2.560000e+01	2.693783e-03	1.636359e-04	1.636359e-04
2.560000e+01	2.570000e+01	2.664405e-03	1.627567e-04	1.627567e-04
2.570000e+01	2.580000e+01	2.675594e-03	1.631382e-04	1.631382e-04
2.580000e+01	2.590000e+01	2.564782e-03	1.596770e-04	1.596770e-04
2.590000e+01	2.600000e+01	2.635348e-03	1.618914e-04	1.618914e-04
2.600000e+01	2.610000e+01	2.345519e-03	1.526803e-04	1.526803e-04
2.610000e+01	2.620000e+01	2.698119e-03	1.639259e-04	1.639259e-04
2.620000e+01	2.630000e+01	2.862499e-03	1.686745e-04	1.686745e-04
2.630000e+01	2.640000e+01	2.256561e-03	1.497741e-04	1.497741e-04
2.640000e+01	2.650000e+01	2.812635e-03	1.671938e-04	1.671938e-04
2.650000e+01	2.660000e+01	2.743646e-03	1.651486e-04	1.651486e-04
2.660000e+01	2.670000e+01	2.547801e-03	1.592744e-04	1.592744e-04
2.670000e+01	2.680000e+01	2.654788e-03	1.624727e-04	1.624727e-04
2.680000e+01	2.690000e+01	2.495213e-03	1.574970e-04	1.574970e-04
2.690000e+01	2.700000e+01	2.882633e-03	1.692746e-04	1.692746e-04
2.700000e+01	2.710000e+01	2.833323e-03	1.678326e-04	1.678326e-04
2.710000e+01	2.720000e+01	2.416801e-03	1.550443e-04	1.550443e-04
2.720000e+01	2.730000e+01	2.683553e-03	1.633159e-04	1.633159e-04
2.730000e+01	2.740000e+01	2.644411e-03	1.621407e-04	1.621407e-04
2.740000e+01	2.750000e+01	2.834005e-03	1.678786e-04	1.678786e-04
2.750000e+01	2.760000e+01	2.753290e-03	1.654294e-04	1.654294e-04
2.760000e+01	2.770000e+01	2.994231e-03	1.725946e-04	1.725946e-04
2.770000e+01	2.780000e+01	2.486289e-03	1.572526e-04	1.572526e-04
2.780000e+01	2.790000e+01	3.174504e-03	1.777557e-04	1.777557e-04
2.790000e+01	2.800000e+01	2.693371e-03	1.636106e-04	1.636106e-04
2.800000e+01	2.810000e+01	2.872278e-03	1.689575e-04	1.689575e-04
2.810000e+01	2.820000e+01	2.694102e-03	1.636565e-04	1.636565e-04
2.820000e+01	2.830000e+01	2.704672e-03	1.640003e-04	1.640003e-04
2.830000e+01	2.840000e+01	2.505733e-03	1.578508e-04	1.578508e-04
2.840000e+01	2.850000e+01	2.464855e-03	1.565184e-04	1.565184e-04
2.850000e+01	2.860000e+01	2.484660e-03	1.571437e-04	1.571437e-04
2.860000e+01	2.870000e+01	2.775026e-03	1.661438e-04	1.661438e-04
2.870000e+01	2.880000e+01	2.554230e-03	1.593285e-04	1.593285e-04
2.880000e+01	2.890000e+01	2.406607e-03	1.547094e-04	1.547094e-04
2.890000e+01	2.900000e+01	2.922546e-03	1.704471e-04	1.704471e-04
2.900000e+01	2.910000e+01	2.495156e-03	1.574939e-04	1.574939e-04
2.910000e+01	2.920000e+01	2.534353e-03	1.587073e-04	1.587073e-04
2.920000e+01	2.930000e+01	2.614710e-03	1.612320e-04	1.612320e-04
2.930000e+01	2.940000e+01	2.913797e-03	1.702324e-04	1.702324e-04
2.940000e+01	2.950000e+01	2.647118e-03	1.623416e-04	1.623416e-04
2.950000e+01	2.960000e+01	2.584340e-03	1.602742e-04	1.602742e-04
2.960000e+01	2.970000e+01	2.370910e-03	1.537286e-04	1.537286e-04
2.970000e+01	2.980000e+01	2.396291e-03	1.543624e-04	1.543624e-04
2.980000e+01	2.990000e+01	2.395212e-03	1.542891e-04	1.542891e-04
2.990000e+01	3.000000e+01	2.564169e-03	1.596382e-04	1.596382e-04
# END HISTO1D

