# BEGIN PLOT
Legend=1
LogY=1
Title=Durham jet resolution $3 \to 2$ ($E_\mathrm{CMS}=91.2$ GeV)
XLabel=$-\ln(y_{23})$
YLabel=$1/\sigma \; \mathrm{d}\sigma/\mathrm{d}\ln(y_{23})$
LegendXPos=0.15
LegendYPos=0.6
DrawOnly=/ALEPH_2004_S5765862/d157-x01-y01 //mt/home/mbridge/Work/LEP_Jets/Analysis.yoda/ALEPH_2004_S5765862/d157-x01-y01
LegendOnly=/ALEPH_2004_S5765862/d157-x01-y01 //mt/home/mbridge/Work/LEP_Jets/Analysis.yoda/ALEPH_2004_S5765862/d157-x01-y01
RatioPlot=1
RatioPlotReference=/ALEPH_2004_S5765862/d157-x01-y01
# END PLOT

# BEGIN HISTO1D /ALEPH_2004_S5765862/d157-x01-y01
ConnectBins=0
ErrorBars=1
IsRef=1
Path=/ALEPH_2004_S5765862/d157-x01-y01
PolyMarker=*
Title=Data
# xlow	 xhigh	 val	 errminus	 errplus
1.000000e+00	1.200000e+00	1.380000e-03	2.733130e-04	2.733130e-04
1.200000e+00	1.400000e+00	1.786000e-02	1.144246e-03	1.144246e-03
1.400000e+00	1.600000e+00	3.062000e-02	1.372953e-03	1.372953e-03
1.600000e+00	1.800000e+00	4.330000e-02	1.291859e-03	1.291859e-03
1.800000e+00	2.000000e+00	5.377000e-02	2.077884e-03	2.077884e-03
2.000000e+00	2.200000e+00	6.578000e-02	1.986102e-03	1.986102e-03
2.200000e+00	2.400000e+00	7.660000e-02	2.582673e-03	2.582673e-03
2.400000e+00	2.600000e+00	8.865000e-02	2.118348e-03	2.118348e-03
2.600000e+00	2.800000e+00	9.914000e-02	2.310260e-03	2.310260e-03
2.800000e+00	3.000000e+00	1.095200e-01	2.789211e-03	2.789211e-03
3.000000e+00	3.200000e+00	1.198900e-01	3.122579e-03	3.122579e-03
3.200000e+00	3.400000e+00	1.294300e-01	3.158117e-03	3.158117e-03
3.400000e+00	3.600000e+00	1.379100e-01	3.145187e-03	3.145187e-03
3.600000e+00	3.800000e+00	1.460400e-01	5.270806e-03	5.270806e-03
3.800000e+00	4.000000e+00	1.568300e-01	5.129103e-03	5.129103e-03
4.000000e+00	4.200000e+00	1.615400e-01	5.268861e-03	5.268861e-03
4.200000e+00	4.400000e+00	1.701200e-01	4.285160e-03	4.285160e-03
4.400000e+00	4.600000e+00	1.770500e-01	4.350828e-03	4.350828e-03
4.600000e+00	4.800000e+00	1.859700e-01	4.609761e-03	4.609761e-03
4.800000e+00	5.000000e+00	1.919600e-01	4.603140e-03	4.603140e-03
5.000000e+00	5.200000e+00	2.019100e-01	4.728689e-03	4.728689e-03
5.200000e+00	5.400000e+00	2.135800e-01	4.864874e-03	4.864874e-03
5.400000e+00	5.600000e+00	2.242000e-01	5.455181e-03	5.455181e-03
5.600000e+00	5.800000e+00	2.388300e-01	5.917119e-03	5.917119e-03
5.800000e+00	6.000000e+00	2.480500e-01	6.079836e-03	6.079836e-03
6.000000e+00	6.200000e+00	2.527700e-01	5.254179e-03	5.254179e-03
6.200000e+00	6.400000e+00	2.495700e-01	5.706961e-03	5.706961e-03
6.400000e+00	6.600000e+00	2.413000e-01	6.815262e-03	6.815262e-03
6.600000e+00	6.800000e+00	2.212500e-01	1.128700e-02	1.128700e-02
6.800000e+00	7.000000e+00	1.916700e-01	8.852853e-03	8.852853e-03
7.000000e+00	7.200000e+00	1.612100e-01	7.712075e-03	7.712075e-03
7.200000e+00	7.400000e+00	1.264900e-01	8.359671e-03	8.359671e-03
7.400000e+00	7.600000e+00	9.439000e-02	6.183381e-03	6.183381e-03
7.600000e+00	7.800000e+00	6.597000e-02	4.473992e-03	4.473992e-03
7.800000e+00	8.000000e+00	4.344000e-02	3.420249e-03	3.420249e-03
8.000000e+00	8.200000e+00	2.638000e-02	2.329764e-03	2.329764e-03
8.200000e+00	8.400000e+00	1.559000e-02	1.848405e-03	1.848405e-03
8.400000e+00	8.600000e+00	8.820000e-03	1.894861e-03	1.894861e-03
8.600000e+00	8.800000e+00	4.790000e-03	1.643107e-03	1.643107e-03
8.800000e+00	9.000000e+00	2.530000e-03	1.308778e-03	1.308778e-03
9.000000e+00	9.200000e+00	1.700000e-03	1.238749e-03	1.238749e-03
9.200000e+00	9.400000e+00	9.500000e-04	7.805767e-04	7.805767e-04
9.400000e+00	9.600000e+00	4.100000e-04	3.446738e-04	3.446738e-04
9.600000e+00	9.800000e+00	3.700000e-04	3.977436e-04	3.977436e-04
9.800000e+00	1.000000e+01	1.900000e-04	1.987461e-04	1.987461e-04
1.000000e+01	1.020000e+01	1.100000e-04	6.708204e-05	6.708204e-05
1.020000e+01	1.040000e+01	9.000000e-05	1.334166e-04	1.334166e-04
1.040000e+01	1.060000e+01	3.000000e-05	2.634388e-04	2.634388e-04
1.060000e+01	1.080000e+01	5.000000e-05	5.916080e-05	5.916080e-05
# END HISTO1D


# BEGIN HISTO1D //mt/home/mbridge/Work/LEP_Jets/Analysis.yoda/ALEPH_2004_S5765862/d157-x01-y01
LineColor=red
LineStyle=solid
Path=//mt/home/mbridge/Work/LEP_Jets/Analysis.yoda/ALEPH_2004_S5765862/d157-x01-y01
ScaledBy=5.94055776320561839e-12
Title=Analysis
# xlow	 xhigh	 val	 errminus	 errplus
1.000000e+00	1.200000e+00	1.748987e-03	2.956328e-04	2.956328e-04
1.200000e+00	1.400000e+00	1.669034e-02	9.132545e-04	9.132545e-04
1.400000e+00	1.600000e+00	2.888327e-02	1.201386e-03	1.201386e-03
1.600000e+00	1.800000e+00	4.012676e-02	1.416043e-03	1.416043e-03
1.800000e+00	2.000000e+00	4.962127e-02	1.574683e-03	1.574683e-03
2.000000e+00	2.200000e+00	5.881595e-02	1.714379e-03	1.714379e-03
2.200000e+00	2.400000e+00	7.321920e-02	1.912996e-03	1.912996e-03
2.400000e+00	2.600000e+00	8.449470e-02	2.055497e-03	2.055497e-03
2.600000e+00	2.800000e+00	9.185745e-02	2.142617e-03	2.142617e-03
2.800000e+00	3.000000e+00	1.037912e-01	2.279869e-03	2.279869e-03
3.000000e+00	3.200000e+00	1.140327e-01	2.387730e-03	2.387730e-03
3.200000e+00	3.400000e+00	1.184176e-01	2.433066e-03	2.433066e-03
3.400000e+00	3.600000e+00	1.356915e-01	2.604187e-03	2.604187e-03
3.600000e+00	3.800000e+00	1.463683e-01	2.705063e-03	2.705063e-03
3.800000e+00	4.000000e+00	1.520935e-01	2.758578e-03	2.758578e-03
4.000000e+00	4.200000e+00	1.630861e-01	2.856836e-03	2.856836e-03
4.200000e+00	4.400000e+00	1.700808e-01	2.917224e-03	2.917224e-03
4.400000e+00	4.600000e+00	1.855967e-01	3.047880e-03	3.047880e-03
4.600000e+00	4.800000e+00	1.900953e-01	3.083587e-03	3.083587e-03
4.800000e+00	5.000000e+00	2.011276e-01	3.173080e-03	3.173080e-03
5.000000e+00	5.200000e+00	2.085159e-01	3.231844e-03	3.231844e-03
5.200000e+00	5.400000e+00	2.253992e-01	3.358098e-03	3.358098e-03
5.400000e+00	5.600000e+00	2.376217e-01	3.446865e-03	3.446865e-03
5.600000e+00	5.800000e+00	2.491130e-01	3.530292e-03	3.530292e-03
5.800000e+00	6.000000e+00	2.625406e-01	3.622882e-03	3.622882e-03
6.000000e+00	6.200000e+00	2.654614e-01	3.643141e-03	3.643141e-03
6.200000e+00	6.400000e+00	2.630812e-01	3.626056e-03	3.626056e-03
6.400000e+00	6.600000e+00	2.422960e-01	3.480392e-03	3.480392e-03
6.600000e+00	6.800000e+00	2.178928e-01	3.300359e-03	3.300359e-03
6.800000e+00	7.000000e+00	1.855515e-01	3.045605e-03	3.045605e-03
7.000000e+00	7.200000e+00	1.501039e-01	2.739247e-03	2.739247e-03
7.200000e+00	7.400000e+00	1.193793e-01	2.443017e-03	2.443017e-03
7.400000e+00	7.600000e+00	8.814070e-02	2.099298e-03	2.099298e-03
7.600000e+00	7.800000e+00	5.967695e-02	1.727060e-03	1.727060e-03
7.800000e+00	8.000000e+00	4.038251e-02	1.420658e-03	1.420658e-03
8.000000e+00	8.200000e+00	2.365768e-02	1.091025e-03	1.091025e-03
8.200000e+00	8.400000e+00	1.534341e-02	8.756980e-04	8.756980e-04
8.400000e+00	8.600000e+00	9.406990e-03	6.861583e-04	6.861583e-04
8.600000e+00	8.800000e+00	4.297511e-03	4.634126e-04	4.634126e-04
8.800000e+00	9.000000e+00	2.898322e-03	3.805683e-04	3.805683e-04
9.000000e+00	9.200000e+00	1.449161e-03	2.691024e-04	2.691024e-04
9.200000e+00	9.400000e+00	8.994790e-04	2.120093e-04	2.120093e-04
9.400000e+00	9.600000e+00	3.997685e-04	1.413395e-04	1.413395e-04
9.600000e+00	9.800000e+00	2.498553e-04	1.117387e-04	1.117387e-04
9.800000e+00	1.000000e+01	3.015368e-04	1.231118e-04	1.231118e-04
1.000000e+01	1.020000e+01	4.997106e-05	4.997106e-05	4.997106e-05
1.020000e+01	1.040000e+01	0.000000e+00	0.000000e+00	0.000000e+00
1.040000e+01	1.060000e+01	4.997106e-05	4.997106e-05	4.997106e-05
1.060000e+01	1.080000e+01	0.000000e+00	0.000000e+00	0.000000e+00
# END HISTO1D

