# BEGIN PLOT
Legend=1
LogY=1
Title=5-jet fraction ($E_\mathrm{CMS}=91.2$ GeV)
XLabel=$\ln(y_\mathrm{cut})$
YLabel=$\sigma(\mathrm{5~jet})/\sigma(\mathrm{inclusive})$
LegendXPos=0.15
LegendYPos=0.6
DrawOnly=/ALEPH_2004_S5765862/d219-x01-y01 //mt/home/mbridge/Work/LEP_Jets/Analysis.yoda/ALEPH_2004_S5765862/d219-x01-y01
LegendOnly=/ALEPH_2004_S5765862/d219-x01-y01 //mt/home/mbridge/Work/LEP_Jets/Analysis.yoda/ALEPH_2004_S5765862/d219-x01-y01
RatioPlot=1
RatioPlotReference=/ALEPH_2004_S5765862/d219-x01-y01
# END PLOT

# BEGIN HISTO1D /ALEPH_2004_S5765862/d219-x01-y01
ConnectBins=0
ErrorBars=1
IsRef=1
Path=/ALEPH_2004_S5765862/d219-x01-y01
PolyMarker=*
Title=Data
# xlow	 xhigh	 val	 errminus	 errplus
-1.000000e+01	-9.800000e+00	5.770000e-03	7.854298e-04	7.854298e-04
-9.800000e+00	-9.600000e+00	1.129000e-02	8.648699e-04	8.648699e-04
-9.600000e+00	-9.400000e+00	2.099000e-02	1.092932e-03	1.092932e-03
-9.400000e+00	-9.200000e+00	3.699000e-02	1.111081e-03	1.111081e-03
-9.200000e+00	-9.000000e+00	5.969000e-02	1.511655e-03	1.511655e-03
-9.000000e+00	-8.800000e+00	8.982000e-02	2.805958e-03	2.805958e-03
-8.800000e+00	-8.600000e+00	1.247700e-01	3.816360e-03	3.816360e-03
-8.600000e+00	-8.400000e+00	1.621700e-01	4.960514e-03	4.960514e-03
-8.400000e+00	-8.200000e+00	1.974200e-01	4.829845e-03	4.829845e-03
-8.200000e+00	-8.000000e+00	2.257300e-01	3.409311e-03	3.409311e-03
-8.000000e+00	-7.800000e+00	2.452900e-01	2.922961e-03	2.922961e-03
-7.800000e+00	-7.600000e+00	2.521900e-01	3.217546e-03	3.217546e-03
-7.600000e+00	-7.400000e+00	2.489300e-01	3.878157e-03	3.878157e-03
-7.400000e+00	-7.200000e+00	2.342300e-01	4.995248e-03	4.995248e-03
-7.200000e+00	-7.000000e+00	2.100800e-01	5.794575e-03	5.794575e-03
-7.000000e+00	-6.800000e+00	1.805600e-01	5.886102e-03	5.886102e-03
-6.800000e+00	-6.600000e+00	1.491700e-01	6.297500e-03	6.297500e-03
-6.600000e+00	-6.400000e+00	1.183100e-01	6.116968e-03	6.116968e-03
-6.400000e+00	-6.200000e+00	9.014000e-02	6.108339e-03	6.108339e-03
-6.200000e+00	-6.000000e+00	6.624000e-02	5.575096e-03	5.575096e-03
-6.000000e+00	-5.800000e+00	4.782000e-02	4.598619e-03	4.598619e-03
-5.800000e+00	-5.600000e+00	3.371000e-02	3.350507e-03	3.350507e-03
-5.600000e+00	-5.400000e+00	2.328000e-02	2.529901e-03	2.529901e-03
-5.400000e+00	-5.200000e+00	1.589000e-02	1.947973e-03	1.947973e-03
-5.200000e+00	-5.000000e+00	1.068000e-02	1.140395e-03	1.140395e-03
-5.000000e+00	-4.800000e+00	6.910000e-03	7.742093e-04	7.742093e-04
-4.800000e+00	-4.600000e+00	4.260000e-03	4.973932e-04	4.973932e-04
-4.600000e+00	-4.400000e+00	2.500000e-03	3.275668e-04	3.275668e-04
-4.400000e+00	-4.200000e+00	1.370000e-03	1.920937e-04	1.920937e-04
-4.200000e+00	-4.000000e+00	7.400000e-04	8.774964e-05	8.774964e-05
-4.000000e+00	-3.800000e+00	2.900000e-04	1.100000e-04	1.100000e-04
-3.800000e+00	-3.600000e+00	1.200000e-04	5.196152e-05	5.196152e-05
-3.600000e+00	-3.400000e+00	4.000000e-05	2.449490e-05	2.449490e-05
# END HISTO1D


# BEGIN HISTO1D //mt/home/mbridge/Work/LEP_Jets/Analysis.yoda/ALEPH_2004_S5765862/d219-x01-y01
LineColor=red
LineStyle=solid
Path=//mt/home/mbridge/Work/LEP_Jets/Analysis.yoda/ALEPH_2004_S5765862/d219-x01-y01
ScaledBy=5.94055776320561839e-12
Title=Analysis
# xlow	 xhigh	 val	 errminus	 errplus
-1.000000e+01	-9.800000e+00	9.009595e-03	3.001674e-04	3.001674e-04
-9.800000e+00	-9.600000e+00	1.484234e-02	3.853205e-04	3.853205e-04
-9.600000e+00	-9.400000e+00	2.433049e-02	4.932973e-04	4.932973e-04
-9.400000e+00	-9.200000e+00	3.821752e-02	6.182134e-04	6.182134e-04
-9.200000e+00	-9.000000e+00	5.800790e-02	7.615734e-04	7.615734e-04
-9.000000e+00	-8.800000e+00	8.377565e-02	9.153178e-04	9.153178e-04
-8.800000e+00	-8.600000e+00	1.156680e-01	1.075488e-03	1.075488e-03
-8.600000e+00	-8.400000e+00	1.505640e-01	1.227059e-03	1.227059e-03
-8.400000e+00	-8.200000e+00	1.875119e-01	1.369427e-03	1.369427e-03
-8.200000e+00	-8.000000e+00	2.202373e-01	1.484215e-03	1.484215e-03
-8.000000e+00	-7.800000e+00	2.440359e-01	1.562243e-03	1.562243e-03
-7.800000e+00	-7.600000e+00	2.572011e-01	1.603903e-03	1.603903e-03
-7.600000e+00	-7.400000e+00	2.564372e-01	1.601595e-03	1.601595e-03
-7.400000e+00	-7.200000e+00	2.445345e-01	1.564051e-03	1.564051e-03
-7.200000e+00	-7.000000e+00	2.224540e-01	1.491833e-03	1.491833e-03
-7.000000e+00	-6.800000e+00	1.942871e-01	1.394079e-03	1.394079e-03
-6.800000e+00	-6.600000e+00	1.622033e-01	1.273839e-03	1.273839e-03
-6.600000e+00	-6.400000e+00	1.311630e-01	1.145640e-03	1.145640e-03
-6.400000e+00	-6.200000e+00	1.010876e-01	1.005770e-03	1.005770e-03
-6.200000e+00	-6.000000e+00	7.524905e-02	8.675186e-04	8.675186e-04
-6.000000e+00	-5.800000e+00	5.429490e-02	7.368565e-04	7.368565e-04
-5.800000e+00	-5.600000e+00	3.882715e-02	6.231318e-04	6.231318e-04
-5.600000e+00	-5.400000e+00	2.654891e-02	5.152837e-04	5.152837e-04
-5.400000e+00	-5.200000e+00	1.748058e-02	4.181450e-04	4.181450e-04
-5.200000e+00	-5.000000e+00	1.157723e-02	3.402356e-04	3.402356e-04
-5.000000e+00	-4.800000e+00	7.365735e-03	2.713203e-04	2.713203e-04
-4.800000e+00	-4.600000e+00	4.927146e-03	2.219075e-04	2.219075e-04
-4.600000e+00	-4.400000e+00	3.018252e-03	1.736809e-04	1.736809e-04
-4.400000e+00	-4.200000e+00	1.669033e-03	1.291537e-04	1.291537e-04
-4.200000e+00	-4.000000e+00	8.694965e-04	9.321981e-05	9.321981e-05
-4.000000e+00	-3.800000e+00	3.597916e-04	5.996528e-05	5.996528e-05
-3.800000e+00	-3.600000e+00	1.699016e-04	4.120719e-05	4.120719e-05
-3.600000e+00	-3.400000e+00	6.995950e-05	2.644220e-05	2.644220e-05
# END HISTO1D

