# BEGIN PLOT
Legend=1
LogY=1
Title=C-Parameter ($E_\mathrm{CMS}=91.2$ GeV)
XLabel=$C$
YLabel=$1/\sigma \; \mathrm{d}\sigma/\mathrm{d}C$
LegendXPos=0.15
LegendYPos=0.6
DrawOnly=/ALEPH_2004_S5765862/d86-x01-y01 //mt/home/mbridge/Work/LEP_Jets/Analysis.yoda/ALEPH_2004_S5765862/d86-x01-y01
LegendOnly=/ALEPH_2004_S5765862/d86-x01-y01 //mt/home/mbridge/Work/LEP_Jets/Analysis.yoda/ALEPH_2004_S5765862/d86-x01-y01
RatioPlot=1
RatioPlotReference=/ALEPH_2004_S5765862/d86-x01-y01
# END PLOT

# BEGIN HISTO1D /ALEPH_2004_S5765862/d86-x01-y01
ConnectBins=0
ErrorBars=1
IsRef=1
Path=/ALEPH_2004_S5765862/d86-x01-y01
PolyMarker=*
Title=Data
# xlow	 xhigh	 val	 errminus	 errplus
0.000000e+00	2.000000e-02	6.711000e-02	6.522147e-02	6.522147e-02
2.000000e-02	4.000000e-02	1.725200e-01	1.732184e-02	1.732184e-02
4.000000e-02	6.000000e-02	9.903800e-01	5.928157e-02	5.928157e-02
6.000000e-02	8.000000e-02	2.637860e+00	1.470914e-01	1.470914e-01
8.000000e-02	1.000000e-01	4.051420e+00	2.145353e-01	2.145353e-01
1.000000e-01	1.200000e-01	4.374760e+00	2.272031e-01	2.272031e-01
1.200000e-01	1.400000e-01	3.975320e+00	7.806441e-02	7.806441e-02
1.400000e-01	1.600000e-01	3.422430e+00	6.772863e-02	6.772863e-02
1.600000e-01	1.800000e-01	2.929730e+00	6.094941e-02	6.094941e-02
1.800000e-01	2.000000e-01	2.548540e+00	3.268407e-02	3.268407e-02
2.000000e-01	2.200000e-01	2.250120e+00	2.902130e-02	2.902130e-02
2.200000e-01	2.400000e-01	1.977010e+00	3.172943e-02	3.172943e-02
2.400000e-01	2.600000e-01	1.801340e+00	2.592662e-02	2.592662e-02
2.600000e-01	2.800000e-01	1.605940e+00	1.932028e-02	1.932028e-02
2.800000e-01	3.000000e-01	1.453210e+00	1.618114e-02	1.618114e-02
3.000000e-01	3.200000e-01	1.299520e+00	4.055223e-02	4.055223e-02
3.200000e-01	3.400000e-01	1.186030e+00	3.691786e-02	3.691786e-02
3.400000e-01	3.600000e-01	1.081690e+00	3.259402e-02	3.259402e-02
3.600000e-01	3.800000e-01	1.019950e+00	3.531179e-02	3.531179e-02
3.800000e-01	4.000000e-01	9.276800e-01	3.292740e-02	3.292740e-02
4.000000e-01	4.200000e-01	8.626700e-01	3.127544e-02	3.127544e-02
4.200000e-01	4.400000e-01	7.951200e-01	2.164832e-02	2.164832e-02
4.400000e-01	4.600000e-01	7.507400e-01	2.321866e-02	2.321866e-02
4.600000e-01	4.800000e-01	6.940800e-01	1.897085e-02	1.897085e-02
4.800000e-01	5.000000e-01	6.293100e-01	2.656544e-02	2.656544e-02
5.000000e-01	5.200000e-01	6.022700e-01	2.400893e-02	2.400893e-02
5.200000e-01	5.400000e-01	5.587000e-01	2.356577e-02	2.356577e-02
5.400000e-01	5.600000e-01	5.327200e-01	2.137970e-02	2.137970e-02
5.600000e-01	5.800000e-01	5.038800e-01	1.872664e-02	1.872664e-02
5.800000e-01	6.000000e-01	4.591800e-01	1.952863e-02	1.952863e-02
6.000000e-01	6.200000e-01	4.264200e-01	2.179867e-02	2.179867e-02
6.200000e-01	6.400000e-01	4.098400e-01	2.138274e-02	2.138274e-02
6.400000e-01	6.600000e-01	3.777900e-01	1.937490e-02	1.937490e-02
6.600000e-01	6.800000e-01	3.556300e-01	1.755582e-02	1.755582e-02
6.800000e-01	7.000000e-01	3.400000e-01	1.423789e-02	1.423789e-02
7.000000e-01	7.200000e-01	3.220500e-01	1.401127e-02	1.401127e-02
7.200000e-01	7.400000e-01	3.028600e-01	1.477789e-02	1.477789e-02
7.400000e-01	7.600000e-01	2.883800e-01	1.392238e-02	1.392238e-02
7.600000e-01	7.800000e-01	2.714700e-01	1.359709e-02	1.359709e-02
7.800000e-01	8.000000e-01	2.274200e-01	2.199366e-02	2.199366e-02
8.000000e-01	8.200000e-01	1.754200e-01	1.655307e-02	1.655307e-02
8.200000e-01	8.400000e-01	1.191900e-01	1.151773e-02	1.151773e-02
8.400000e-01	8.600000e-01	8.324000e-02	1.151929e-02	1.151929e-02
8.600000e-01	8.800000e-01	5.707000e-02	7.795499e-03	7.795499e-03
8.800000e-01	9.000000e-01	3.548000e-02	5.816752e-03	5.816752e-03
9.000000e-01	9.200000e-01	2.111000e-02	4.886604e-03	4.886604e-03
9.200000e-01	9.400000e-01	1.266000e-02	3.057286e-03	3.057286e-03
9.400000e-01	9.600000e-01	8.920000e-03	2.247198e-03	2.247198e-03
9.600000e-01	9.800000e-01	2.920000e-03	8.307828e-04	8.307828e-04
9.800000e-01	1.000000e+00	9.100000e-04	4.064480e-04	4.064480e-04
# END HISTO1D


# BEGIN HISTO1D //mt/home/mbridge/Work/LEP_Jets/Analysis.yoda/ALEPH_2004_S5765862/d86-x01-y01
LineColor=red
LineStyle=solid
Path=//mt/home/mbridge/Work/LEP_Jets/Analysis.yoda/ALEPH_2004_S5765862/d86-x01-y01
ScaledBy=5.94055776320561839e-12
Title=Analysis
# xlow	 xhigh	 val	 errminus	 errplus
0.000000e+00	2.000000e-02	4.917005e-02	5.037455e-03	5.037455e-03
2.000000e-02	4.000000e-02	4.059056e-01	1.424490e-02	1.424490e-02
4.000000e-02	6.000000e-02	1.303334e+00	2.552698e-02	2.552698e-02
6.000000e-02	8.000000e-02	2.529506e+00	3.556178e-02	3.556178e-02
8.000000e-02	1.000000e-01	3.437618e+00	4.145799e-02	4.145799e-02
1.000000e-01	1.200000e-01	3.848329e+00	4.386238e-02	4.386238e-02
1.200000e-01	1.400000e-01	3.787058e+00	4.352119e-02	4.352119e-02
1.400000e-01	1.600000e-01	3.519280e+00	4.195513e-02	4.195513e-02
1.600000e-01	1.800000e-01	3.122457e+00	3.951593e-02	3.951593e-02
1.800000e-01	2.000000e-01	2.751653e+00	3.710057e-02	3.710057e-02
2.000000e-01	2.200000e-01	2.402428e+00	3.468318e-02	3.468318e-02
2.200000e-01	2.400000e-01	2.147756e+00	3.277467e-02	3.277467e-02
2.400000e-01	2.600000e-01	1.882164e+00	3.068053e-02	3.068053e-02
2.600000e-01	2.800000e-01	1.661348e+00	2.882621e-02	2.882621e-02
2.800000e-01	3.000000e-01	1.533172e+00	2.769054e-02	2.769054e-02
3.000000e-01	3.200000e-01	1.432795e+00	2.676465e-02	2.676465e-02
3.200000e-01	3.400000e-01	1.201101e+00	2.450871e-02	2.450871e-02
3.400000e-01	3.600000e-01	1.163433e+00	2.412634e-02	2.412634e-02
3.600000e-01	3.800000e-01	1.012826e+00	2.250263e-02	2.250263e-02
3.800000e-01	4.000000e-01	9.741265e-01	2.207260e-02	2.207260e-02
4.000000e-01	4.200000e-01	8.429585e-01	2.053071e-02	2.053071e-02
4.200000e-01	4.400000e-01	7.730935e-01	1.966763e-02	1.966763e-02
4.400000e-01	4.600000e-01	7.161610e-01	1.891858e-02	1.891858e-02
4.600000e-01	4.800000e-01	6.617075e-01	1.818547e-02	1.818547e-02
4.800000e-01	5.000000e-01	6.269095e-01	1.771395e-02	1.771395e-02
5.000000e-01	5.200000e-01	5.792590e-01	1.701503e-02	1.701503e-02
5.200000e-01	5.400000e-01	5.697690e-01	1.690844e-02	1.690844e-02
5.400000e-01	5.600000e-01	5.189210e-01	1.611757e-02	1.611757e-02
5.600000e-01	5.800000e-01	4.993208e-01	1.579819e-02	1.579819e-02
5.800000e-01	6.000000e-01	4.363360e-01	1.476800e-02	1.476800e-02
6.000000e-01	6.200000e-01	3.997856e-01	1.413457e-02	1.413457e-02
6.200000e-01	6.400000e-01	4.022670e-01	1.417805e-02	1.417805e-02
6.400000e-01	6.600000e-01	3.662878e-01	1.352915e-02	1.352915e-02
6.600000e-01	6.800000e-01	3.308700e-01	1.285977e-02	1.285977e-02
6.800000e-01	7.000000e-01	3.174322e-01	1.259745e-02	1.259745e-02
7.000000e-01	7.200000e-01	2.963284e-01	1.216875e-02	1.216875e-02
7.200000e-01	7.400000e-01	2.798379e-01	1.182531e-02	1.182531e-02
7.400000e-01	7.600000e-01	2.608489e-01	1.141705e-02	1.141705e-02
7.600000e-01	7.800000e-01	2.548524e-01	1.128505e-02	1.128505e-02
7.800000e-01	8.000000e-01	2.178738e-01	1.043426e-02	1.043426e-02
8.000000e-01	8.200000e-01	1.559097e-01	8.826649e-03	8.826649e-03
8.200000e-01	8.400000e-01	1.179317e-01	7.676700e-03	7.676700e-03
8.400000e-01	8.600000e-01	8.495080e-02	6.515430e-03	6.515430e-03
8.600000e-01	8.800000e-01	4.647308e-02	4.819035e-03	4.819035e-03
8.800000e-01	9.000000e-01	3.198148e-02	3.997685e-03	3.997685e-03
9.000000e-01	9.200000e-01	2.298669e-02	3.389202e-03	3.389202e-03
9.200000e-01	9.400000e-01	1.149335e-02	2.396528e-03	2.396528e-03
9.400000e-01	9.600000e-01	8.495080e-03	2.060360e-03	2.060360e-03
9.600000e-01	9.800000e-01	2.498553e-03	1.117387e-03	1.117387e-03
9.800000e-01	1.000000e+00	9.994210e-04	7.066976e-04	7.066976e-04
# END HISTO1D

