# BEGIN PLOT
Legend=1
LogY=1
DrawOnly=//home/mogzyb/Work/Dis-2.0/Hvv/Analysis.yoda/MyHAnalysis/H_T
LegendOnly=//home/mogzyb/Work/Dis-2.0/Hvv/Analysis.yoda/MyHAnalysis/H_T
# END PLOT

# BEGIN HISTO1D //home/mogzyb/Work/Dis-2.0/Hvv/Analysis.yoda/MyHAnalysis/H_T
LineColor=red
LineStyle=solid
Path=//home/mogzyb/Work/Dis-2.0/Hvv/Analysis.yoda/MyHAnalysis/H_T
ScaledBy=1.00000000000000000e+00
Title=Analysis
# xlow	 xhigh	 val	 errminus	 errplus
5.000000e-01	5.050000e-01	0.000000e+00	0.000000e+00	0.000000e+00
5.050000e-01	5.100000e-01	0.000000e+00	0.000000e+00	0.000000e+00
5.100000e-01	5.150000e-01	0.000000e+00	0.000000e+00	0.000000e+00
5.150000e-01	5.200000e-01	0.000000e+00	0.000000e+00	0.000000e+00
5.200000e-01	5.250000e-01	0.000000e+00	0.000000e+00	0.000000e+00
5.250000e-01	5.300000e-01	0.000000e+00	0.000000e+00	0.000000e+00
5.300000e-01	5.350000e-01	0.000000e+00	0.000000e+00	0.000000e+00
5.350000e-01	5.400000e-01	0.000000e+00	0.000000e+00	0.000000e+00
5.400000e-01	5.450000e-01	0.000000e+00	0.000000e+00	0.000000e+00
5.450000e-01	5.500000e-01	0.000000e+00	0.000000e+00	0.000000e+00
5.500000e-01	5.550000e-01	0.000000e+00	0.000000e+00	0.000000e+00
5.550000e-01	5.600000e-01	0.000000e+00	0.000000e+00	0.000000e+00
5.600000e-01	5.650000e-01	0.000000e+00	0.000000e+00	0.000000e+00
5.650000e-01	5.700000e-01	0.000000e+00	0.000000e+00	0.000000e+00
5.700000e-01	5.750000e-01	0.000000e+00	0.000000e+00	0.000000e+00
5.750000e-01	5.800000e-01	0.000000e+00	0.000000e+00	0.000000e+00
5.800000e-01	5.850000e-01	0.000000e+00	0.000000e+00	0.000000e+00
5.850000e-01	5.900000e-01	0.000000e+00	0.000000e+00	0.000000e+00
5.900000e-01	5.950000e-01	0.000000e+00	0.000000e+00	0.000000e+00
5.950000e-01	6.000000e-01	0.000000e+00	0.000000e+00	0.000000e+00
6.000000e-01	6.050000e-01	0.000000e+00	0.000000e+00	0.000000e+00
6.050000e-01	6.100000e-01	0.000000e+00	0.000000e+00	0.000000e+00
6.100000e-01	6.150000e-01	0.000000e+00	0.000000e+00	0.000000e+00
6.150000e-01	6.200000e-01	0.000000e+00	0.000000e+00	0.000000e+00
6.200000e-01	6.250000e-01	0.000000e+00	0.000000e+00	0.000000e+00
6.250000e-01	6.300000e-01	0.000000e+00	0.000000e+00	0.000000e+00
6.300000e-01	6.350000e-01	0.000000e+00	0.000000e+00	0.000000e+00
6.350000e-01	6.400000e-01	0.000000e+00	0.000000e+00	0.000000e+00
6.400000e-01	6.450000e-01	0.000000e+00	0.000000e+00	0.000000e+00
6.450000e-01	6.500000e-01	0.000000e+00	0.000000e+00	0.000000e+00
6.500000e-01	6.550000e-01	0.000000e+00	0.000000e+00	0.000000e+00
6.550000e-01	6.600000e-01	0.000000e+00	0.000000e+00	0.000000e+00
6.600000e-01	6.650000e-01	0.000000e+00	0.000000e+00	0.000000e+00
6.650000e-01	6.700000e-01	0.000000e+00	0.000000e+00	0.000000e+00
6.700000e-01	6.750000e-01	0.000000e+00	0.000000e+00	0.000000e+00
6.750000e-01	6.800000e-01	0.000000e+00	0.000000e+00	0.000000e+00
6.800000e-01	6.850000e-01	0.000000e+00	0.000000e+00	0.000000e+00
6.850000e-01	6.900000e-01	0.000000e+00	0.000000e+00	0.000000e+00
6.900000e-01	6.950000e-01	0.000000e+00	0.000000e+00	0.000000e+00
6.950000e-01	7.000000e-01	0.000000e+00	0.000000e+00	0.000000e+00
7.000000e-01	7.050000e-01	0.000000e+00	0.000000e+00	0.000000e+00
7.050000e-01	7.100000e-01	0.000000e+00	0.000000e+00	0.000000e+00
7.100000e-01	7.150000e-01	0.000000e+00	0.000000e+00	0.000000e+00
7.150000e-01	7.200000e-01	0.000000e+00	0.000000e+00	0.000000e+00
7.200000e-01	7.250000e-01	0.000000e+00	0.000000e+00	0.000000e+00
7.250000e-01	7.300000e-01	0.000000e+00	0.000000e+00	0.000000e+00
7.300000e-01	7.350000e-01	0.000000e+00	0.000000e+00	0.000000e+00
7.350000e-01	7.400000e-01	0.000000e+00	0.000000e+00	0.000000e+00
7.400000e-01	7.450000e-01	0.000000e+00	0.000000e+00	0.000000e+00
7.450000e-01	7.500000e-01	0.000000e+00	0.000000e+00	0.000000e+00
7.500000e-01	7.550000e-01	0.000000e+00	0.000000e+00	0.000000e+00
7.550000e-01	7.600000e-01	0.000000e+00	0.000000e+00	0.000000e+00
7.600000e-01	7.650000e-01	0.000000e+00	0.000000e+00	0.000000e+00
7.650000e-01	7.700000e-01	0.000000e+00	0.000000e+00	0.000000e+00
7.700000e-01	7.750000e-01	0.000000e+00	0.000000e+00	0.000000e+00
7.750000e-01	7.800000e-01	0.000000e+00	0.000000e+00	0.000000e+00
7.800000e-01	7.850000e-01	0.000000e+00	0.000000e+00	0.000000e+00
7.850000e-01	7.900000e-01	0.000000e+00	0.000000e+00	0.000000e+00
7.900000e-01	7.950000e-01	0.000000e+00	0.000000e+00	0.000000e+00
7.950000e-01	8.000000e-01	0.000000e+00	0.000000e+00	0.000000e+00
8.000000e-01	8.050000e-01	0.000000e+00	0.000000e+00	0.000000e+00
8.050000e-01	8.100000e-01	0.000000e+00	0.000000e+00	0.000000e+00
8.100000e-01	8.150000e-01	0.000000e+00	0.000000e+00	0.000000e+00
8.150000e-01	8.200000e-01	0.000000e+00	0.000000e+00	0.000000e+00
8.200000e-01	8.250000e-01	0.000000e+00	0.000000e+00	0.000000e+00
8.250000e-01	8.300000e-01	0.000000e+00	0.000000e+00	0.000000e+00
8.300000e-01	8.350000e-01	0.000000e+00	0.000000e+00	0.000000e+00
8.350000e-01	8.400000e-01	0.000000e+00	0.000000e+00	0.000000e+00
8.400000e-01	8.450000e-01	0.000000e+00	0.000000e+00	0.000000e+00
8.450000e-01	8.500000e-01	0.000000e+00	0.000000e+00	0.000000e+00
8.500000e-01	8.550000e-01	0.000000e+00	0.000000e+00	0.000000e+00
8.550000e-01	8.600000e-01	0.000000e+00	0.000000e+00	0.000000e+00
8.600000e-01	8.650000e-01	0.000000e+00	0.000000e+00	0.000000e+00
8.650000e-01	8.700000e-01	0.000000e+00	0.000000e+00	0.000000e+00
8.700000e-01	8.750000e-01	0.000000e+00	0.000000e+00	0.000000e+00
8.750000e-01	8.800000e-01	0.000000e+00	0.000000e+00	0.000000e+00
8.800000e-01	8.850000e-01	0.000000e+00	0.000000e+00	0.000000e+00
8.850000e-01	8.900000e-01	0.000000e+00	0.000000e+00	0.000000e+00
8.900000e-01	8.950000e-01	0.000000e+00	0.000000e+00	0.000000e+00
8.950000e-01	9.000000e-01	0.000000e+00	0.000000e+00	0.000000e+00
9.000000e-01	9.050000e-01	0.000000e+00	0.000000e+00	0.000000e+00
9.050000e-01	9.100000e-01	0.000000e+00	0.000000e+00	0.000000e+00
9.100000e-01	9.150000e-01	0.000000e+00	0.000000e+00	0.000000e+00
9.150000e-01	9.200000e-01	0.000000e+00	0.000000e+00	0.000000e+00
9.200000e-01	9.250000e-01	0.000000e+00	0.000000e+00	0.000000e+00
9.250000e-01	9.300000e-01	0.000000e+00	0.000000e+00	0.000000e+00
9.300000e-01	9.350000e-01	0.000000e+00	0.000000e+00	0.000000e+00
9.350000e-01	9.400000e-01	0.000000e+00	0.000000e+00	0.000000e+00
9.400000e-01	9.450000e-01	0.000000e+00	0.000000e+00	0.000000e+00
9.450000e-01	9.500000e-01	0.000000e+00	0.000000e+00	0.000000e+00
9.500000e-01	9.550000e-01	0.000000e+00	0.000000e+00	0.000000e+00
9.550000e-01	9.600000e-01	0.000000e+00	0.000000e+00	0.000000e+00
9.600000e-01	9.650000e-01	0.000000e+00	0.000000e+00	0.000000e+00
9.650000e-01	9.700000e-01	0.000000e+00	0.000000e+00	0.000000e+00
9.700000e-01	9.750000e-01	0.000000e+00	0.000000e+00	0.000000e+00
9.750000e-01	9.800000e-01	0.000000e+00	0.000000e+00	0.000000e+00
9.800000e-01	9.850000e-01	0.000000e+00	0.000000e+00	0.000000e+00
9.850000e-01	9.900000e-01	0.000000e+00	0.000000e+00	0.000000e+00
9.900000e-01	9.950000e-01	0.000000e+00	0.000000e+00	0.000000e+00
9.950000e-01	1.000000e+00	0.000000e+00	0.000000e+00	0.000000e+00
# END HISTO1D

