# BEGIN PLOT
Legend=1
LogY=1
DrawOnly=//home/mogzyb/Work/Dis-2.0/Hvv/Analysis.yoda/MyHAnalysis/H_TGPeak
LegendOnly=//home/mogzyb/Work/Dis-2.0/Hvv/Analysis.yoda/MyHAnalysis/H_TGPeak
# END PLOT

# BEGIN HISTO1D //home/mogzyb/Work/Dis-2.0/Hvv/Analysis.yoda/MyHAnalysis/H_TGPeak
LineColor=red
LineStyle=solid
Path=//home/mogzyb/Work/Dis-2.0/Hvv/Analysis.yoda/MyHAnalysis/H_TGPeak
ScaledBy=1.00000000000000000e+00
Title=Analysis
# xlow	 xhigh	 val	 errminus	 errplus
9.000000e-01	9.010000e-01	0.000000e+00	0.000000e+00	0.000000e+00
9.010000e-01	9.020000e-01	0.000000e+00	0.000000e+00	0.000000e+00
9.020000e-01	9.030000e-01	0.000000e+00	0.000000e+00	0.000000e+00
9.030000e-01	9.040000e-01	0.000000e+00	0.000000e+00	0.000000e+00
9.040000e-01	9.050000e-01	0.000000e+00	0.000000e+00	0.000000e+00
9.050000e-01	9.060000e-01	0.000000e+00	0.000000e+00	0.000000e+00
9.060000e-01	9.070000e-01	0.000000e+00	0.000000e+00	0.000000e+00
9.070000e-01	9.080000e-01	0.000000e+00	0.000000e+00	0.000000e+00
9.080000e-01	9.090000e-01	0.000000e+00	0.000000e+00	0.000000e+00
9.090000e-01	9.100000e-01	0.000000e+00	0.000000e+00	0.000000e+00
9.100000e-01	9.110000e-01	0.000000e+00	0.000000e+00	0.000000e+00
9.110000e-01	9.120000e-01	0.000000e+00	0.000000e+00	0.000000e+00
9.120000e-01	9.130000e-01	0.000000e+00	0.000000e+00	0.000000e+00
9.130000e-01	9.140000e-01	0.000000e+00	0.000000e+00	0.000000e+00
9.140000e-01	9.150000e-01	0.000000e+00	0.000000e+00	0.000000e+00
9.150000e-01	9.160000e-01	0.000000e+00	0.000000e+00	0.000000e+00
9.160000e-01	9.170000e-01	0.000000e+00	0.000000e+00	0.000000e+00
9.170000e-01	9.180000e-01	0.000000e+00	0.000000e+00	0.000000e+00
9.180000e-01	9.190000e-01	0.000000e+00	0.000000e+00	0.000000e+00
9.190000e-01	9.200000e-01	0.000000e+00	0.000000e+00	0.000000e+00
9.200000e-01	9.210000e-01	0.000000e+00	0.000000e+00	0.000000e+00
9.210000e-01	9.220000e-01	0.000000e+00	0.000000e+00	0.000000e+00
9.220000e-01	9.230000e-01	0.000000e+00	0.000000e+00	0.000000e+00
9.230000e-01	9.240000e-01	0.000000e+00	0.000000e+00	0.000000e+00
9.240000e-01	9.250000e-01	0.000000e+00	0.000000e+00	0.000000e+00
9.250000e-01	9.260000e-01	0.000000e+00	0.000000e+00	0.000000e+00
9.260000e-01	9.270000e-01	0.000000e+00	0.000000e+00	0.000000e+00
9.270000e-01	9.280000e-01	0.000000e+00	0.000000e+00	0.000000e+00
9.280000e-01	9.290000e-01	0.000000e+00	0.000000e+00	0.000000e+00
9.290000e-01	9.300000e-01	0.000000e+00	0.000000e+00	0.000000e+00
9.300000e-01	9.310000e-01	0.000000e+00	0.000000e+00	0.000000e+00
9.310000e-01	9.320000e-01	0.000000e+00	0.000000e+00	0.000000e+00
9.320000e-01	9.330000e-01	0.000000e+00	0.000000e+00	0.000000e+00
9.330000e-01	9.340000e-01	0.000000e+00	0.000000e+00	0.000000e+00
9.340000e-01	9.350000e-01	0.000000e+00	0.000000e+00	0.000000e+00
9.350000e-01	9.360000e-01	0.000000e+00	0.000000e+00	0.000000e+00
9.360000e-01	9.370000e-01	0.000000e+00	0.000000e+00	0.000000e+00
9.370000e-01	9.380000e-01	0.000000e+00	0.000000e+00	0.000000e+00
9.380000e-01	9.390000e-01	0.000000e+00	0.000000e+00	0.000000e+00
9.390000e-01	9.400000e-01	0.000000e+00	0.000000e+00	0.000000e+00
9.400000e-01	9.410000e-01	0.000000e+00	0.000000e+00	0.000000e+00
9.410000e-01	9.420000e-01	0.000000e+00	0.000000e+00	0.000000e+00
9.420000e-01	9.430000e-01	0.000000e+00	0.000000e+00	0.000000e+00
9.430000e-01	9.440000e-01	0.000000e+00	0.000000e+00	0.000000e+00
9.440000e-01	9.450000e-01	0.000000e+00	0.000000e+00	0.000000e+00
9.450000e-01	9.460000e-01	0.000000e+00	0.000000e+00	0.000000e+00
9.460000e-01	9.470000e-01	0.000000e+00	0.000000e+00	0.000000e+00
9.470000e-01	9.480000e-01	0.000000e+00	0.000000e+00	0.000000e+00
9.480000e-01	9.490000e-01	0.000000e+00	0.000000e+00	0.000000e+00
9.490000e-01	9.500000e-01	0.000000e+00	0.000000e+00	0.000000e+00
9.500000e-01	9.510000e-01	0.000000e+00	0.000000e+00	0.000000e+00
9.510000e-01	9.520000e-01	0.000000e+00	0.000000e+00	0.000000e+00
9.520000e-01	9.530000e-01	0.000000e+00	0.000000e+00	0.000000e+00
9.530000e-01	9.540000e-01	0.000000e+00	0.000000e+00	0.000000e+00
9.540000e-01	9.550000e-01	0.000000e+00	0.000000e+00	0.000000e+00
9.550000e-01	9.560000e-01	0.000000e+00	0.000000e+00	0.000000e+00
9.560000e-01	9.570000e-01	0.000000e+00	0.000000e+00	0.000000e+00
9.570000e-01	9.580000e-01	0.000000e+00	0.000000e+00	0.000000e+00
9.580000e-01	9.590000e-01	0.000000e+00	0.000000e+00	0.000000e+00
9.590000e-01	9.600000e-01	0.000000e+00	0.000000e+00	0.000000e+00
9.600000e-01	9.610000e-01	0.000000e+00	0.000000e+00	0.000000e+00
9.610000e-01	9.620000e-01	0.000000e+00	0.000000e+00	0.000000e+00
9.620000e-01	9.630000e-01	0.000000e+00	0.000000e+00	0.000000e+00
9.630000e-01	9.640000e-01	0.000000e+00	0.000000e+00	0.000000e+00
9.640000e-01	9.650000e-01	0.000000e+00	0.000000e+00	0.000000e+00
9.650000e-01	9.660000e-01	0.000000e+00	0.000000e+00	0.000000e+00
9.660000e-01	9.670000e-01	0.000000e+00	0.000000e+00	0.000000e+00
9.670000e-01	9.680000e-01	0.000000e+00	0.000000e+00	0.000000e+00
9.680000e-01	9.690000e-01	0.000000e+00	0.000000e+00	0.000000e+00
9.690000e-01	9.700000e-01	0.000000e+00	0.000000e+00	0.000000e+00
9.700000e-01	9.710000e-01	0.000000e+00	0.000000e+00	0.000000e+00
9.710000e-01	9.720000e-01	0.000000e+00	0.000000e+00	0.000000e+00
9.720000e-01	9.730000e-01	0.000000e+00	0.000000e+00	0.000000e+00
9.730000e-01	9.740000e-01	0.000000e+00	0.000000e+00	0.000000e+00
9.740000e-01	9.750000e-01	0.000000e+00	0.000000e+00	0.000000e+00
9.750000e-01	9.760000e-01	0.000000e+00	0.000000e+00	0.000000e+00
9.760000e-01	9.770000e-01	0.000000e+00	0.000000e+00	0.000000e+00
9.770000e-01	9.780000e-01	0.000000e+00	0.000000e+00	0.000000e+00
9.780000e-01	9.790000e-01	0.000000e+00	0.000000e+00	0.000000e+00
9.790000e-01	9.800000e-01	0.000000e+00	0.000000e+00	0.000000e+00
9.800000e-01	9.810000e-01	0.000000e+00	0.000000e+00	0.000000e+00
9.810000e-01	9.820000e-01	0.000000e+00	0.000000e+00	0.000000e+00
9.820000e-01	9.830000e-01	0.000000e+00	0.000000e+00	0.000000e+00
9.830000e-01	9.840000e-01	0.000000e+00	0.000000e+00	0.000000e+00
9.840000e-01	9.850000e-01	0.000000e+00	0.000000e+00	0.000000e+00
9.850000e-01	9.860000e-01	0.000000e+00	0.000000e+00	0.000000e+00
9.860000e-01	9.870000e-01	0.000000e+00	0.000000e+00	0.000000e+00
9.870000e-01	9.880000e-01	0.000000e+00	0.000000e+00	0.000000e+00
9.880000e-01	9.890000e-01	0.000000e+00	0.000000e+00	0.000000e+00
9.890000e-01	9.900000e-01	0.000000e+00	0.000000e+00	0.000000e+00
9.900000e-01	9.910000e-01	0.000000e+00	0.000000e+00	0.000000e+00
9.910000e-01	9.920000e-01	0.000000e+00	0.000000e+00	0.000000e+00
9.920000e-01	9.930000e-01	0.000000e+00	0.000000e+00	0.000000e+00
9.930000e-01	9.940000e-01	0.000000e+00	0.000000e+00	0.000000e+00
9.940000e-01	9.950000e-01	0.000000e+00	0.000000e+00	0.000000e+00
9.950000e-01	9.960000e-01	0.000000e+00	0.000000e+00	0.000000e+00
9.960000e-01	9.970000e-01	0.000000e+00	0.000000e+00	0.000000e+00
9.970000e-01	9.980000e-01	0.000000e+00	0.000000e+00	0.000000e+00
9.980000e-01	9.990000e-01	0.000000e+00	0.000000e+00	0.000000e+00
9.990000e-01	1.000000e+00	0.000000e+00	0.000000e+00	0.000000e+00
# END HISTO1D

