# BEGIN PLOT
Legend=1
LogY=1
DrawOnly=//mt/home/mbridge/Work/MyHiggsstrahlungV2/MyHiggsstrahlungHbb/Analysis.yoda/MyHAnalysis/H_S
LegendOnly=//mt/home/mbridge/Work/MyHiggsstrahlungV2/MyHiggsstrahlungHbb/Analysis.yoda/MyHAnalysis/H_S
# END PLOT

# BEGIN HISTO1D //mt/home/mbridge/Work/MyHiggsstrahlungV2/MyHiggsstrahlungHbb/Analysis.yoda/MyHAnalysis/H_S
LineColor=red
LineStyle=solid
Path=//mt/home/mbridge/Work/MyHiggsstrahlungV2/MyHiggsstrahlungHbb/Analysis.yoda/MyHAnalysis/H_S
ScaledBy=3.64509560399297336e-03
Title=Analysis
# xlow	 xhigh	 val	 errminus	 errplus
0.000000e+00	1.000000e-02	2.021569e+01	2.151458e-01	2.151458e-01
1.000000e-02	2.000000e-02	2.759995e+01	2.513869e-01	2.513869e-01
2.000000e-02	3.000000e-02	1.265284e+01	1.702090e-01	1.702090e-01
3.000000e-02	4.000000e-02	7.546824e+00	1.314530e-01	1.314530e-01
4.000000e-02	5.000000e-02	5.140358e+00	1.084889e-01	1.084889e-01
5.000000e-02	6.000000e-02	3.677245e+00	9.175924e-02	9.175924e-02
6.000000e-02	7.000000e-02	2.603380e+00	7.720710e-02	7.720710e-02
7.000000e-02	8.000000e-02	2.259926e+00	7.193423e-02	7.193423e-02
8.000000e-02	9.000000e-02	1.925631e+00	6.640106e-02	6.640106e-02
9.000000e-02	1.000000e-01	1.556990e+00	5.970786e-02	5.970786e-02
1.000000e-01	1.100000e-01	1.325732e+00	5.509553e-02	5.509553e-02
1.100000e-01	1.200000e-01	1.131108e+00	5.089094e-02	5.089094e-02
1.200000e-01	1.300000e-01	1.071576e+00	4.953360e-02	4.953360e-02
1.300000e-01	1.400000e-01	8.655035e-01	4.451669e-02	4.451669e-02
1.400000e-01	1.500000e-01	8.586344e-01	4.433969e-02	4.433969e-02
1.500000e-01	1.600000e-01	7.143838e-01	4.044402e-02	4.044402e-02
1.600000e-01	1.700000e-01	5.976096e-01	3.699111e-02	3.699111e-02
1.700000e-01	1.800000e-01	5.655539e-01	3.598533e-02	3.598533e-02
1.800000e-01	1.900000e-01	5.128910e-01	3.426897e-02	3.426897e-02
1.900000e-01	2.000000e-01	4.762559e-01	3.302240e-02	3.302240e-02
2.000000e-01	2.100000e-01	4.052754e-01	3.046237e-02	3.046237e-02
2.100000e-01	2.200000e-01	4.029858e-01	3.037619e-02	3.037619e-02
2.200000e-01	2.300000e-01	3.755095e-01	2.932236e-02	2.932236e-02
2.300000e-01	2.400000e-01	3.594816e-01	2.868976e-02	2.868976e-02
2.400000e-01	2.500000e-01	3.251362e-01	2.728483e-02	2.728483e-02
2.500000e-01	2.600000e-01	2.999496e-01	2.620672e-02	2.620672e-02
2.600000e-01	2.700000e-01	2.747630e-01	2.508232e-02	2.508232e-02
2.700000e-01	2.800000e-01	2.885012e-01	2.570173e-02	2.570173e-02
2.800000e-01	2.900000e-01	2.358383e-01	2.323783e-02	2.323783e-02
2.900000e-01	3.000000e-01	2.335486e-01	2.312475e-02	2.312475e-02
3.000000e-01	3.100000e-01	1.854650e-01	2.060723e-02	2.060723e-02
3.100000e-01	3.200000e-01	1.808857e-01	2.035123e-02	2.035123e-02
3.200000e-01	3.300000e-01	1.831753e-01	2.047963e-02	2.047963e-02
3.300000e-01	3.400000e-01	1.694372e-01	1.969667e-02	1.969667e-02
3.400000e-01	3.500000e-01	2.037826e-01	2.160091e-02	2.160091e-02
3.500000e-01	3.600000e-01	1.923341e-01	2.098537e-02	2.098537e-02
3.600000e-01	3.700000e-01	1.419609e-01	1.802905e-02	1.802905e-02
3.700000e-01	3.800000e-01	1.282227e-01	1.713449e-02	1.713449e-02
3.800000e-01	3.900000e-01	1.144846e-01	1.619057e-02	1.619057e-02
3.900000e-01	4.000000e-01	1.328021e-01	1.743777e-02	1.743777e-02
4.000000e-01	4.100000e-01	9.616706e-02	1.483890e-02	1.483890e-02
4.100000e-01	4.200000e-01	1.442506e-01	1.817387e-02	1.817387e-02
4.200000e-01	4.300000e-01	9.387736e-02	1.466118e-02	1.466118e-02
4.300000e-01	4.400000e-01	9.616706e-02	1.483890e-02	1.483890e-02
4.400000e-01	4.500000e-01	1.121949e-01	1.602784e-02	1.602784e-02
4.500000e-01	4.600000e-01	8.700829e-02	1.411461e-02	1.411461e-02
4.600000e-01	4.700000e-01	7.784952e-02	1.335108e-02	1.335108e-02
4.700000e-01	4.800000e-01	1.007464e-01	1.518810e-02	1.518810e-02
4.800000e-01	4.900000e-01	8.700829e-02	1.411461e-02	1.411461e-02
4.900000e-01	5.000000e-01	5.953199e-02	1.167518e-02	1.167518e-02
5.000000e-01	5.100000e-01	6.182168e-02	1.189759e-02	1.189759e-02
5.100000e-01	5.200000e-01	8.471860e-02	1.392765e-02	1.392765e-02
5.200000e-01	5.300000e-01	5.724230e-02	1.144846e-02	1.144846e-02
5.300000e-01	5.400000e-01	6.869075e-02	1.254116e-02	1.254116e-02
5.400000e-01	5.500000e-01	4.808353e-02	1.049269e-02	1.049269e-02
5.500000e-01	5.600000e-01	5.266291e-02	1.098097e-02	1.098097e-02
5.600000e-01	5.700000e-01	5.266291e-02	1.098097e-02	1.098097e-02
5.700000e-01	5.800000e-01	5.724230e-02	1.144846e-02	1.144846e-02
5.800000e-01	5.900000e-01	3.892476e-02	9.440641e-03	9.440641e-03
5.900000e-01	6.000000e-01	5.724230e-02	1.144846e-02	1.144846e-02
6.000000e-01	6.100000e-01	2.518661e-02	7.594048e-03	7.594048e-03
6.100000e-01	6.200000e-01	2.976599e-02	8.255601e-03	8.255601e-03
6.200000e-01	6.300000e-01	2.747630e-02	7.931725e-03	7.931725e-03
6.300000e-01	6.400000e-01	4.121445e-02	9.714339e-03	9.714339e-03
6.400000e-01	6.500000e-01	3.663507e-02	9.158767e-03	9.158767e-03
6.500000e-01	6.600000e-01	1.831753e-02	6.476227e-03	6.476227e-03
6.600000e-01	6.700000e-01	2.518661e-02	7.594048e-03	7.594048e-03
6.700000e-01	6.800000e-01	2.518661e-02	7.594048e-03	7.594048e-03
6.800000e-01	6.900000e-01	1.831753e-02	6.476227e-03	6.476227e-03
6.900000e-01	7.000000e-01	1.831753e-02	6.476227e-03	6.476227e-03
7.000000e-01	7.100000e-01	1.831753e-02	6.476227e-03	6.476227e-03
7.100000e-01	7.200000e-01	1.373815e-02	5.608576e-03	5.608576e-03
7.200000e-01	7.300000e-01	9.158767e-03	4.579383e-03	4.579383e-03
7.300000e-01	7.400000e-01	6.869075e-03	3.965863e-03	3.965863e-03
7.400000e-01	7.500000e-01	4.579384e-03	3.238114e-03	3.238114e-03
7.500000e-01	7.600000e-01	6.869075e-03	3.965863e-03	3.965863e-03
7.600000e-01	7.700000e-01	2.289692e-03	2.289692e-03	2.289692e-03
7.700000e-01	7.800000e-01	0.000000e+00	0.000000e+00	0.000000e+00
7.800000e-01	7.900000e-01	0.000000e+00	0.000000e+00	0.000000e+00
7.900000e-01	8.000000e-01	2.289692e-03	2.289692e-03	2.289692e-03
8.000000e-01	8.100000e-01	4.579384e-03	3.238114e-03	3.238114e-03
8.100000e-01	8.200000e-01	0.000000e+00	0.000000e+00	0.000000e+00
8.200000e-01	8.300000e-01	0.000000e+00	0.000000e+00	0.000000e+00
8.300000e-01	8.400000e-01	0.000000e+00	0.000000e+00	0.000000e+00
8.400000e-01	8.500000e-01	0.000000e+00	0.000000e+00	0.000000e+00
8.500000e-01	8.600000e-01	0.000000e+00	0.000000e+00	0.000000e+00
8.600000e-01	8.700000e-01	0.000000e+00	0.000000e+00	0.000000e+00
8.700000e-01	8.800000e-01	0.000000e+00	0.000000e+00	0.000000e+00
8.800000e-01	8.900000e-01	0.000000e+00	0.000000e+00	0.000000e+00
8.900000e-01	9.000000e-01	0.000000e+00	0.000000e+00	0.000000e+00
9.000000e-01	9.100000e-01	0.000000e+00	0.000000e+00	0.000000e+00
9.100000e-01	9.200000e-01	0.000000e+00	0.000000e+00	0.000000e+00
9.200000e-01	9.300000e-01	0.000000e+00	0.000000e+00	0.000000e+00
9.300000e-01	9.400000e-01	0.000000e+00	0.000000e+00	0.000000e+00
9.400000e-01	9.500000e-01	0.000000e+00	0.000000e+00	0.000000e+00
9.500000e-01	9.600000e-01	0.000000e+00	0.000000e+00	0.000000e+00
9.600000e-01	9.700000e-01	0.000000e+00	0.000000e+00	0.000000e+00
9.700000e-01	9.800000e-01	0.000000e+00	0.000000e+00	0.000000e+00
9.800000e-01	9.900000e-01	0.000000e+00	0.000000e+00	0.000000e+00
9.900000e-01	1.000000e+00	0.000000e+00	0.000000e+00	0.000000e+00
# END HISTO1D

