# BEGIN PLOT
Legend=1
LogY=1
DrawOnly=//mt/home/mbridge/Work/MyHiggsstrahlungV2/MyHiggsstrahlungHbb/Analysis.yoda/MyHAnalysis/H_T
LegendOnly=//mt/home/mbridge/Work/MyHiggsstrahlungV2/MyHiggsstrahlungHbb/Analysis.yoda/MyHAnalysis/H_T
# END PLOT

# BEGIN HISTO1D //mt/home/mbridge/Work/MyHiggsstrahlungV2/MyHiggsstrahlungHbb/Analysis.yoda/MyHAnalysis/H_T
LineColor=red
LineStyle=solid
Path=//mt/home/mbridge/Work/MyHiggsstrahlungV2/MyHiggsstrahlungHbb/Analysis.yoda/MyHAnalysis/H_T
ScaledBy=3.64509560399297336e-03
Title=Analysis
# xlow	 xhigh	 val	 errminus	 errplus
5.000000e-01	5.050000e-01	0.000000e+00	0.000000e+00	0.000000e+00
5.050000e-01	5.100000e-01	0.000000e+00	0.000000e+00	0.000000e+00
5.100000e-01	5.150000e-01	0.000000e+00	0.000000e+00	0.000000e+00
5.150000e-01	5.200000e-01	0.000000e+00	0.000000e+00	0.000000e+00
5.200000e-01	5.250000e-01	0.000000e+00	0.000000e+00	0.000000e+00
5.250000e-01	5.300000e-01	0.000000e+00	0.000000e+00	0.000000e+00
5.300000e-01	5.350000e-01	0.000000e+00	0.000000e+00	0.000000e+00
5.350000e-01	5.400000e-01	0.000000e+00	0.000000e+00	0.000000e+00
5.400000e-01	5.450000e-01	0.000000e+00	0.000000e+00	0.000000e+00
5.450000e-01	5.500000e-01	0.000000e+00	0.000000e+00	0.000000e+00
5.500000e-01	5.550000e-01	0.000000e+00	0.000000e+00	0.000000e+00
5.550000e-01	5.600000e-01	0.000000e+00	0.000000e+00	0.000000e+00
5.600000e-01	5.650000e-01	0.000000e+00	0.000000e+00	0.000000e+00
5.650000e-01	5.700000e-01	0.000000e+00	0.000000e+00	0.000000e+00
5.700000e-01	5.750000e-01	0.000000e+00	0.000000e+00	0.000000e+00
5.750000e-01	5.800000e-01	0.000000e+00	0.000000e+00	0.000000e+00
5.800000e-01	5.850000e-01	0.000000e+00	0.000000e+00	0.000000e+00
5.850000e-01	5.900000e-01	0.000000e+00	0.000000e+00	0.000000e+00
5.900000e-01	5.950000e-01	0.000000e+00	0.000000e+00	0.000000e+00
5.950000e-01	6.000000e-01	4.579384e-03	4.579384e-03	4.579384e-03
6.000000e-01	6.050000e-01	4.579384e-03	4.579384e-03	4.579384e-03
6.050000e-01	6.100000e-01	4.579384e-03	4.579384e-03	4.579384e-03
6.100000e-01	6.150000e-01	0.000000e+00	0.000000e+00	0.000000e+00
6.150000e-01	6.200000e-01	0.000000e+00	0.000000e+00	0.000000e+00
6.200000e-01	6.250000e-01	1.373815e-02	7.931726e-03	7.931726e-03
6.250000e-01	6.300000e-01	1.373815e-02	7.931726e-03	7.931726e-03
6.300000e-01	6.350000e-01	1.373815e-02	7.931726e-03	7.931726e-03
6.350000e-01	6.400000e-01	1.373815e-02	7.931726e-03	7.931726e-03
6.400000e-01	6.450000e-01	9.158768e-03	6.476227e-03	6.476227e-03
6.450000e-01	6.500000e-01	3.205568e-02	1.211591e-02	1.211591e-02
6.500000e-01	6.550000e-01	2.289692e-02	1.023981e-02	1.023981e-02
6.550000e-01	6.600000e-01	3.663506e-02	1.295245e-02	1.295245e-02
6.600000e-01	6.650000e-01	4.579384e-02	1.448128e-02	1.448128e-02
6.650000e-01	6.700000e-01	6.869076e-02	1.773588e-02	1.773588e-02
6.700000e-01	6.750000e-01	4.579384e-02	1.448128e-02	1.448128e-02
6.750000e-01	6.800000e-01	1.190640e-01	2.335037e-02	2.335037e-02
6.800000e-01	6.850000e-01	9.616706e-02	2.098538e-02	2.098538e-02
6.850000e-01	6.900000e-01	7.327014e-02	1.831753e-02	1.831753e-02
6.900000e-01	6.950000e-01	6.869076e-02	1.773588e-02	1.773588e-02
6.950000e-01	7.000000e-01	1.099052e-01	2.243430e-02	2.243430e-02
7.000000e-01	7.050000e-01	1.236434e-01	2.379518e-02	2.379518e-02
7.050000e-01	7.100000e-01	1.053258e-01	2.196195e-02	2.196195e-02
7.100000e-01	7.150000e-01	1.694372e-01	2.785530e-02	2.785530e-02
7.150000e-01	7.200000e-01	1.282227e-01	2.423182e-02	2.423182e-02
7.200000e-01	7.250000e-01	1.740166e-01	2.822922e-02	2.822922e-02
7.250000e-01	7.300000e-01	2.656042e-01	3.487554e-02	3.487554e-02
7.300000e-01	7.350000e-01	2.381280e-01	3.302240e-02	3.302240e-02
7.350000e-01	7.400000e-01	2.518660e-01	3.396162e-02	3.396162e-02
7.400000e-01	7.450000e-01	2.427074e-01	3.333842e-02	3.333842e-02
7.450000e-01	7.500000e-01	2.381280e-01	3.302240e-02	3.302240e-02
7.500000e-01	7.550000e-01	2.701836e-01	3.517491e-02	3.517491e-02
7.550000e-01	7.600000e-01	3.113980e-01	3.776256e-02	3.776256e-02
7.600000e-01	7.650000e-01	3.022394e-01	3.720309e-02	3.720309e-02
7.650000e-01	7.700000e-01	2.793424e-01	3.576613e-02	3.576613e-02
7.700000e-01	7.750000e-01	3.571920e-01	4.044402e-02	4.044402e-02
7.750000e-01	7.800000e-01	3.113980e-01	3.776256e-02	3.776256e-02
7.800000e-01	7.850000e-01	3.480332e-01	3.992214e-02	3.992214e-02
7.850000e-01	7.900000e-01	4.075652e-01	4.320182e-02	4.320182e-02
7.900000e-01	7.950000e-01	3.617714e-01	4.070245e-02	4.070245e-02
7.950000e-01	8.000000e-01	4.442002e-01	4.510170e-02	4.510170e-02
8.000000e-01	8.050000e-01	4.213032e-01	4.392390e-02	4.392390e-02
8.050000e-01	8.100000e-01	4.716766e-01	4.647567e-02	4.647567e-02
8.100000e-01	8.150000e-01	5.128910e-01	4.846364e-02	4.846364e-02
8.150000e-01	8.200000e-01	6.365344e-01	5.399014e-02	5.399014e-02
8.200000e-01	8.250000e-01	5.357878e-01	4.953361e-02	4.953361e-02
8.250000e-01	8.300000e-01	6.685900e-01	5.533290e-02	5.533290e-02
8.300000e-01	8.350000e-01	6.548518e-01	5.476146e-02	5.476146e-02
8.350000e-01	8.400000e-01	7.418602e-01	5.828604e-02	5.828604e-02
8.400000e-01	8.450000e-01	8.059716e-01	6.075239e-02	6.075239e-02
8.450000e-01	8.500000e-01	7.418602e-01	5.828604e-02	5.828604e-02
8.500000e-01	8.550000e-01	8.380272e-01	6.194875e-02	6.194875e-02
8.550000e-01	8.600000e-01	8.746622e-01	6.328836e-02	6.328836e-02
8.600000e-01	8.650000e-01	9.983056e-01	6.761379e-02	6.761379e-02
8.650000e-01	8.700000e-01	1.062417e+00	6.975110e-02	6.975110e-02
8.700000e-01	8.750000e-01	1.318862e+00	7.771471e-02	7.771471e-02
8.750000e-01	8.800000e-01	1.190640e+00	7.384034e-02	7.384034e-02
8.800000e-01	8.850000e-01	1.378394e+00	7.944933e-02	7.944933e-02
8.850000e-01	8.900000e-01	1.639419e+00	8.664602e-02	8.664602e-02
8.900000e-01	8.950000e-01	1.749325e+00	8.950323e-02	8.950323e-02
8.950000e-01	9.000000e-01	1.781380e+00	9.031957e-02	9.031957e-02
9.000000e-01	9.050000e-01	2.143152e+00	9.906721e-02	9.906721e-02
9.050000e-01	9.100000e-01	2.262216e+00	1.017819e-01	1.017819e-01
9.100000e-01	9.150000e-01	2.362962e+00	1.040236e-01	1.040236e-01
9.150000e-01	9.200000e-01	2.830060e+00	1.138417e-01	1.138417e-01
9.200000e-01	9.250000e-01	3.155196e+00	1.202034e-01	1.202034e-01
9.250000e-01	9.300000e-01	3.255942e+00	1.221074e-01	1.221074e-01
9.300000e-01	9.350000e-01	4.080230e+00	1.366929e-01	1.366929e-01
9.350000e-01	9.400000e-01	4.574804e+00	1.447404e-01	1.447404e-01
9.400000e-01	9.450000e-01	5.096854e+00	1.527758e-01	1.527758e-01
9.450000e-01	9.500000e-01	6.260018e+00	1.693134e-01	1.693134e-01
9.500000e-01	9.550000e-01	7.084306e+00	1.801160e-01	1.801160e-01
9.550000e-01	9.600000e-01	9.062600e+00	2.037182e-01	2.037182e-01
9.600000e-01	9.650000e-01	1.058296e+01	2.201440e-01	2.201440e-01
9.650000e-01	9.700000e-01	1.340844e+01	2.477950e-01	2.477950e-01
9.700000e-01	9.750000e-01	1.648578e+01	2.747630e-01	2.747630e-01
9.750000e-01	9.800000e-01	1.979668e+01	3.010923e-01	3.010923e-01
9.800000e-01	9.850000e-01	2.247104e+01	3.207857e-01	3.207857e-01
9.850000e-01	9.900000e-01	2.204516e+01	3.177313e-01	3.177313e-01
9.900000e-01	9.950000e-01	1.686129e+01	2.778746e-01	2.778746e-01
9.950000e-01	1.000000e+00	1.030361e+00	6.869076e-02	6.869076e-02
# END HISTO1D

