# BEGIN PLOT
Legend=1
LogY=1
DrawOnly=//mt/home/mbridge/Work/MyHiggsstrahlungV2/MyHiggsstrahlungHbb/Analysis.yoda/MyHAnalysis/H_TM
LegendOnly=//mt/home/mbridge/Work/MyHiggsstrahlungV2/MyHiggsstrahlungHbb/Analysis.yoda/MyHAnalysis/H_TM
# END PLOT

# BEGIN HISTO1D //mt/home/mbridge/Work/MyHiggsstrahlungV2/MyHiggsstrahlungHbb/Analysis.yoda/MyHAnalysis/H_TM
LineColor=red
LineStyle=solid
Path=//mt/home/mbridge/Work/MyHiggsstrahlungV2/MyHiggsstrahlungHbb/Analysis.yoda/MyHAnalysis/H_TM
ScaledBy=3.64509560399297336e-03
Title=Analysis
# xlow	 xhigh	 val	 errminus	 errplus
0.000000e+00	1.000000e-02	0.000000e+00	0.000000e+00	0.000000e+00
1.000000e-02	2.000000e-02	0.000000e+00	0.000000e+00	0.000000e+00
2.000000e-02	3.000000e-02	0.000000e+00	0.000000e+00	0.000000e+00
3.000000e-02	4.000000e-02	2.518661e-02	7.594048e-03	7.594048e-03
4.000000e-02	5.000000e-02	7.876540e-01	4.246746e-02	4.246746e-02
5.000000e-02	6.000000e-02	4.606860e+00	1.027049e-01	1.027049e-01
6.000000e-02	7.000000e-02	9.218299e+00	1.452827e-01	1.452827e-01
7.000000e-02	8.000000e-02	1.034712e+01	1.539211e-01	1.539211e-01
8.000000e-02	9.000000e-02	9.955580e+00	1.509808e-01	1.509808e-01
9.000000e-02	1.000000e-01	7.981866e+00	1.351888e-01	1.351888e-01
1.000000e-01	1.100000e-01	6.589733e+00	1.228351e-01	1.228351e-01
1.100000e-01	1.200000e-01	5.561661e+00	1.128472e-01	1.128472e-01
1.200000e-01	1.300000e-01	4.680130e+00	1.035184e-01	1.035184e-01
1.300000e-01	1.400000e-01	4.112286e+00	9.703540e-02	9.703540e-02
1.400000e-01	1.500000e-01	3.663507e+00	9.158767e-02	9.158767e-02
1.500000e-01	1.600000e-01	2.988048e+00	8.271462e-02	8.271462e-02
1.600000e-01	1.700000e-01	2.669781e+00	7.818552e-02	7.818552e-02
1.700000e-01	1.800000e-01	2.269085e+00	7.207984e-02	7.207984e-02
1.800000e-01	1.900000e-01	2.156890e+00	7.027527e-02	7.027527e-02
1.900000e-01	2.000000e-01	1.950817e+00	6.683391e-02	6.683391e-02
2.000000e-01	2.100000e-01	1.749325e+00	6.328834e-02	6.328834e-02
2.100000e-01	2.200000e-01	1.511197e+00	5.882324e-02	5.882324e-02
2.200000e-01	2.300000e-01	1.437926e+00	5.737951e-02	5.737951e-02
2.300000e-01	2.400000e-01	1.323442e+00	5.504792e-02	5.504792e-02
2.400000e-01	2.500000e-01	1.268489e+00	5.389294e-02	5.389294e-02
2.500000e-01	2.600000e-01	1.021203e+00	4.835534e-02	4.835534e-02
2.600000e-01	2.700000e-01	9.960159e-01	4.775531e-02	4.775531e-02
2.700000e-01	2.800000e-01	9.525118e-01	4.670073e-02	4.670073e-02
2.800000e-01	2.900000e-01	8.494757e-01	4.410257e-02	4.410257e-02
2.900000e-01	3.000000e-01	7.739158e-01	4.209547e-02	4.209547e-02
3.000000e-01	3.100000e-01	7.739158e-01	4.209547e-02	4.209547e-02
3.100000e-01	3.200000e-01	7.052251e-01	4.018393e-02	4.018393e-02
3.200000e-01	3.300000e-01	6.594312e-01	3.885735e-02	3.885735e-02
3.300000e-01	3.400000e-01	5.312085e-01	3.487555e-02	3.487555e-02
3.400000e-01	3.500000e-01	4.670971e-01	3.270333e-02	3.270333e-02
3.500000e-01	3.600000e-01	4.808353e-01	3.318079e-02	3.318079e-02
3.600000e-01	3.700000e-01	4.739662e-01	3.294294e-02	3.294294e-02
3.700000e-01	3.800000e-01	3.526125e-01	2.841433e-02	2.841433e-02
3.800000e-01	3.900000e-01	4.121445e-01	3.071944e-02	3.071944e-02
3.900000e-01	4.000000e-01	3.709301e-01	2.914302e-02	2.914302e-02
4.000000e-01	4.100000e-01	3.457435e-01	2.813620e-02	2.813620e-02
4.100000e-01	4.200000e-01	3.365847e-01	2.776104e-02	2.776104e-02
4.200000e-01	4.300000e-01	2.976599e-01	2.610650e-02	2.610650e-02
4.300000e-01	4.400000e-01	2.747630e-01	2.508232e-02	2.508232e-02
4.400000e-01	4.500000e-01	2.221001e-01	2.255085e-02	2.255085e-02
4.500000e-01	4.600000e-01	1.831753e-01	2.047963e-02	2.047963e-02
4.600000e-01	4.700000e-01	2.037826e-01	2.160091e-02	2.160091e-02
4.700000e-01	4.800000e-01	2.221001e-01	2.255085e-02	2.255085e-02
4.800000e-01	4.900000e-01	1.854650e-01	2.060723e-02	2.060723e-02
4.900000e-01	5.000000e-01	1.602784e-01	1.915694e-02	1.915694e-02
5.000000e-01	5.100000e-01	1.602784e-01	1.915694e-02	1.915694e-02
5.100000e-01	5.200000e-01	1.602784e-01	1.915694e-02	1.915694e-02
5.200000e-01	5.300000e-01	1.236434e-01	1.682573e-02	1.682573e-02
5.300000e-01	5.400000e-01	1.053258e-01	1.552945e-02	1.552945e-02
5.400000e-01	5.500000e-01	7.098045e-02	1.274846e-02	1.274846e-02
5.500000e-01	5.600000e-01	5.495260e-02	1.121715e-02	1.121715e-02
5.600000e-01	5.700000e-01	5.724230e-02	1.144846e-02	1.144846e-02
5.700000e-01	5.800000e-01	5.495260e-02	1.121715e-02	1.121715e-02
5.800000e-01	5.900000e-01	3.663507e-02	9.158767e-03	9.158767e-03
5.900000e-01	6.000000e-01	1.602784e-02	6.057955e-03	6.057955e-03
6.000000e-01	6.100000e-01	1.831753e-02	6.476227e-03	6.476227e-03
6.100000e-01	6.200000e-01	9.158767e-03	4.579383e-03	4.579383e-03
6.200000e-01	6.300000e-01	1.144846e-02	5.119906e-03	5.119906e-03
6.300000e-01	6.400000e-01	6.869075e-03	3.965863e-03	3.965863e-03
6.400000e-01	6.500000e-01	4.579384e-03	3.238114e-03	3.238114e-03
6.500000e-01	6.600000e-01	0.000000e+00	0.000000e+00	0.000000e+00
6.600000e-01	6.700000e-01	2.289692e-03	2.289692e-03	2.289692e-03
6.700000e-01	6.800000e-01	0.000000e+00	0.000000e+00	0.000000e+00
6.800000e-01	6.900000e-01	0.000000e+00	0.000000e+00	0.000000e+00
6.900000e-01	7.000000e-01	0.000000e+00	0.000000e+00	0.000000e+00
7.000000e-01	7.100000e-01	0.000000e+00	0.000000e+00	0.000000e+00
7.100000e-01	7.200000e-01	0.000000e+00	0.000000e+00	0.000000e+00
7.200000e-01	7.300000e-01	0.000000e+00	0.000000e+00	0.000000e+00
7.300000e-01	7.400000e-01	0.000000e+00	0.000000e+00	0.000000e+00
7.400000e-01	7.500000e-01	0.000000e+00	0.000000e+00	0.000000e+00
7.500000e-01	7.600000e-01	0.000000e+00	0.000000e+00	0.000000e+00
7.600000e-01	7.700000e-01	0.000000e+00	0.000000e+00	0.000000e+00
7.700000e-01	7.800000e-01	0.000000e+00	0.000000e+00	0.000000e+00
7.800000e-01	7.900000e-01	0.000000e+00	0.000000e+00	0.000000e+00
7.900000e-01	8.000000e-01	0.000000e+00	0.000000e+00	0.000000e+00
8.000000e-01	8.100000e-01	0.000000e+00	0.000000e+00	0.000000e+00
8.100000e-01	8.200000e-01	0.000000e+00	0.000000e+00	0.000000e+00
8.200000e-01	8.300000e-01	0.000000e+00	0.000000e+00	0.000000e+00
8.300000e-01	8.400000e-01	0.000000e+00	0.000000e+00	0.000000e+00
8.400000e-01	8.500000e-01	0.000000e+00	0.000000e+00	0.000000e+00
8.500000e-01	8.600000e-01	0.000000e+00	0.000000e+00	0.000000e+00
8.600000e-01	8.700000e-01	0.000000e+00	0.000000e+00	0.000000e+00
8.700000e-01	8.800000e-01	0.000000e+00	0.000000e+00	0.000000e+00
8.800000e-01	8.900000e-01	0.000000e+00	0.000000e+00	0.000000e+00
8.900000e-01	9.000000e-01	0.000000e+00	0.000000e+00	0.000000e+00
9.000000e-01	9.100000e-01	0.000000e+00	0.000000e+00	0.000000e+00
9.100000e-01	9.200000e-01	0.000000e+00	0.000000e+00	0.000000e+00
9.200000e-01	9.300000e-01	0.000000e+00	0.000000e+00	0.000000e+00
9.300000e-01	9.400000e-01	0.000000e+00	0.000000e+00	0.000000e+00
9.400000e-01	9.500000e-01	0.000000e+00	0.000000e+00	0.000000e+00
9.500000e-01	9.600000e-01	0.000000e+00	0.000000e+00	0.000000e+00
9.600000e-01	9.700000e-01	0.000000e+00	0.000000e+00	0.000000e+00
9.700000e-01	9.800000e-01	0.000000e+00	0.000000e+00	0.000000e+00
9.800000e-01	9.900000e-01	0.000000e+00	0.000000e+00	0.000000e+00
9.900000e-01	1.000000e+00	0.000000e+00	0.000000e+00	0.000000e+00
# END HISTO1D

