# BEGIN PLOT
Legend=1
LogY=1
DrawOnly=//mt/home/mbridge/Work/my_higgsstrahlungHgg/Analysis.yoda/MyAnalysis/E
LegendOnly=//mt/home/mbridge/Work/my_higgsstrahlungHgg/Analysis.yoda/MyAnalysis/E
# END PLOT

# BEGIN HISTO1D //mt/home/mbridge/Work/my_higgsstrahlungHgg/Analysis.yoda/MyAnalysis/E
LineColor=red
LineStyle=solid
Path=//mt/home/mbridge/Work/my_higgsstrahlungHgg/Analysis.yoda/MyAnalysis/E
ScaledBy=1.99334790729931463e-05
Title=Analysis
# xlow	 xhigh	 val	 errminus	 errplus
0.000000e+00	1.500000e+00	4.433606e-01	6.803221e-05	6.803221e-05
1.500000e+00	3.000000e+00	1.094949e-01	3.380905e-05	3.380905e-05
3.000000e+00	4.500000e+00	4.569031e-02	2.183977e-05	2.183977e-05
4.500000e+00	6.000000e+00	2.398180e-02	1.582257e-05	1.582257e-05
6.000000e+00	7.500000e+00	1.412774e-02	1.214430e-05	1.214430e-05
7.500000e+00	9.000000e+00	8.948947e-03	9.665441e-06	9.665441e-06
9.000000e+00	1.050000e+01	5.933725e-03	7.870460e-06	7.870460e-06
1.050000e+01	1.200000e+01	4.065972e-03	6.515063e-06	6.515063e-06
1.200000e+01	1.350000e+01	2.878501e-03	5.481747e-06	5.481747e-06
1.350000e+01	1.500000e+01	2.051743e-03	4.628046e-06	4.628046e-06
1.500000e+01	1.650000e+01	1.501393e-03	3.958980e-06	3.958980e-06
1.650000e+01	1.800000e+01	1.106128e-03	3.398118e-06	3.398118e-06
1.800000e+01	1.950000e+01	8.261593e-04	2.936762e-06	2.936762e-06
1.950000e+01	2.100000e+01	6.252000e-04	2.554733e-06	2.554733e-06
2.100000e+01	2.250000e+01	4.763362e-04	2.229940e-06	2.229940e-06
2.250000e+01	2.400000e+01	3.609206e-04	1.941079e-06	1.941079e-06
2.400000e+01	2.550000e+01	2.783645e-04	1.704681e-06	1.704681e-06
2.550000e+01	2.700000e+01	2.133492e-04	1.492391e-06	1.492391e-06
2.700000e+01	2.850000e+01	1.661951e-04	1.317185e-06	1.317185e-06
2.850000e+01	3.000000e+01	1.287801e-04	1.159476e-06	1.159476e-06
3.000000e+01	3.150000e+01	9.882907e-05	1.015731e-06	1.015731e-06
3.150000e+01	3.300000e+01	7.767913e-05	9.005107e-07	9.005107e-07
3.300000e+01	3.450000e+01	6.238431e-05	8.069936e-07	8.069936e-07
3.450000e+01	3.600000e+01	4.604848e-05	6.933410e-07	6.933410e-07
3.600000e+01	3.750000e+01	3.620327e-05	6.147638e-07	6.147638e-07
3.750000e+01	3.900000e+01	2.789362e-05	5.396183e-07	5.396183e-07
3.900000e+01	4.050000e+01	2.311281e-05	4.912066e-07	4.912066e-07
4.050000e+01	4.200000e+01	1.772611e-05	4.301747e-07	4.301747e-07
4.200000e+01	4.350000e+01	1.436412e-05	3.872307e-07	3.872307e-07
4.350000e+01	4.500000e+01	1.055389e-05	3.319227e-07	3.319227e-07
4.500000e+01	4.650000e+01	8.069880e-06	2.902537e-07	2.902537e-07
4.650000e+01	4.800000e+01	6.221667e-06	2.548494e-07	2.548494e-07
4.800000e+01	4.950000e+01	4.614132e-06	2.194719e-07	2.194719e-07
4.950000e+01	5.100000e+01	3.810249e-06	1.994375e-07	1.994375e-07
5.100000e+01	5.250000e+01	3.069077e-06	1.789922e-07	1.789922e-07
5.250000e+01	5.400000e+01	2.401178e-06	1.583291e-07	1.583291e-07
5.400000e+01	5.550000e+01	1.920783e-06	1.416020e-07	1.416020e-07
5.550000e+01	5.700000e+01	1.409356e-06	1.212981e-07	1.212981e-07
5.700000e+01	5.850000e+01	7.411720e-07	8.796090e-08	8.796090e-08
5.850000e+01	6.000000e+01	7.202933e-07	8.671317e-08	8.671317e-08
6.000000e+01	6.150000e+01	5.638445e-07	7.672963e-08	7.672963e-08
6.150000e+01	6.300000e+01	3.862444e-07	6.349819e-08	6.349819e-08
6.300000e+01	6.450000e+01	2.922931e-07	5.523820e-08	5.523820e-08
6.450000e+01	6.600000e+01	2.400979e-07	5.006387e-08	5.006387e-08
6.600000e+01	6.750000e+01	8.353907e-08	2.953552e-08	2.953552e-08
6.750000e+01	6.900000e+01	1.148294e-07	3.462238e-08	3.462238e-08
6.900000e+01	7.050000e+01	5.219519e-08	2.334240e-08	2.334240e-08
7.050000e+01	7.200000e+01	5.219519e-08	2.334240e-08	2.334240e-08
7.200000e+01	7.350000e+01	2.087807e-08	1.476303e-08	1.476303e-08
7.350000e+01	7.500000e+01	2.087807e-08	1.476303e-08	1.476303e-08
7.500000e+01	7.650000e+01	3.131711e-08	1.808094e-08	1.808094e-08
7.650000e+01	7.800000e+01	1.043904e-08	1.043904e-08	1.043904e-08
7.800000e+01	7.950000e+01	0.000000e+00	0.000000e+00	0.000000e+00
7.950000e+01	8.100000e+01	0.000000e+00	0.000000e+00	0.000000e+00
8.100000e+01	8.250000e+01	0.000000e+00	0.000000e+00	0.000000e+00
8.250000e+01	8.400000e+01	0.000000e+00	0.000000e+00	0.000000e+00
8.400000e+01	8.550000e+01	0.000000e+00	0.000000e+00	0.000000e+00
8.550000e+01	8.700000e+01	0.000000e+00	0.000000e+00	0.000000e+00
8.700000e+01	8.850000e+01	0.000000e+00	0.000000e+00	0.000000e+00
8.850000e+01	9.000000e+01	0.000000e+00	0.000000e+00	0.000000e+00
9.000000e+01	9.150000e+01	0.000000e+00	0.000000e+00	0.000000e+00
9.150000e+01	9.300000e+01	0.000000e+00	0.000000e+00	0.000000e+00
9.300000e+01	9.450000e+01	0.000000e+00	0.000000e+00	0.000000e+00
9.450000e+01	9.600000e+01	0.000000e+00	0.000000e+00	0.000000e+00
9.600000e+01	9.750000e+01	0.000000e+00	0.000000e+00	0.000000e+00
9.750000e+01	9.900000e+01	0.000000e+00	0.000000e+00	0.000000e+00
9.900000e+01	1.005000e+02	0.000000e+00	0.000000e+00	0.000000e+00
1.005000e+02	1.020000e+02	0.000000e+00	0.000000e+00	0.000000e+00
1.020000e+02	1.035000e+02	0.000000e+00	0.000000e+00	0.000000e+00
1.035000e+02	1.050000e+02	0.000000e+00	0.000000e+00	0.000000e+00
1.050000e+02	1.065000e+02	0.000000e+00	0.000000e+00	0.000000e+00
1.065000e+02	1.080000e+02	0.000000e+00	0.000000e+00	0.000000e+00
1.080000e+02	1.095000e+02	0.000000e+00	0.000000e+00	0.000000e+00
1.095000e+02	1.110000e+02	0.000000e+00	0.000000e+00	0.000000e+00
1.110000e+02	1.125000e+02	0.000000e+00	0.000000e+00	0.000000e+00
1.125000e+02	1.140000e+02	0.000000e+00	0.000000e+00	0.000000e+00
1.140000e+02	1.155000e+02	0.000000e+00	0.000000e+00	0.000000e+00
1.155000e+02	1.170000e+02	0.000000e+00	0.000000e+00	0.000000e+00
1.170000e+02	1.185000e+02	0.000000e+00	0.000000e+00	0.000000e+00
1.185000e+02	1.200000e+02	0.000000e+00	0.000000e+00	0.000000e+00
1.200000e+02	1.215000e+02	0.000000e+00	0.000000e+00	0.000000e+00
1.215000e+02	1.230000e+02	0.000000e+00	0.000000e+00	0.000000e+00
1.230000e+02	1.245000e+02	0.000000e+00	0.000000e+00	0.000000e+00
1.245000e+02	1.260000e+02	0.000000e+00	0.000000e+00	0.000000e+00
1.260000e+02	1.275000e+02	0.000000e+00	0.000000e+00	0.000000e+00
1.275000e+02	1.290000e+02	0.000000e+00	0.000000e+00	0.000000e+00
1.290000e+02	1.305000e+02	0.000000e+00	0.000000e+00	0.000000e+00
1.305000e+02	1.320000e+02	0.000000e+00	0.000000e+00	0.000000e+00
1.320000e+02	1.335000e+02	0.000000e+00	0.000000e+00	0.000000e+00
1.335000e+02	1.350000e+02	0.000000e+00	0.000000e+00	0.000000e+00
1.350000e+02	1.365000e+02	0.000000e+00	0.000000e+00	0.000000e+00
1.365000e+02	1.380000e+02	0.000000e+00	0.000000e+00	0.000000e+00
1.380000e+02	1.395000e+02	0.000000e+00	0.000000e+00	0.000000e+00
1.395000e+02	1.410000e+02	0.000000e+00	0.000000e+00	0.000000e+00
1.410000e+02	1.425000e+02	0.000000e+00	0.000000e+00	0.000000e+00
1.425000e+02	1.440000e+02	0.000000e+00	0.000000e+00	0.000000e+00
1.440000e+02	1.455000e+02	0.000000e+00	0.000000e+00	0.000000e+00
1.455000e+02	1.470000e+02	0.000000e+00	0.000000e+00	0.000000e+00
1.470000e+02	1.485000e+02	0.000000e+00	0.000000e+00	0.000000e+00
1.485000e+02	1.500000e+02	0.000000e+00	0.000000e+00	0.000000e+00
# END HISTO1D

