# BEGIN PLOT
Legend=1
LogY=1
DrawOnly=//mt/home/mbridge/Work/my_higgsstrahlungHgg/Analysis.yoda/MyAnalysis/H_BMin
LegendOnly=//mt/home/mbridge/Work/my_higgsstrahlungHgg/Analysis.yoda/MyAnalysis/H_BMin
# END PLOT

# BEGIN HISTO1D //mt/home/mbridge/Work/my_higgsstrahlungHgg/Analysis.yoda/MyAnalysis/H_BMin
LineColor=red
LineStyle=solid
Path=//mt/home/mbridge/Work/my_higgsstrahlungHgg/Analysis.yoda/MyAnalysis/H_BMin
ScaledBy=1.45528307020074835e-03
Title=Analysis
# xlow	 xhigh	 val	 errminus	 errplus
0.000000e+00	1.000000e-02	1.143184e-03	3.615066e-04	3.615066e-04
1.000000e-02	2.000000e-02	5.864619e-02	2.589293e-03	2.589293e-03
2.000000e-02	3.000000e-02	4.709994e-01	7.337900e-03	7.337900e-03
3.000000e-02	4.000000e-02	1.637770e+00	1.368329e-02	1.368329e-02
4.000000e-02	5.000000e-02	3.373030e+00	1.963688e-02	1.963688e-02
5.000000e-02	6.000000e-02	5.343031e+00	2.471481e-02	2.471481e-02
6.000000e-02	7.000000e-02	7.392807e+00	2.907154e-02	2.907154e-02
7.000000e-02	8.000000e-02	9.798466e+00	3.346897e-02	3.346897e-02
8.000000e-02	9.000000e-02	1.281607e+01	3.827723e-02	3.827723e-02
9.000000e-02	1.000000e-01	1.930900e+01	4.698318e-02	4.698318e-02
1.000000e-01	1.100000e-01	2.144318e+01	4.951181e-02	4.951181e-02
1.100000e-01	1.200000e-01	1.011804e+01	3.401065e-02	3.401065e-02
1.200000e-01	1.300000e-01	4.382082e+00	2.238235e-02	2.238235e-02
1.300000e-01	1.400000e-01	2.114609e+00	1.554818e-02	1.554818e-02
1.400000e-01	1.500000e-01	1.011310e+00	1.075253e-02	1.075253e-02
1.500000e-01	1.600000e-01	4.793501e-01	7.402706e-03	7.402706e-03
1.600000e-01	1.700000e-01	1.845153e-01	4.592834e-03	4.592834e-03
1.700000e-01	1.800000e-01	5.567306e-02	2.522787e-03	2.522787e-03
1.800000e-01	1.900000e-01	9.945700e-03	1.066291e-03	1.066291e-03
1.900000e-01	2.000000e-01	3.429552e-04	1.980053e-04	1.980053e-04
2.000000e-01	2.100000e-01	0.000000e+00	0.000000e+00	0.000000e+00
2.100000e-01	2.200000e-01	0.000000e+00	0.000000e+00	0.000000e+00
2.200000e-01	2.300000e-01	0.000000e+00	0.000000e+00	0.000000e+00
2.300000e-01	2.400000e-01	0.000000e+00	0.000000e+00	0.000000e+00
2.400000e-01	2.500000e-01	0.000000e+00	0.000000e+00	0.000000e+00
2.500000e-01	2.600000e-01	0.000000e+00	0.000000e+00	0.000000e+00
2.600000e-01	2.700000e-01	0.000000e+00	0.000000e+00	0.000000e+00
2.700000e-01	2.800000e-01	0.000000e+00	0.000000e+00	0.000000e+00
2.800000e-01	2.900000e-01	0.000000e+00	0.000000e+00	0.000000e+00
2.900000e-01	3.000000e-01	0.000000e+00	0.000000e+00	0.000000e+00
3.000000e-01	3.100000e-01	0.000000e+00	0.000000e+00	0.000000e+00
3.100000e-01	3.200000e-01	0.000000e+00	0.000000e+00	0.000000e+00
3.200000e-01	3.300000e-01	0.000000e+00	0.000000e+00	0.000000e+00
3.300000e-01	3.400000e-01	0.000000e+00	0.000000e+00	0.000000e+00
3.400000e-01	3.500000e-01	0.000000e+00	0.000000e+00	0.000000e+00
3.500000e-01	3.600000e-01	0.000000e+00	0.000000e+00	0.000000e+00
3.600000e-01	3.700000e-01	0.000000e+00	0.000000e+00	0.000000e+00
3.700000e-01	3.800000e-01	0.000000e+00	0.000000e+00	0.000000e+00
3.800000e-01	3.900000e-01	0.000000e+00	0.000000e+00	0.000000e+00
3.900000e-01	4.000000e-01	0.000000e+00	0.000000e+00	0.000000e+00
4.000000e-01	4.100000e-01	0.000000e+00	0.000000e+00	0.000000e+00
4.100000e-01	4.200000e-01	0.000000e+00	0.000000e+00	0.000000e+00
4.200000e-01	4.300000e-01	0.000000e+00	0.000000e+00	0.000000e+00
4.300000e-01	4.400000e-01	0.000000e+00	0.000000e+00	0.000000e+00
4.400000e-01	4.500000e-01	0.000000e+00	0.000000e+00	0.000000e+00
4.500000e-01	4.600000e-01	0.000000e+00	0.000000e+00	0.000000e+00
4.600000e-01	4.700000e-01	0.000000e+00	0.000000e+00	0.000000e+00
4.700000e-01	4.800000e-01	0.000000e+00	0.000000e+00	0.000000e+00
4.800000e-01	4.900000e-01	0.000000e+00	0.000000e+00	0.000000e+00
4.900000e-01	5.000000e-01	0.000000e+00	0.000000e+00	0.000000e+00
5.000000e-01	5.100000e-01	0.000000e+00	0.000000e+00	0.000000e+00
5.100000e-01	5.200000e-01	0.000000e+00	0.000000e+00	0.000000e+00
5.200000e-01	5.300000e-01	0.000000e+00	0.000000e+00	0.000000e+00
5.300000e-01	5.400000e-01	0.000000e+00	0.000000e+00	0.000000e+00
5.400000e-01	5.500000e-01	0.000000e+00	0.000000e+00	0.000000e+00
5.500000e-01	5.600000e-01	0.000000e+00	0.000000e+00	0.000000e+00
5.600000e-01	5.700000e-01	0.000000e+00	0.000000e+00	0.000000e+00
5.700000e-01	5.800000e-01	0.000000e+00	0.000000e+00	0.000000e+00
5.800000e-01	5.900000e-01	0.000000e+00	0.000000e+00	0.000000e+00
5.900000e-01	6.000000e-01	0.000000e+00	0.000000e+00	0.000000e+00
6.000000e-01	6.100000e-01	0.000000e+00	0.000000e+00	0.000000e+00
6.100000e-01	6.200000e-01	0.000000e+00	0.000000e+00	0.000000e+00
6.200000e-01	6.300000e-01	0.000000e+00	0.000000e+00	0.000000e+00
6.300000e-01	6.400000e-01	0.000000e+00	0.000000e+00	0.000000e+00
6.400000e-01	6.500000e-01	0.000000e+00	0.000000e+00	0.000000e+00
6.500000e-01	6.600000e-01	0.000000e+00	0.000000e+00	0.000000e+00
6.600000e-01	6.700000e-01	0.000000e+00	0.000000e+00	0.000000e+00
6.700000e-01	6.800000e-01	0.000000e+00	0.000000e+00	0.000000e+00
6.800000e-01	6.900000e-01	0.000000e+00	0.000000e+00	0.000000e+00
6.900000e-01	7.000000e-01	0.000000e+00	0.000000e+00	0.000000e+00
7.000000e-01	7.100000e-01	0.000000e+00	0.000000e+00	0.000000e+00
7.100000e-01	7.200000e-01	0.000000e+00	0.000000e+00	0.000000e+00
7.200000e-01	7.300000e-01	0.000000e+00	0.000000e+00	0.000000e+00
7.300000e-01	7.400000e-01	0.000000e+00	0.000000e+00	0.000000e+00
7.400000e-01	7.500000e-01	0.000000e+00	0.000000e+00	0.000000e+00
7.500000e-01	7.600000e-01	0.000000e+00	0.000000e+00	0.000000e+00
7.600000e-01	7.700000e-01	0.000000e+00	0.000000e+00	0.000000e+00
7.700000e-01	7.800000e-01	0.000000e+00	0.000000e+00	0.000000e+00
7.800000e-01	7.900000e-01	0.000000e+00	0.000000e+00	0.000000e+00
7.900000e-01	8.000000e-01	0.000000e+00	0.000000e+00	0.000000e+00
8.000000e-01	8.100000e-01	0.000000e+00	0.000000e+00	0.000000e+00
8.100000e-01	8.200000e-01	0.000000e+00	0.000000e+00	0.000000e+00
8.200000e-01	8.300000e-01	0.000000e+00	0.000000e+00	0.000000e+00
8.300000e-01	8.400000e-01	0.000000e+00	0.000000e+00	0.000000e+00
8.400000e-01	8.500000e-01	0.000000e+00	0.000000e+00	0.000000e+00
8.500000e-01	8.600000e-01	0.000000e+00	0.000000e+00	0.000000e+00
8.600000e-01	8.700000e-01	0.000000e+00	0.000000e+00	0.000000e+00
8.700000e-01	8.800000e-01	0.000000e+00	0.000000e+00	0.000000e+00
8.800000e-01	8.900000e-01	0.000000e+00	0.000000e+00	0.000000e+00
8.900000e-01	9.000000e-01	0.000000e+00	0.000000e+00	0.000000e+00
9.000000e-01	9.100000e-01	0.000000e+00	0.000000e+00	0.000000e+00
9.100000e-01	9.200000e-01	0.000000e+00	0.000000e+00	0.000000e+00
9.200000e-01	9.300000e-01	0.000000e+00	0.000000e+00	0.000000e+00
9.300000e-01	9.400000e-01	0.000000e+00	0.000000e+00	0.000000e+00
9.400000e-01	9.500000e-01	0.000000e+00	0.000000e+00	0.000000e+00
9.500000e-01	9.600000e-01	0.000000e+00	0.000000e+00	0.000000e+00
9.600000e-01	9.700000e-01	0.000000e+00	0.000000e+00	0.000000e+00
9.700000e-01	9.800000e-01	0.000000e+00	0.000000e+00	0.000000e+00
9.800000e-01	9.900000e-01	0.000000e+00	0.000000e+00	0.000000e+00
9.900000e-01	1.000000e+00	0.000000e+00	0.000000e+00	0.000000e+00
# END HISTO1D

