# BEGIN PLOT
Legend=1
LogY=1
DrawOnly=//mt/home/mbridge/Work/my_higgsstrahlungHgg/Analysis.yoda/MyAnalysis/H_C
LegendOnly=//mt/home/mbridge/Work/my_higgsstrahlungHgg/Analysis.yoda/MyAnalysis/H_C
# END PLOT

# BEGIN HISTO1D //mt/home/mbridge/Work/my_higgsstrahlungHgg/Analysis.yoda/MyAnalysis/H_C
LineColor=red
LineStyle=solid
Path=//mt/home/mbridge/Work/my_higgsstrahlungHgg/Analysis.yoda/MyAnalysis/H_C
ScaledBy=1.45528307020074835e-03
Title=Analysis
# xlow	 xhigh	 val	 errminus	 errplus
0.000000e+00	1.000000e-02	0.000000e+00	0.000000e+00	0.000000e+00
1.000000e-02	2.000000e-02	0.000000e+00	0.000000e+00	0.000000e+00
2.000000e-02	3.000000e-02	0.000000e+00	0.000000e+00	0.000000e+00
3.000000e-02	4.000000e-02	0.000000e+00	0.000000e+00	0.000000e+00
4.000000e-02	5.000000e-02	2.286368e-04	1.616706e-04	1.616706e-04
5.000000e-02	6.000000e-02	4.572736e-04	2.286368e-04	2.286368e-04
6.000000e-02	7.000000e-02	1.371821e-03	3.960105e-04	3.960105e-04
7.000000e-02	8.000000e-02	1.600458e-03	4.277402e-04	4.277402e-04
8.000000e-02	9.000000e-02	3.086597e-03	5.940158e-04	5.940158e-04
9.000000e-02	1.000000e-01	7.430696e-03	9.216644e-04	9.216644e-04
1.000000e-01	1.100000e-01	1.314662e-02	1.225928e-03	1.225928e-03
1.100000e-01	1.200000e-01	2.080595e-02	1.542240e-03	1.542240e-03
1.200000e-01	1.300000e-01	3.223779e-02	1.919732e-03	1.919732e-03
1.300000e-01	1.400000e-01	4.046871e-02	2.150888e-03	2.150888e-03
1.400000e-01	1.500000e-01	5.864667e-02	2.589314e-03	2.589314e-03
1.500000e-01	1.600000e-01	7.956560e-02	3.015926e-03	3.015926e-03
1.600000e-01	1.700000e-01	9.865677e-02	3.358315e-03	3.358315e-03
1.700000e-01	1.800000e-01	1.222106e-01	3.737836e-03	3.737836e-03
1.800000e-01	1.900000e-01	1.544456e-01	4.201922e-03	4.201922e-03
1.900000e-01	2.000000e-01	1.872566e-01	4.626795e-03	4.626795e-03
2.000000e-01	2.100000e-01	2.157202e-01	4.965980e-03	4.965980e-03
2.100000e-01	2.200000e-01	2.493393e-01	5.339038e-03	5.339038e-03
2.200000e-01	2.300000e-01	2.775736e-01	5.633184e-03	5.633184e-03
2.300000e-01	2.400000e-01	3.281008e-01	6.124441e-03	6.124441e-03
2.400000e-01	2.500000e-01	3.567918e-01	6.386574e-03	6.386574e-03
2.500000e-01	2.600000e-01	4.037797e-01	6.794135e-03	6.794135e-03
2.600000e-01	2.700000e-01	4.416253e-01	7.105452e-03	7.105452e-03
2.700000e-01	2.800000e-01	4.974146e-01	7.540916e-03	7.540916e-03
2.800000e-01	2.900000e-01	5.370762e-01	7.835730e-03	7.835730e-03
2.900000e-01	3.000000e-01	5.848690e-01	8.176989e-03	8.176989e-03
3.000000e-01	3.100000e-01	6.452319e-01	8.588601e-03	8.588601e-03
3.100000e-01	3.200000e-01	6.720957e-01	8.765556e-03	8.765556e-03
3.200000e-01	3.300000e-01	7.345110e-01	9.163509e-03	9.163509e-03
3.300000e-01	3.400000e-01	7.947675e-01	9.532029e-03	9.532029e-03
3.400000e-01	3.500000e-01	8.601482e-01	9.916284e-03	9.916284e-03
3.500000e-01	3.600000e-01	9.273698e-01	1.029648e-02	1.029648e-02
3.600000e-01	3.700000e-01	9.721852e-01	1.054235e-02	1.054235e-02
3.700000e-01	3.800000e-01	1.055748e+00	1.098605e-02	1.098605e-02
3.800000e-01	3.900000e-01	1.152918e+00	1.148049e-02	1.148049e-02
3.900000e-01	4.000000e-01	1.242216e+00	1.191687e-02	1.191687e-02
4.000000e-01	4.100000e-01	1.342811e+00	1.238996e-02	1.238996e-02
4.100000e-01	4.200000e-01	1.432908e+00	1.279893e-02	1.279893e-02
4.200000e-01	4.300000e-01	1.565281e+00	1.337700e-02	1.337700e-02
4.300000e-01	4.400000e-01	1.684283e+00	1.387617e-02	1.387617e-02
4.400000e-01	4.500000e-01	1.839530e+00	1.450158e-02	1.450158e-02
4.500000e-01	4.600000e-01	1.951574e+00	1.493673e-02	1.493673e-02
4.600000e-01	4.700000e-01	2.083607e+00	1.543371e-02	1.543371e-02
4.700000e-01	4.800000e-01	2.211988e+00	1.590207e-02	1.590207e-02
4.800000e-01	4.900000e-01	2.306864e+00	1.623948e-02	1.623948e-02
4.900000e-01	5.000000e-01	2.359370e+00	1.642337e-02	1.642337e-02
5.000000e-01	5.100000e-01	2.431151e+00	1.667129e-02	1.667129e-02
5.100000e-01	5.200000e-01	2.436063e+00	1.668810e-02	1.668810e-02
5.200000e-01	5.300000e-01	2.443407e+00	1.671334e-02	1.671334e-02
5.300000e-01	5.400000e-01	2.485920e+00	1.685805e-02	1.685805e-02
5.400000e-01	5.500000e-01	2.420541e+00	1.663495e-02	1.663495e-02
5.500000e-01	5.600000e-01	2.415607e+00	1.661792e-02	1.661792e-02
5.600000e-01	5.700000e-01	2.372523e+00	1.646911e-02	1.646911e-02
5.700000e-01	5.800000e-01	2.337550e+00	1.634731e-02	1.634731e-02
5.800000e-01	5.900000e-01	2.281640e+00	1.615060e-02	1.615060e-02
5.900000e-01	6.000000e-01	2.195773e+00	1.584374e-02	1.584374e-02
6.000000e-01	6.100000e-01	2.145696e+00	1.566201e-02	1.566201e-02
6.100000e-01	6.200000e-01	2.144117e+00	1.565634e-02	1.565634e-02
6.200000e-01	6.300000e-01	2.081441e+00	1.542570e-02	1.542570e-02
6.300000e-01	6.400000e-01	2.004502e+00	1.513791e-02	1.513791e-02
6.400000e-01	6.500000e-01	1.940957e+00	1.489610e-02	1.489610e-02
6.500000e-01	6.600000e-01	1.902887e+00	1.474929e-02	1.474929e-02
6.600000e-01	6.700000e-01	1.862072e+00	1.459025e-02	1.459025e-02
6.700000e-01	6.800000e-01	1.800566e+00	1.434726e-02	1.434726e-02
6.800000e-01	6.900000e-01	1.742828e+00	1.411533e-02	1.411533e-02
6.900000e-01	7.000000e-01	1.704544e+00	1.395949e-02	1.395949e-02
7.000000e-01	7.100000e-01	1.684871e+00	1.387866e-02	1.387866e-02
7.100000e-01	7.200000e-01	1.596259e+00	1.350872e-02	1.350872e-02
7.200000e-01	7.300000e-01	1.572268e+00	1.340689e-02	1.340689e-02
7.300000e-01	7.400000e-01	1.493042e+00	1.306473e-02	1.306473e-02
7.400000e-01	7.500000e-01	1.473380e+00	1.297843e-02	1.297843e-02
7.500000e-01	7.600000e-01	1.422285e+00	1.275144e-02	1.275144e-02
7.600000e-01	7.700000e-01	1.366020e+00	1.249658e-02	1.249658e-02
7.700000e-01	7.800000e-01	1.348318e+00	1.241544e-02	1.241544e-02
7.800000e-01	7.900000e-01	1.291585e+00	1.215129e-02	1.215129e-02
7.900000e-01	8.000000e-01	1.238335e+00	1.189828e-02	1.189828e-02
8.000000e-01	8.100000e-01	1.195337e+00	1.168981e-02	1.168981e-02
8.100000e-01	8.200000e-01	1.120258e+00	1.131689e-02	1.131689e-02
8.200000e-01	8.300000e-01	1.054395e+00	1.097911e-02	1.097911e-02
8.300000e-01	8.400000e-01	9.375522e-01	1.035290e-02	1.035290e-02
8.400000e-01	8.500000e-01	8.570737e-01	9.898618e-03	9.898618e-03
8.500000e-01	8.600000e-01	8.020830e-01	9.575791e-03	9.575791e-03
8.600000e-01	8.700000e-01	6.878697e-01	8.867807e-03	8.867807e-03
8.700000e-01	8.800000e-01	6.032743e-01	8.304651e-03	8.304651e-03
8.800000e-01	8.900000e-01	5.493176e-01	7.924591e-03	7.924591e-03
8.900000e-01	9.000000e-01	4.715740e-01	7.342399e-03	7.342399e-03
9.000000e-01	9.100000e-01	3.954441e-01	6.723727e-03	6.723727e-03
9.100000e-01	9.200000e-01	3.248992e-01	6.094480e-03	6.094480e-03
9.200000e-01	9.300000e-01	2.652265e-01	5.506466e-03	5.506466e-03
9.300000e-01	9.400000e-01	2.040689e-01	4.830121e-03	4.830121e-03
9.400000e-01	9.500000e-01	1.431317e-01	4.045142e-03	4.045142e-03
9.500000e-01	9.600000e-01	9.580295e-02	3.309459e-03	3.309459e-03
9.600000e-01	9.700000e-01	6.127750e-02	2.646786e-03	2.646786e-03
9.700000e-01	9.800000e-01	3.166620e-02	1.902637e-03	1.902637e-03
9.800000e-01	9.900000e-01	1.268934e-02	1.204419e-03	1.204419e-03
9.900000e-01	1.000000e+00	1.600458e-03	4.277402e-04	4.277402e-04
# END HISTO1D

