# BEGIN PLOT
Legend=1
LogY=1
DrawOnly=//home/mogzyb/Work/Dis-2.0/Hvv/Analysis.yoda/MyZAnalysis/Z_pT_peak
LegendOnly=//home/mogzyb/Work/Dis-2.0/Hvv/Analysis.yoda/MyZAnalysis/Z_pT_peak
# END PLOT

# BEGIN HISTO1D //home/mogzyb/Work/Dis-2.0/Hvv/Analysis.yoda/MyZAnalysis/Z_pT_peak
LineColor=red
LineStyle=solid
Path=//home/mogzyb/Work/Dis-2.0/Hvv/Analysis.yoda/MyZAnalysis/Z_pT_peak
ScaledBy=1.00000000000000000e+00
Title=Analysis
# xlow	 xhigh	 val	 errminus	 errplus
4.000000e+01	4.020000e+01	0.000000e+00	0.000000e+00	0.000000e+00
4.020000e+01	4.040000e+01	0.000000e+00	0.000000e+00	0.000000e+00
4.040000e+01	4.060000e+01	0.000000e+00	0.000000e+00	0.000000e+00
4.060000e+01	4.080000e+01	0.000000e+00	0.000000e+00	0.000000e+00
4.080000e+01	4.100000e+01	0.000000e+00	0.000000e+00	0.000000e+00
4.100000e+01	4.120000e+01	0.000000e+00	0.000000e+00	0.000000e+00
4.120000e+01	4.140000e+01	0.000000e+00	0.000000e+00	0.000000e+00
4.140000e+01	4.160000e+01	0.000000e+00	0.000000e+00	0.000000e+00
4.160000e+01	4.180000e+01	0.000000e+00	0.000000e+00	0.000000e+00
4.180000e+01	4.200000e+01	0.000000e+00	0.000000e+00	0.000000e+00
4.200000e+01	4.220000e+01	0.000000e+00	0.000000e+00	0.000000e+00
4.220000e+01	4.240000e+01	0.000000e+00	0.000000e+00	0.000000e+00
4.240000e+01	4.260000e+01	0.000000e+00	0.000000e+00	0.000000e+00
4.260000e+01	4.280000e+01	0.000000e+00	0.000000e+00	0.000000e+00
4.280000e+01	4.300000e+01	0.000000e+00	0.000000e+00	0.000000e+00
4.300000e+01	4.320000e+01	0.000000e+00	0.000000e+00	0.000000e+00
4.320000e+01	4.340000e+01	0.000000e+00	0.000000e+00	0.000000e+00
4.340000e+01	4.360000e+01	0.000000e+00	0.000000e+00	0.000000e+00
4.360000e+01	4.380000e+01	0.000000e+00	0.000000e+00	0.000000e+00
4.380000e+01	4.400000e+01	0.000000e+00	0.000000e+00	0.000000e+00
4.400000e+01	4.420000e+01	0.000000e+00	0.000000e+00	0.000000e+00
4.420000e+01	4.440000e+01	0.000000e+00	0.000000e+00	0.000000e+00
4.440000e+01	4.460000e+01	0.000000e+00	0.000000e+00	0.000000e+00
4.460000e+01	4.480000e+01	0.000000e+00	0.000000e+00	0.000000e+00
4.480000e+01	4.500000e+01	0.000000e+00	0.000000e+00	0.000000e+00
4.500000e+01	4.520000e+01	0.000000e+00	0.000000e+00	0.000000e+00
4.520000e+01	4.540000e+01	0.000000e+00	0.000000e+00	0.000000e+00
4.540000e+01	4.560000e+01	0.000000e+00	0.000000e+00	0.000000e+00
4.560000e+01	4.580000e+01	0.000000e+00	0.000000e+00	0.000000e+00
4.580000e+01	4.600000e+01	0.000000e+00	0.000000e+00	0.000000e+00
4.600000e+01	4.620000e+01	0.000000e+00	0.000000e+00	0.000000e+00
4.620000e+01	4.640000e+01	0.000000e+00	0.000000e+00	0.000000e+00
4.640000e+01	4.660000e+01	0.000000e+00	0.000000e+00	0.000000e+00
4.660000e+01	4.680000e+01	0.000000e+00	0.000000e+00	0.000000e+00
4.680000e+01	4.700000e+01	0.000000e+00	0.000000e+00	0.000000e+00
4.700000e+01	4.720000e+01	0.000000e+00	0.000000e+00	0.000000e+00
4.720000e+01	4.740000e+01	0.000000e+00	0.000000e+00	0.000000e+00
4.740000e+01	4.760000e+01	0.000000e+00	0.000000e+00	0.000000e+00
4.760000e+01	4.780000e+01	0.000000e+00	0.000000e+00	0.000000e+00
4.780000e+01	4.800000e+01	0.000000e+00	0.000000e+00	0.000000e+00
4.800000e+01	4.820000e+01	0.000000e+00	0.000000e+00	0.000000e+00
4.820000e+01	4.840000e+01	0.000000e+00	0.000000e+00	0.000000e+00
4.840000e+01	4.860000e+01	0.000000e+00	0.000000e+00	0.000000e+00
4.860000e+01	4.880000e+01	0.000000e+00	0.000000e+00	0.000000e+00
4.880000e+01	4.900000e+01	0.000000e+00	0.000000e+00	0.000000e+00
4.900000e+01	4.920000e+01	0.000000e+00	0.000000e+00	0.000000e+00
4.920000e+01	4.940000e+01	0.000000e+00	0.000000e+00	0.000000e+00
4.940000e+01	4.960000e+01	0.000000e+00	0.000000e+00	0.000000e+00
4.960000e+01	4.980000e+01	0.000000e+00	0.000000e+00	0.000000e+00
4.980000e+01	5.000000e+01	0.000000e+00	0.000000e+00	0.000000e+00
5.000000e+01	5.020000e+01	0.000000e+00	0.000000e+00	0.000000e+00
5.020000e+01	5.040000e+01	0.000000e+00	0.000000e+00	0.000000e+00
5.040000e+01	5.060000e+01	0.000000e+00	0.000000e+00	0.000000e+00
5.060000e+01	5.080000e+01	0.000000e+00	0.000000e+00	0.000000e+00
5.080000e+01	5.100000e+01	0.000000e+00	0.000000e+00	0.000000e+00
5.100000e+01	5.120000e+01	0.000000e+00	0.000000e+00	0.000000e+00
5.120000e+01	5.140000e+01	0.000000e+00	0.000000e+00	0.000000e+00
5.140000e+01	5.160000e+01	0.000000e+00	0.000000e+00	0.000000e+00
5.160000e+01	5.180000e+01	0.000000e+00	0.000000e+00	0.000000e+00
5.180000e+01	5.200000e+01	0.000000e+00	0.000000e+00	0.000000e+00
5.200000e+01	5.220000e+01	0.000000e+00	0.000000e+00	0.000000e+00
5.220000e+01	5.240000e+01	0.000000e+00	0.000000e+00	0.000000e+00
5.240000e+01	5.260000e+01	0.000000e+00	0.000000e+00	0.000000e+00
5.260000e+01	5.280000e+01	0.000000e+00	0.000000e+00	0.000000e+00
5.280000e+01	5.300000e+01	0.000000e+00	0.000000e+00	0.000000e+00
5.300000e+01	5.320000e+01	0.000000e+00	0.000000e+00	0.000000e+00
5.320000e+01	5.340000e+01	0.000000e+00	0.000000e+00	0.000000e+00
5.340000e+01	5.360000e+01	0.000000e+00	0.000000e+00	0.000000e+00
5.360000e+01	5.380000e+01	0.000000e+00	0.000000e+00	0.000000e+00
5.380000e+01	5.400000e+01	0.000000e+00	0.000000e+00	0.000000e+00
5.400000e+01	5.420000e+01	0.000000e+00	0.000000e+00	0.000000e+00
5.420000e+01	5.440000e+01	0.000000e+00	0.000000e+00	0.000000e+00
5.440000e+01	5.460000e+01	0.000000e+00	0.000000e+00	0.000000e+00
5.460000e+01	5.480000e+01	0.000000e+00	0.000000e+00	0.000000e+00
5.480000e+01	5.500000e+01	0.000000e+00	0.000000e+00	0.000000e+00
5.500000e+01	5.520000e+01	0.000000e+00	0.000000e+00	0.000000e+00
5.520000e+01	5.540000e+01	0.000000e+00	0.000000e+00	0.000000e+00
5.540000e+01	5.560000e+01	0.000000e+00	0.000000e+00	0.000000e+00
5.560000e+01	5.580000e+01	0.000000e+00	0.000000e+00	0.000000e+00
5.580000e+01	5.600000e+01	0.000000e+00	0.000000e+00	0.000000e+00
5.600000e+01	5.620000e+01	0.000000e+00	0.000000e+00	0.000000e+00
5.620000e+01	5.640000e+01	0.000000e+00	0.000000e+00	0.000000e+00
5.640000e+01	5.660000e+01	0.000000e+00	0.000000e+00	0.000000e+00
5.660000e+01	5.680000e+01	0.000000e+00	0.000000e+00	0.000000e+00
5.680000e+01	5.700000e+01	0.000000e+00	0.000000e+00	0.000000e+00
5.700000e+01	5.720000e+01	0.000000e+00	0.000000e+00	0.000000e+00
5.720000e+01	5.740000e+01	0.000000e+00	0.000000e+00	0.000000e+00
5.740000e+01	5.760000e+01	0.000000e+00	0.000000e+00	0.000000e+00
5.760000e+01	5.780000e+01	0.000000e+00	0.000000e+00	0.000000e+00
5.780000e+01	5.800000e+01	0.000000e+00	0.000000e+00	0.000000e+00
5.800000e+01	5.820000e+01	0.000000e+00	0.000000e+00	0.000000e+00
5.820000e+01	5.840000e+01	0.000000e+00	0.000000e+00	0.000000e+00
5.840000e+01	5.860000e+01	0.000000e+00	0.000000e+00	0.000000e+00
5.860000e+01	5.880000e+01	0.000000e+00	0.000000e+00	0.000000e+00
5.880000e+01	5.900000e+01	0.000000e+00	0.000000e+00	0.000000e+00
5.900000e+01	5.920000e+01	0.000000e+00	0.000000e+00	0.000000e+00
5.920000e+01	5.940000e+01	0.000000e+00	0.000000e+00	0.000000e+00
5.940000e+01	5.960000e+01	0.000000e+00	0.000000e+00	0.000000e+00
5.960000e+01	5.980000e+01	0.000000e+00	0.000000e+00	0.000000e+00
5.980000e+01	6.000000e+01	0.000000e+00	0.000000e+00	0.000000e+00
# END HISTO1D

