# BEGIN PLOT
Legend=1
LogY=0
DrawOnly=//mt/home/mbridge/Work/MyHiggsstrahlungV2/MyHiggsstrahlungHWW/Analysis.yoda/MyHAnalysis/H_Tm
LegendOnly=//mt/home/mbridge/Work/MyHiggsstrahlungV2/MyHiggsstrahlungHWW/Analysis.yoda/MyHAnalysis/H_Tm
# END PLOT

# BEGIN HISTO1D //mt/home/mbridge/Work/MyHiggsstrahlungV2/MyHiggsstrahlungHWW/Analysis.yoda/MyHAnalysis/H_Tm
LineColor=red
LineStyle=solid
Path=//mt/home/mbridge/Work/MyHiggsstrahlungV2/MyHiggsstrahlungHWW/Analysis.yoda/MyHAnalysis/H_Tm
ScaledBy=2.19707899816729731e-02
Title=Analysis
# xlow	 xhigh	 val	 errminus	 errplus
0.000000e+00	1.000000e-02	0.000000e+00	0.000000e+00	0.000000e+00
1.000000e-02	2.000000e-02	0.000000e+00	0.000000e+00	0.000000e+00
2.000000e-02	3.000000e-02	4.580013e-03	3.238558e-03	3.238558e-03
3.000000e-02	4.000000e-02	5.725016e-02	1.145003e-02	1.145003e-02
4.000000e-02	5.000000e-02	2.083906e-01	2.184527e-02	2.184527e-02
5.000000e-02	6.000000e-02	5.702116e-01	3.613569e-02	3.613569e-02
6.000000e-02	7.000000e-02	1.323624e+00	5.505549e-02	5.505549e-02
7.000000e-02	8.000000e-02	2.102226e+00	6.938379e-02	6.938379e-02
8.000000e-02	9.000000e-02	3.276999e+00	8.662765e-02	8.662765e-02
9.000000e-02	1.000000e-01	4.149492e+00	9.748006e-02	9.748006e-02
1.000000e-01	1.100000e-01	4.687643e+00	1.036085e-01	1.036085e-01
1.100000e-01	1.200000e-01	5.088394e+00	1.079466e-01	1.079466e-01
1.200000e-01	1.300000e-01	5.358615e+00	1.107757e-01	1.107757e-01
1.300000e-01	1.400000e-01	5.708986e+00	1.143399e-01	1.143399e-01
1.400000e-01	1.500000e-01	5.534945e+00	1.125836e-01	1.125836e-01
1.500000e-01	1.600000e-01	5.344875e+00	1.106336e-01	1.106336e-01
1.600000e-01	1.700000e-01	5.248695e+00	1.096337e-01	1.096337e-01
1.700000e-01	1.800000e-01	5.102134e+00	1.080922e-01	1.080922e-01
1.800000e-01	1.900000e-01	4.815883e+00	1.050162e-01	1.050162e-01
1.900000e-01	2.000000e-01	4.657873e+00	1.032790e-01	1.032790e-01
2.000000e-01	2.100000e-01	4.282312e+00	9.902788e-02	9.902788e-02
2.100000e-01	2.200000e-01	3.975451e+00	9.541388e-02	9.541388e-02
2.200000e-01	2.300000e-01	3.409820e+00	8.836577e-02	8.836577e-02
2.300000e-01	2.400000e-01	3.416690e+00	8.845474e-02	8.845474e-02
2.400000e-01	2.500000e-01	2.956398e+00	8.228105e-02	8.228105e-02
2.500000e-01	2.600000e-01	2.672437e+00	7.822978e-02	7.822978e-02
2.600000e-01	2.700000e-01	2.459467e+00	7.504795e-02	7.504795e-02
2.700000e-01	2.800000e-01	2.104516e+00	6.942157e-02	6.942157e-02
2.800000e-01	2.900000e-01	1.857195e+00	6.521494e-02	6.521494e-02
2.900000e-01	3.000000e-01	1.710635e+00	6.258886e-02	6.258886e-02
3.000000e-01	3.100000e-01	1.454154e+00	5.770634e-02	5.770634e-02
3.100000e-01	3.200000e-01	1.154163e+00	5.141051e-02	5.141051e-02
3.200000e-01	3.300000e-01	1.085463e+00	4.985697e-02	4.985697e-02
3.300000e-01	3.400000e-01	7.992122e-01	4.278085e-02	4.278085e-02
3.400000e-01	3.500000e-01	6.824219e-01	3.953165e-02	3.953165e-02
3.500000e-01	3.600000e-01	6.480718e-01	3.852388e-02	3.852388e-02
3.600000e-01	3.700000e-01	4.900614e-01	3.349991e-02	3.349991e-02
3.700000e-01	3.800000e-01	3.549510e-01	2.851035e-02	2.851035e-02
3.800000e-01	3.900000e-01	3.045709e-01	2.640964e-02	2.640964e-02
3.900000e-01	4.000000e-01	2.358707e-01	2.324103e-02	2.324103e-02
4.000000e-01	4.100000e-01	2.221306e-01	2.255395e-02	2.255395e-02
4.100000e-01	4.200000e-01	1.603004e-01	1.915957e-02	1.915957e-02
4.200000e-01	4.300000e-01	8.931025e-02	1.430108e-02	1.430108e-02
4.300000e-01	4.400000e-01	7.786022e-02	1.335292e-02	1.335292e-02
4.400000e-01	4.500000e-01	4.580013e-02	1.024122e-02	1.024122e-02
4.500000e-01	4.600000e-01	3.664010e-02	9.160026e-03	9.160026e-03
4.600000e-01	4.700000e-01	2.748008e-02	7.932815e-03	7.932815e-03
4.700000e-01	4.800000e-01	2.061006e-02	6.870019e-03	6.870019e-03
4.800000e-01	4.900000e-01	1.145003e-02	5.120610e-03	5.120610e-03
4.900000e-01	5.000000e-01	9.160026e-03	4.580013e-03	4.580013e-03
5.000000e-01	5.100000e-01	2.290006e-03	2.290006e-03	2.290006e-03
5.100000e-01	5.200000e-01	0.000000e+00	0.000000e+00	0.000000e+00
5.200000e-01	5.300000e-01	2.290006e-03	2.290006e-03	2.290006e-03
5.300000e-01	5.400000e-01	0.000000e+00	0.000000e+00	0.000000e+00
5.400000e-01	5.500000e-01	0.000000e+00	0.000000e+00	0.000000e+00
5.500000e-01	5.600000e-01	0.000000e+00	0.000000e+00	0.000000e+00
5.600000e-01	5.700000e-01	0.000000e+00	0.000000e+00	0.000000e+00
5.700000e-01	5.800000e-01	0.000000e+00	0.000000e+00	0.000000e+00
5.800000e-01	5.900000e-01	0.000000e+00	0.000000e+00	0.000000e+00
5.900000e-01	6.000000e-01	0.000000e+00	0.000000e+00	0.000000e+00
6.000000e-01	6.100000e-01	0.000000e+00	0.000000e+00	0.000000e+00
6.100000e-01	6.200000e-01	0.000000e+00	0.000000e+00	0.000000e+00
6.200000e-01	6.300000e-01	0.000000e+00	0.000000e+00	0.000000e+00
6.300000e-01	6.400000e-01	0.000000e+00	0.000000e+00	0.000000e+00
6.400000e-01	6.500000e-01	0.000000e+00	0.000000e+00	0.000000e+00
6.500000e-01	6.600000e-01	0.000000e+00	0.000000e+00	0.000000e+00
6.600000e-01	6.700000e-01	0.000000e+00	0.000000e+00	0.000000e+00
6.700000e-01	6.800000e-01	0.000000e+00	0.000000e+00	0.000000e+00
6.800000e-01	6.900000e-01	0.000000e+00	0.000000e+00	0.000000e+00
6.900000e-01	7.000000e-01	0.000000e+00	0.000000e+00	0.000000e+00
7.000000e-01	7.100000e-01	0.000000e+00	0.000000e+00	0.000000e+00
7.100000e-01	7.200000e-01	0.000000e+00	0.000000e+00	0.000000e+00
7.200000e-01	7.300000e-01	0.000000e+00	0.000000e+00	0.000000e+00
7.300000e-01	7.400000e-01	0.000000e+00	0.000000e+00	0.000000e+00
7.400000e-01	7.500000e-01	0.000000e+00	0.000000e+00	0.000000e+00
7.500000e-01	7.600000e-01	0.000000e+00	0.000000e+00	0.000000e+00
7.600000e-01	7.700000e-01	0.000000e+00	0.000000e+00	0.000000e+00
7.700000e-01	7.800000e-01	0.000000e+00	0.000000e+00	0.000000e+00
7.800000e-01	7.900000e-01	0.000000e+00	0.000000e+00	0.000000e+00
7.900000e-01	8.000000e-01	0.000000e+00	0.000000e+00	0.000000e+00
8.000000e-01	8.100000e-01	0.000000e+00	0.000000e+00	0.000000e+00
8.100000e-01	8.200000e-01	0.000000e+00	0.000000e+00	0.000000e+00
8.200000e-01	8.300000e-01	0.000000e+00	0.000000e+00	0.000000e+00
8.300000e-01	8.400000e-01	0.000000e+00	0.000000e+00	0.000000e+00
8.400000e-01	8.500000e-01	0.000000e+00	0.000000e+00	0.000000e+00
8.500000e-01	8.600000e-01	0.000000e+00	0.000000e+00	0.000000e+00
8.600000e-01	8.700000e-01	0.000000e+00	0.000000e+00	0.000000e+00
8.700000e-01	8.800000e-01	0.000000e+00	0.000000e+00	0.000000e+00
8.800000e-01	8.900000e-01	0.000000e+00	0.000000e+00	0.000000e+00
8.900000e-01	9.000000e-01	0.000000e+00	0.000000e+00	0.000000e+00
9.000000e-01	9.100000e-01	0.000000e+00	0.000000e+00	0.000000e+00
9.100000e-01	9.200000e-01	0.000000e+00	0.000000e+00	0.000000e+00
9.200000e-01	9.300000e-01	0.000000e+00	0.000000e+00	0.000000e+00
9.300000e-01	9.400000e-01	0.000000e+00	0.000000e+00	0.000000e+00
9.400000e-01	9.500000e-01	0.000000e+00	0.000000e+00	0.000000e+00
9.500000e-01	9.600000e-01	0.000000e+00	0.000000e+00	0.000000e+00
9.600000e-01	9.700000e-01	0.000000e+00	0.000000e+00	0.000000e+00
9.700000e-01	9.800000e-01	0.000000e+00	0.000000e+00	0.000000e+00
9.800000e-01	9.900000e-01	0.000000e+00	0.000000e+00	0.000000e+00
9.900000e-01	1.000000e+00	0.000000e+00	0.000000e+00	0.000000e+00
# END HISTO1D

