# BEGIN PLOT
Legend=1
LogY=1
Title=Energy of all particles
XLabel=$E$ [GeV]
YLabel=$1/\sigma \; \mathrm{d}\sigma/\mathrm{d}E$ [GeV$^{-1}$]
DrawOnly=//home/mogzyb/Work/Dis-2.0/Hvv/Analysis.yoda/MC_FSPARTICLES/E
LegendOnly=//home/mogzyb/Work/Dis-2.0/Hvv/Analysis.yoda/MC_FSPARTICLES/E
# END PLOT

# BEGIN HISTO1D //home/mogzyb/Work/Dis-2.0/Hvv/Analysis.yoda/MC_FSPARTICLES/E
LineColor=red
LineStyle=solid
Path=//home/mogzyb/Work/Dis-2.0/Hvv/Analysis.yoda/MC_FSPARTICLES/E
ScaledBy=1.27313759915222242e-05
Title=Analysis
# xlow	 xhigh	 val	 errminus	 errplus
0.000000e+00	2.000000e+00	2.179396e-01	1.745581e-04	1.745581e-04
2.000000e+00	4.000000e+00	1.164577e-01	1.276258e-04	1.276258e-04
4.000000e+00	6.000000e+00	5.324955e-02	8.630440e-05	8.630440e-05
6.000000e+00	8.000000e+00	2.966439e-02	6.443258e-05	6.443258e-05
8.000000e+00	1.000000e+01	1.799223e-02	5.017552e-05	5.017552e-05
1.000000e+01	1.200000e+01	1.149523e-02	4.011607e-05	4.011607e-05
1.200000e+01	1.400000e+01	7.571330e-03	3.253585e-05	3.253585e-05
1.400000e+01	1.600000e+01	5.177285e-03	2.693365e-05	2.693365e-05
1.600000e+01	1.800000e+01	3.645195e-03	2.257069e-05	2.257069e-05
1.800000e+01	2.000000e+01	2.660196e-03	1.928607e-05	1.928607e-05
2.000000e+01	2.200000e+01	1.961037e-03	1.656141e-05	1.656141e-05
2.200000e+01	2.400000e+01	1.540291e-03	1.468000e-05	1.468000e-05
2.400000e+01	2.600000e+01	1.249092e-03	1.324084e-05	1.324084e-05
2.600000e+01	2.800000e+01	1.377943e-03	1.387196e-05	1.387196e-05
2.800000e+01	3.000000e+01	1.384922e-03	1.389842e-05	1.389842e-05
3.000000e+01	3.200000e+01	1.295252e-03	1.344058e-05	1.344058e-05
3.200000e+01	3.400000e+01	1.259234e-03	1.326748e-05	1.326748e-05
3.400000e+01	3.600000e+01	1.168863e-03	1.276830e-05	1.276830e-05
3.600000e+01	3.800000e+01	1.151965e-03	1.267648e-05	1.267648e-05
3.800000e+01	4.000000e+01	1.122803e-03	1.251401e-05	1.251401e-05
4.000000e+01	4.200000e+01	1.099231e-03	1.238183e-05	1.238183e-05
4.200000e+01	4.400000e+01	1.080578e-03	1.227662e-05	1.227662e-05
4.400000e+01	4.600000e+01	1.119063e-03	1.249235e-05	1.249235e-05
4.600000e+01	4.800000e+01	1.100707e-03	1.239075e-05	1.239075e-05
4.800000e+01	5.000000e+01	1.100801e-03	1.239094e-05	1.239094e-05
5.000000e+01	5.200000e+01	1.099514e-03	1.240105e-05	1.240105e-05
5.200000e+01	5.400000e+01	1.115347e-03	1.247274e-05	1.247274e-05
5.400000e+01	5.600000e+01	1.106298e-03	1.242219e-05	1.242219e-05
5.600000e+01	5.800000e+01	1.103866e-03	1.240911e-05	1.240911e-05
5.800000e+01	6.000000e+01	1.073832e-03	1.223784e-05	1.223784e-05
6.000000e+01	6.200000e+01	1.098028e-03	1.237547e-05	1.237547e-05
6.200000e+01	6.400000e+01	1.056818e-03	1.214053e-05	1.214053e-05
6.400000e+01	6.600000e+01	1.063542e-03	1.217831e-05	1.217831e-05
6.600000e+01	6.800000e+01	1.041649e-03	1.205327e-05	1.205327e-05
6.800000e+01	7.000000e+01	1.031985e-03	1.199704e-05	1.199704e-05
7.000000e+01	7.200000e+01	9.944580e-04	1.177880e-05	1.177880e-05
7.200000e+01	7.400000e+01	9.672615e-04	1.161566e-05	1.161566e-05
7.400000e+01	7.600000e+01	9.101725e-04	1.126836e-05	1.126836e-05
7.600000e+01	7.800000e+01	8.644790e-04	1.097713e-05	1.097713e-05
7.800000e+01	8.000000e+01	3.520886e-04	7.005437e-06	7.005437e-06
8.000000e+01	8.200000e+01	1.473531e-04	4.532352e-06	4.532352e-06
8.200000e+01	8.400000e+01	7.525655e-05	3.252202e-06	3.252202e-06
8.400000e+01	8.600000e+01	3.129145e-05	3.124490e-06	3.124490e-06
8.600000e+01	8.800000e+01	2.189719e-06	5.685657e-07	5.685657e-07
8.800000e+01	9.000000e+01	0.000000e+00	0.000000e+00	0.000000e+00
9.000000e+01	9.200000e+01	1.393858e-07	1.393858e-07	1.393858e-07
9.200000e+01	9.400000e+01	0.000000e+00	0.000000e+00	0.000000e+00
9.400000e+01	9.600000e+01	0.000000e+00	0.000000e+00	0.000000e+00
9.600000e+01	9.800000e+01	0.000000e+00	0.000000e+00	0.000000e+00
9.800000e+01	1.000000e+02	0.000000e+00	0.000000e+00	0.000000e+00
1.000000e+02	1.020000e+02	0.000000e+00	0.000000e+00	0.000000e+00
1.020000e+02	1.040000e+02	0.000000e+00	0.000000e+00	0.000000e+00
1.040000e+02	1.060000e+02	0.000000e+00	0.000000e+00	0.000000e+00
1.060000e+02	1.080000e+02	0.000000e+00	0.000000e+00	0.000000e+00
1.080000e+02	1.100000e+02	0.000000e+00	0.000000e+00	0.000000e+00
1.100000e+02	1.120000e+02	0.000000e+00	0.000000e+00	0.000000e+00
1.120000e+02	1.140000e+02	0.000000e+00	0.000000e+00	0.000000e+00
1.140000e+02	1.160000e+02	0.000000e+00	0.000000e+00	0.000000e+00
1.160000e+02	1.180000e+02	0.000000e+00	0.000000e+00	0.000000e+00
1.180000e+02	1.200000e+02	0.000000e+00	0.000000e+00	0.000000e+00
1.200000e+02	1.220000e+02	0.000000e+00	0.000000e+00	0.000000e+00
1.220000e+02	1.240000e+02	0.000000e+00	0.000000e+00	0.000000e+00
1.240000e+02	1.260000e+02	0.000000e+00	0.000000e+00	0.000000e+00
1.260000e+02	1.280000e+02	0.000000e+00	0.000000e+00	0.000000e+00
1.280000e+02	1.300000e+02	0.000000e+00	0.000000e+00	0.000000e+00
1.300000e+02	1.320000e+02	0.000000e+00	0.000000e+00	0.000000e+00
1.320000e+02	1.340000e+02	0.000000e+00	0.000000e+00	0.000000e+00
1.340000e+02	1.360000e+02	0.000000e+00	0.000000e+00	0.000000e+00
1.360000e+02	1.380000e+02	0.000000e+00	0.000000e+00	0.000000e+00
1.380000e+02	1.400000e+02	0.000000e+00	0.000000e+00	0.000000e+00
1.400000e+02	1.420000e+02	0.000000e+00	0.000000e+00	0.000000e+00
1.420000e+02	1.440000e+02	0.000000e+00	0.000000e+00	0.000000e+00
1.440000e+02	1.460000e+02	0.000000e+00	0.000000e+00	0.000000e+00
1.460000e+02	1.480000e+02	0.000000e+00	0.000000e+00	0.000000e+00
1.480000e+02	1.500000e+02	0.000000e+00	0.000000e+00	0.000000e+00
1.500000e+02	1.520000e+02	0.000000e+00	0.000000e+00	0.000000e+00
1.520000e+02	1.540000e+02	0.000000e+00	0.000000e+00	0.000000e+00
1.540000e+02	1.560000e+02	0.000000e+00	0.000000e+00	0.000000e+00
1.560000e+02	1.580000e+02	0.000000e+00	0.000000e+00	0.000000e+00
1.580000e+02	1.600000e+02	0.000000e+00	0.000000e+00	0.000000e+00
1.600000e+02	1.620000e+02	0.000000e+00	0.000000e+00	0.000000e+00
1.620000e+02	1.640000e+02	0.000000e+00	0.000000e+00	0.000000e+00
1.640000e+02	1.660000e+02	0.000000e+00	0.000000e+00	0.000000e+00
1.660000e+02	1.680000e+02	0.000000e+00	0.000000e+00	0.000000e+00
1.680000e+02	1.700000e+02	0.000000e+00	0.000000e+00	0.000000e+00
1.700000e+02	1.720000e+02	0.000000e+00	0.000000e+00	0.000000e+00
1.720000e+02	1.740000e+02	0.000000e+00	0.000000e+00	0.000000e+00
1.740000e+02	1.760000e+02	0.000000e+00	0.000000e+00	0.000000e+00
1.760000e+02	1.780000e+02	0.000000e+00	0.000000e+00	0.000000e+00
1.780000e+02	1.800000e+02	0.000000e+00	0.000000e+00	0.000000e+00
1.800000e+02	1.820000e+02	0.000000e+00	0.000000e+00	0.000000e+00
1.820000e+02	1.840000e+02	0.000000e+00	0.000000e+00	0.000000e+00
1.840000e+02	1.860000e+02	0.000000e+00	0.000000e+00	0.000000e+00
1.860000e+02	1.880000e+02	0.000000e+00	0.000000e+00	0.000000e+00
1.880000e+02	1.900000e+02	0.000000e+00	0.000000e+00	0.000000e+00
1.900000e+02	1.920000e+02	0.000000e+00	0.000000e+00	0.000000e+00
1.920000e+02	1.940000e+02	0.000000e+00	0.000000e+00	0.000000e+00
1.940000e+02	1.960000e+02	0.000000e+00	0.000000e+00	0.000000e+00
1.960000e+02	1.980000e+02	0.000000e+00	0.000000e+00	0.000000e+00
1.980000e+02	2.000000e+02	0.000000e+00	0.000000e+00	0.000000e+00
# END HISTO1D

