# BEGIN PLOT
Legend=1
LogY=0
Title=Charged multiplicity of events
XLabel=$N_\mathrm{ch}$
YLabel=$1/\sigma \; \mathrm{d}\sigma/\mathrm{d}N_\mathrm{ch}$
DrawOnly=//home/mogzyb/Work/Dis-2.0/Hvv/Analysis.yoda/MC_FSPARTICLES/MultCh
LegendOnly=//home/mogzyb/Work/Dis-2.0/Hvv/Analysis.yoda/MC_FSPARTICLES/MultCh
# END PLOT

# BEGIN HISTO1D //home/mogzyb/Work/Dis-2.0/Hvv/Analysis.yoda/MC_FSPARTICLES/MultCh
LineColor=red
LineStyle=solid
Path=//home/mogzyb/Work/Dis-2.0/Hvv/Analysis.yoda/MC_FSPARTICLES/MultCh
ScaledBy=4.56094174130814356e-04
Title=Analysis
# xlow	 xhigh	 val	 errminus	 errplus
-5.000000e-01	1.500000e+00	0.000000e+00	0.000000e+00	0.000000e+00
1.500000e+00	3.500000e+00	4.993416e-06	4.993416e-06	4.993416e-06
3.500000e+00	5.500000e+00	1.649583e-04	2.871607e-05	2.871607e-05
5.500000e+00	7.500000e+00	1.488038e-03	8.619974e-05	8.619974e-05
7.500000e+00	9.500000e+00	6.651800e-03	1.823349e-04	1.823349e-04
9.500000e+00	1.150000e+01	1.911768e-02	3.099525e-04	3.099525e-04
1.150000e+01	1.350000e+01	3.929279e-02	4.442031e-04	4.442031e-04
1.350000e+01	1.550000e+01	6.117805e-02	5.535623e-04	5.535623e-04
1.550000e+01	1.750000e+01	7.494175e-02	6.125147e-04	6.125147e-04
1.750000e+01	1.950000e+01	7.680220e-02	6.202870e-04	6.202870e-04
1.950000e+01	2.150000e+01	6.897630e-02	5.879077e-04	5.879077e-04
2.150000e+01	2.350000e+01	5.420695e-02	5.210698e-04	5.210698e-04
2.350000e+01	2.550000e+01	3.861383e-02	4.396911e-04	4.396911e-04
2.550000e+01	2.750000e+01	2.575308e-02	3.594855e-04	3.594855e-04
2.750000e+01	2.950000e+01	1.526715e-02	2.761815e-04	2.761815e-04
2.950000e+01	3.150000e+01	8.954915e-03	2.121849e-04	2.121849e-04
3.150000e+01	3.350000e+01	4.651407e-03	1.524469e-04	1.524469e-04
3.350000e+01	3.550000e+01	2.183377e-03	1.044487e-04	1.044487e-04
3.550000e+01	3.750000e+01	1.046669e-03	7.243138e-05	7.243138e-05
3.750000e+01	3.950000e+01	4.593943e-04	4.789517e-05	4.789517e-05
3.950000e+01	4.150000e+01	1.547959e-04	2.780217e-05	2.780217e-05
4.150000e+01	4.350000e+01	6.491440e-05	1.800402e-05	1.800402e-05
4.350000e+01	4.550000e+01	9.986835e-06	7.061758e-06	7.061758e-06
4.550000e+01	4.750000e+01	1.498025e-05	8.648851e-06	8.648851e-06
4.750000e+01	4.950000e+01	0.000000e+00	0.000000e+00	0.000000e+00
4.950000e+01	5.150000e+01	0.000000e+00	0.000000e+00	0.000000e+00
5.150000e+01	5.350000e+01	0.000000e+00	0.000000e+00	0.000000e+00
5.350000e+01	5.550000e+01	0.000000e+00	0.000000e+00	0.000000e+00
5.550000e+01	5.750000e+01	0.000000e+00	0.000000e+00	0.000000e+00
5.750000e+01	5.950000e+01	0.000000e+00	0.000000e+00	0.000000e+00
5.950000e+01	6.150000e+01	0.000000e+00	0.000000e+00	0.000000e+00
6.150000e+01	6.350000e+01	0.000000e+00	0.000000e+00	0.000000e+00
6.350000e+01	6.550000e+01	0.000000e+00	0.000000e+00	0.000000e+00
6.550000e+01	6.750000e+01	0.000000e+00	0.000000e+00	0.000000e+00
6.750000e+01	6.950000e+01	0.000000e+00	0.000000e+00	0.000000e+00
6.950000e+01	7.150000e+01	0.000000e+00	0.000000e+00	0.000000e+00
7.150000e+01	7.350000e+01	0.000000e+00	0.000000e+00	0.000000e+00
7.350000e+01	7.550000e+01	0.000000e+00	0.000000e+00	0.000000e+00
7.550000e+01	7.750000e+01	0.000000e+00	0.000000e+00	0.000000e+00
7.750000e+01	7.950000e+01	0.000000e+00	0.000000e+00	0.000000e+00
7.950000e+01	8.150000e+01	0.000000e+00	0.000000e+00	0.000000e+00
8.150000e+01	8.350000e+01	0.000000e+00	0.000000e+00	0.000000e+00
8.350000e+01	8.550000e+01	0.000000e+00	0.000000e+00	0.000000e+00
8.550000e+01	8.750000e+01	0.000000e+00	0.000000e+00	0.000000e+00
8.750000e+01	8.950000e+01	0.000000e+00	0.000000e+00	0.000000e+00
8.950000e+01	9.150000e+01	0.000000e+00	0.000000e+00	0.000000e+00
9.150000e+01	9.350000e+01	0.000000e+00	0.000000e+00	0.000000e+00
9.350000e+01	9.550000e+01	0.000000e+00	0.000000e+00	0.000000e+00
9.550000e+01	9.750000e+01	0.000000e+00	0.000000e+00	0.000000e+00
9.750000e+01	9.950000e+01	0.000000e+00	0.000000e+00	0.000000e+00
9.950000e+01	1.015000e+02	0.000000e+00	0.000000e+00	0.000000e+00
1.015000e+02	1.035000e+02	0.000000e+00	0.000000e+00	0.000000e+00
1.035000e+02	1.055000e+02	0.000000e+00	0.000000e+00	0.000000e+00
1.055000e+02	1.075000e+02	0.000000e+00	0.000000e+00	0.000000e+00
1.075000e+02	1.095000e+02	0.000000e+00	0.000000e+00	0.000000e+00
1.095000e+02	1.115000e+02	0.000000e+00	0.000000e+00	0.000000e+00
1.115000e+02	1.135000e+02	0.000000e+00	0.000000e+00	0.000000e+00
1.135000e+02	1.155000e+02	0.000000e+00	0.000000e+00	0.000000e+00
1.155000e+02	1.175000e+02	0.000000e+00	0.000000e+00	0.000000e+00
1.175000e+02	1.195000e+02	0.000000e+00	0.000000e+00	0.000000e+00
1.195000e+02	1.215000e+02	0.000000e+00	0.000000e+00	0.000000e+00
1.215000e+02	1.235000e+02	0.000000e+00	0.000000e+00	0.000000e+00
1.235000e+02	1.255000e+02	0.000000e+00	0.000000e+00	0.000000e+00
1.255000e+02	1.275000e+02	0.000000e+00	0.000000e+00	0.000000e+00
1.275000e+02	1.295000e+02	0.000000e+00	0.000000e+00	0.000000e+00
1.295000e+02	1.315000e+02	0.000000e+00	0.000000e+00	0.000000e+00
1.315000e+02	1.335000e+02	0.000000e+00	0.000000e+00	0.000000e+00
1.335000e+02	1.355000e+02	0.000000e+00	0.000000e+00	0.000000e+00
1.355000e+02	1.375000e+02	0.000000e+00	0.000000e+00	0.000000e+00
1.375000e+02	1.395000e+02	0.000000e+00	0.000000e+00	0.000000e+00
1.395000e+02	1.415000e+02	0.000000e+00	0.000000e+00	0.000000e+00
1.415000e+02	1.435000e+02	0.000000e+00	0.000000e+00	0.000000e+00
1.435000e+02	1.455000e+02	0.000000e+00	0.000000e+00	0.000000e+00
1.455000e+02	1.475000e+02	0.000000e+00	0.000000e+00	0.000000e+00
1.475000e+02	1.495000e+02	0.000000e+00	0.000000e+00	0.000000e+00
1.495000e+02	1.515000e+02	0.000000e+00	0.000000e+00	0.000000e+00
1.515000e+02	1.535000e+02	0.000000e+00	0.000000e+00	0.000000e+00
1.535000e+02	1.555000e+02	0.000000e+00	0.000000e+00	0.000000e+00
1.555000e+02	1.575000e+02	0.000000e+00	0.000000e+00	0.000000e+00
1.575000e+02	1.595000e+02	0.000000e+00	0.000000e+00	0.000000e+00
1.595000e+02	1.615000e+02	0.000000e+00	0.000000e+00	0.000000e+00
1.615000e+02	1.635000e+02	0.000000e+00	0.000000e+00	0.000000e+00
1.635000e+02	1.655000e+02	0.000000e+00	0.000000e+00	0.000000e+00
1.655000e+02	1.675000e+02	0.000000e+00	0.000000e+00	0.000000e+00
1.675000e+02	1.695000e+02	0.000000e+00	0.000000e+00	0.000000e+00
1.695000e+02	1.715000e+02	0.000000e+00	0.000000e+00	0.000000e+00
1.715000e+02	1.735000e+02	0.000000e+00	0.000000e+00	0.000000e+00
1.735000e+02	1.755000e+02	0.000000e+00	0.000000e+00	0.000000e+00
1.755000e+02	1.775000e+02	0.000000e+00	0.000000e+00	0.000000e+00
1.775000e+02	1.795000e+02	0.000000e+00	0.000000e+00	0.000000e+00
1.795000e+02	1.815000e+02	0.000000e+00	0.000000e+00	0.000000e+00
1.815000e+02	1.835000e+02	0.000000e+00	0.000000e+00	0.000000e+00
1.835000e+02	1.855000e+02	0.000000e+00	0.000000e+00	0.000000e+00
1.855000e+02	1.875000e+02	0.000000e+00	0.000000e+00	0.000000e+00
1.875000e+02	1.895000e+02	0.000000e+00	0.000000e+00	0.000000e+00
1.895000e+02	1.915000e+02	0.000000e+00	0.000000e+00	0.000000e+00
1.915000e+02	1.935000e+02	0.000000e+00	0.000000e+00	0.000000e+00
1.935000e+02	1.955000e+02	0.000000e+00	0.000000e+00	0.000000e+00
1.955000e+02	1.975000e+02	0.000000e+00	0.000000e+00	0.000000e+00
1.975000e+02	1.995000e+02	0.000000e+00	0.000000e+00	0.000000e+00
# END HISTO1D

