# BEGIN PLOT
Legend=1
LogY=1
Title=Transverse momentum of all particles
XLabel=$p_\perp$ [GeV]
YLabel=$1/\sigma \; \mathrm{d}\sigma/\mathrm{d}p_\perp$ [GeV$^{-1}$]
FullRange=1
DrawOnly=//home/mogzyb/Work/Dis-2.0/Hvv/Analysis.yoda/MC_FSPARTICLES/Pt
LegendOnly=//home/mogzyb/Work/Dis-2.0/Hvv/Analysis.yoda/MC_FSPARTICLES/Pt
# END PLOT

# BEGIN HISTO1D //home/mogzyb/Work/Dis-2.0/Hvv/Analysis.yoda/MC_FSPARTICLES/Pt
LineColor=red
LineStyle=solid
Path=//home/mogzyb/Work/Dis-2.0/Hvv/Analysis.yoda/MC_FSPARTICLES/Pt
ScaledBy=1.27313759915222242e-05
Title=Analysis
# xlow	 xhigh	 val	 errminus	 errplus
0.000000e+00	1.000000e-01	0.000000e+00	0.000000e+00	0.000000e+00
1.000000e-01	2.000000e-01	0.000000e+00	0.000000e+00	0.000000e+00
2.000000e-01	3.000000e-01	0.000000e+00	0.000000e+00	0.000000e+00
3.000000e-01	4.000000e-01	0.000000e+00	0.000000e+00	0.000000e+00
4.000000e-01	5.000000e-01	0.000000e+00	0.000000e+00	0.000000e+00
5.000000e-01	6.000000e-01	7.062886e-01	1.406030e-03	1.406030e-03
6.000000e-01	7.000000e-01	6.097695e-01	1.306156e-03	1.306156e-03
7.000000e-01	8.000000e-01	5.333634e-01	1.221251e-03	1.221251e-03
8.000000e-01	9.000000e-01	4.679787e-01	1.143799e-03	1.143799e-03
9.000000e-01	1.000000e+00	4.195306e-01	1.083856e-03	1.083856e-03
1.000000e+00	1.100000e+00	3.739117e-01	1.022615e-03	1.022615e-03
1.100000e+00	1.200000e+00	3.349933e-01	9.680994e-04	9.680994e-04
1.200000e+00	1.300000e+00	3.065618e-01	9.259256e-04	9.259256e-04
1.300000e+00	1.400000e+00	2.804961e-01	8.859402e-04	8.859402e-04
1.400000e+00	1.500000e+00	2.563559e-01	8.471400e-04	8.471400e-04
1.500000e+00	1.600000e+00	2.347935e-01	8.100668e-04	8.100668e-04
1.600000e+00	1.700000e+00	2.189727e-01	7.824013e-04	7.824013e-04
1.700000e+00	1.800000e+00	2.014762e-01	7.504810e-04	7.504810e-04
1.800000e+00	1.900000e+00	1.894124e-01	7.281247e-04	7.281247e-04
1.900000e+00	2.000000e+00	1.761197e-01	7.015784e-04	7.015784e-04
2.000000e+00	2.100000e+00	1.669121e-01	6.828843e-04	6.828843e-04
2.100000e+00	2.200000e+00	1.547207e-01	6.584006e-04	6.584006e-04
2.200000e+00	2.300000e+00	1.460031e-01	6.394781e-04	6.394781e-04
2.300000e+00	2.400000e+00	1.366435e-01	6.179694e-04	6.179694e-04
2.400000e+00	2.500000e+00	1.293847e-01	6.022934e-04	6.022934e-04
2.500000e+00	2.600000e+00	1.218729e-01	5.838516e-04	5.838516e-04
2.600000e+00	2.700000e+00	1.158652e-01	5.691242e-04	5.691242e-04
2.700000e+00	2.800000e+00	1.092701e-01	5.527713e-04	5.527713e-04
2.800000e+00	2.900000e+00	1.037049e-01	5.381682e-04	5.381682e-04
2.900000e+00	3.000000e+00	9.910326e-02	5.263210e-04	5.263210e-04
3.000000e+00	3.100000e+00	9.449936e-02	5.143449e-04	5.143449e-04
3.100000e+00	3.200000e+00	9.022125e-02	5.026111e-04	5.026111e-04
3.200000e+00	3.300000e+00	8.544138e-02	4.888758e-04	4.888758e-04
3.300000e+00	3.400000e+00	8.217898e-02	4.794885e-04	4.794885e-04
3.400000e+00	3.500000e+00	7.879651e-02	4.693389e-04	4.693389e-04
3.500000e+00	3.600000e+00	7.417108e-02	4.553610e-04	4.553610e-04
3.600000e+00	3.700000e+00	7.184873e-02	4.482236e-04	4.482236e-04
3.700000e+00	3.800000e+00	6.939563e-02	4.402406e-04	4.402406e-04
3.800000e+00	3.900000e+00	6.661000e-02	4.318279e-04	4.318279e-04
3.900000e+00	4.000000e+00	6.337872e-02	4.211167e-04	4.211167e-04
4.000000e+00	4.100000e+00	6.032670e-02	4.112217e-04	4.112217e-04
4.100000e+00	4.200000e+00	5.819276e-02	4.036703e-04	4.036703e-04
4.200000e+00	4.300000e+00	5.572509e-02	3.951937e-04	3.951937e-04
4.300000e+00	4.400000e+00	5.434076e-02	3.899206e-04	3.899206e-04
4.400000e+00	4.500000e+00	5.249702e-02	3.829218e-04	3.829218e-04
4.500000e+00	4.600000e+00	4.988438e-02	3.733626e-04	3.733626e-04
4.600000e+00	4.700000e+00	4.835323e-02	3.677359e-04	3.677359e-04
4.700000e+00	4.800000e+00	4.689597e-02	3.622546e-04	3.622546e-04
4.800000e+00	4.900000e+00	4.457847e-02	3.528041e-04	3.528041e-04
4.900000e+00	5.000000e+00	4.375129e-02	3.495398e-04	3.495398e-04
5.000000e+00	5.100000e+00	4.219095e-02	3.434943e-04	3.434943e-04
5.100000e+00	5.200000e+00	4.062569e-02	3.371965e-04	3.371965e-04
5.200000e+00	5.300000e+00	3.880340e-02	3.294042e-04	3.294042e-04
5.300000e+00	5.400000e+00	3.746234e-02	3.238484e-04	3.238484e-04
5.400000e+00	5.500000e+00	3.630839e-02	3.185779e-04	3.185779e-04
5.500000e+00	5.600000e+00	3.554842e-02	3.151483e-04	3.151483e-04
5.600000e+00	5.700000e+00	3.416883e-02	3.093277e-04	3.093277e-04
5.700000e+00	5.800000e+00	3.281099e-02	3.029620e-04	3.029620e-04
5.800000e+00	5.900000e+00	3.225489e-02	3.001550e-04	3.001550e-04
5.900000e+00	6.000000e+00	3.084108e-02	2.936911e-04	2.936911e-04
6.000000e+00	6.100000e+00	2.975458e-02	2.882901e-04	2.882901e-04
6.100000e+00	6.200000e+00	2.946300e-02	2.871468e-04	2.871468e-04
6.200000e+00	6.300000e+00	2.856197e-02	2.824591e-04	2.824591e-04
6.300000e+00	6.400000e+00	2.842714e-02	2.819110e-04	2.819110e-04
6.400000e+00	6.500000e+00	2.682044e-02	2.744399e-04	2.744399e-04
6.500000e+00	6.600000e+00	2.626862e-02	2.713713e-04	2.713713e-04
6.600000e+00	6.700000e+00	2.540713e-02	2.669658e-04	2.669658e-04
6.700000e+00	6.800000e+00	2.433758e-02	2.610081e-04	2.610081e-04
6.800000e+00	6.900000e+00	2.408799e-02	2.597088e-04	2.597088e-04
6.900000e+00	7.000000e+00	2.342538e-02	2.557459e-04	2.557459e-04
7.000000e+00	7.100000e+00	2.218143e-02	2.489085e-04	2.489085e-04
7.100000e+00	7.200000e+00	2.223895e-02	2.495561e-04	2.495561e-04
7.200000e+00	7.300000e+00	2.147472e-02	2.451321e-04	2.451321e-04
7.300000e+00	7.400000e+00	2.077450e-02	2.408502e-04	2.408502e-04
7.400000e+00	7.500000e+00	2.012969e-02	2.370470e-04	2.370470e-04
7.500000e+00	7.600000e+00	1.967867e-02	2.342952e-04	2.342952e-04
7.600000e+00	7.700000e+00	1.919436e-02	2.315330e-04	2.315330e-04
7.700000e+00	7.800000e+00	1.818038e-02	2.252004e-04	2.252004e-04
7.800000e+00	7.900000e+00	1.783186e-02	2.230086e-04	2.230086e-04
7.900000e+00	8.000000e+00	1.768461e-02	2.221854e-04	2.221854e-04
8.000000e+00	8.100000e+00	1.673467e-02	2.161678e-04	2.161678e-04
8.100000e+00	8.200000e+00	1.695802e-02	2.176864e-04	2.176864e-04
8.200000e+00	8.300000e+00	1.664231e-02	2.159951e-04	2.159951e-04
8.300000e+00	8.400000e+00	1.594445e-02	2.111656e-04	2.111656e-04
8.400000e+00	8.500000e+00	1.580008e-02	2.101280e-04	2.101280e-04
8.500000e+00	8.600000e+00	1.496295e-02	2.044268e-04	2.044268e-04
8.600000e+00	8.700000e+00	1.489732e-02	2.041438e-04	2.041438e-04
8.700000e+00	8.800000e+00	1.438507e-02	2.003246e-04	2.003246e-04
8.800000e+00	8.900000e+00	1.379404e-02	1.962960e-04	1.962960e-04
8.900000e+00	9.000000e+00	1.365968e-02	1.955802e-04	1.955802e-04
9.000000e+00	9.100000e+00	1.352630e-02	1.942768e-04	1.942768e-04
9.100000e+00	9.200000e+00	1.318391e-02	1.918319e-04	1.918319e-04
9.200000e+00	9.300000e+00	1.273149e-02	1.885410e-04	1.885410e-04
9.300000e+00	9.400000e+00	1.265840e-02	1.879639e-04	1.879639e-04
9.400000e+00	9.500000e+00	1.232359e-02	1.853895e-04	1.853895e-04
9.500000e+00	9.600000e+00	1.195518e-02	1.828413e-04	1.828413e-04
9.600000e+00	9.700000e+00	1.178404e-02	1.814934e-04	1.814934e-04
9.700000e+00	9.800000e+00	1.113435e-02	1.763003e-04	1.763003e-04
9.800000e+00	9.900000e+00	1.095740e-02	1.751548e-04	1.751548e-04
9.900000e+00	1.000000e+01	1.086016e-02	1.740406e-04	1.740406e-04
1.000000e+01	1.010000e+01	1.063537e-02	1.723236e-04	1.723236e-04
1.010000e+01	1.020000e+01	1.027261e-02	1.693038e-04	1.693038e-04
1.020000e+01	1.030000e+01	1.024487e-02	1.690856e-04	1.690856e-04
1.030000e+01	1.040000e+01	9.936984e-03	1.666131e-04	1.666131e-04
1.040000e+01	1.050000e+01	9.612290e-03	1.637852e-04	1.637852e-04
1.050000e+01	1.060000e+01	9.165819e-03	1.600594e-04	1.600594e-04
1.060000e+01	1.070000e+01	8.913999e-03	1.580262e-04	1.580262e-04
1.070000e+01	1.080000e+01	9.110127e-03	1.601776e-04	1.601776e-04
1.080000e+01	1.090000e+01	8.759116e-03	1.566430e-04	1.566430e-04
1.090000e+01	1.100000e+01	8.530885e-03	1.547021e-04	1.547021e-04
1.100000e+01	1.110000e+01	8.546575e-03	1.550012e-04	1.550012e-04
1.110000e+01	1.120000e+01	8.394993e-03	1.533848e-04	1.533848e-04
1.120000e+01	1.130000e+01	7.887953e-03	1.486679e-04	1.486679e-04
1.130000e+01	1.140000e+01	8.025669e-03	1.501847e-04	1.501847e-04
1.140000e+01	1.150000e+01	7.775100e-03	1.481613e-04	1.481613e-04
1.150000e+01	1.160000e+01	7.761238e-03	1.471250e-04	1.471250e-04
1.160000e+01	1.170000e+01	7.345451e-03	1.431790e-04	1.431790e-04
1.170000e+01	1.180000e+01	7.209367e-03	1.418004e-04	1.418004e-04
1.180000e+01	1.190000e+01	7.154041e-03	1.414416e-04	1.414416e-04
1.190000e+01	1.200000e+01	6.911237e-03	1.388876e-04	1.388876e-04
1.200000e+01	1.210000e+01	6.987734e-03	1.396283e-04	1.396283e-04
1.210000e+01	1.220000e+01	6.665861e-03	1.365202e-04	1.365202e-04
1.220000e+01	1.230000e+01	6.816574e-03	1.378902e-04	1.378902e-04
1.230000e+01	1.240000e+01	6.423948e-03	1.339114e-04	1.339114e-04
1.240000e+01	1.250000e+01	6.173371e-03	1.317570e-04	1.317570e-04
1.250000e+01	1.260000e+01	6.266425e-03	1.323003e-04	1.323003e-04
1.260000e+01	1.270000e+01	6.079152e-03	1.303477e-04	1.303477e-04
1.270000e+01	1.280000e+01	5.811058e-03	1.274245e-04	1.274245e-04
1.280000e+01	1.290000e+01	5.795003e-03	1.271736e-04	1.271736e-04
1.290000e+01	1.300000e+01	5.736027e-03	1.267439e-04	1.267439e-04
1.300000e+01	1.310000e+01	5.832684e-03	1.276077e-04	1.276077e-04
1.310000e+01	1.320000e+01	5.629895e-03	1.252962e-04	1.252962e-04
1.320000e+01	1.330000e+01	5.462576e-03	1.234609e-04	1.234609e-04
1.330000e+01	1.340000e+01	5.142861e-03	1.200182e-04	1.200182e-04
1.340000e+01	1.350000e+01	5.131279e-03	1.196263e-04	1.196263e-04
1.350000e+01	1.360000e+01	5.211453e-03	1.205857e-04	1.205857e-04
1.360000e+01	1.370000e+01	5.086303e-03	1.190953e-04	1.190953e-04
1.370000e+01	1.380000e+01	4.919789e-03	1.171413e-04	1.171413e-04
1.380000e+01	1.390000e+01	4.837749e-03	1.163533e-04	1.163533e-04
1.390000e+01	1.400000e+01	4.679536e-03	1.142398e-04	1.142398e-04
1.400000e+01	1.410000e+01	4.833416e-03	1.161655e-04	1.161655e-04
1.410000e+01	1.420000e+01	4.655224e-03	1.141762e-04	1.141762e-04
1.420000e+01	1.430000e+01	4.602051e-03	1.132979e-04	1.132979e-04
1.430000e+01	1.440000e+01	4.365668e-03	1.103609e-04	1.103609e-04
1.440000e+01	1.450000e+01	4.400176e-03	1.111303e-04	1.111303e-04
1.450000e+01	1.460000e+01	4.247012e-03	1.088276e-04	1.088276e-04
1.460000e+01	1.470000e+01	4.326468e-03	1.098613e-04	1.098613e-04
1.470000e+01	1.480000e+01	4.205747e-03	1.086859e-04	1.086859e-04
1.480000e+01	1.490000e+01	4.125918e-03	1.072890e-04	1.072890e-04
1.490000e+01	1.500000e+01	3.977164e-03	1.055369e-04	1.055369e-04
1.500000e+01	1.510000e+01	4.245405e-03	1.088252e-04	1.088252e-04
1.510000e+01	1.520000e+01	3.822900e-03	1.034230e-04	1.034230e-04
1.520000e+01	1.530000e+01	4.035153e-03	1.060806e-04	1.060806e-04
1.530000e+01	1.540000e+01	3.860195e-03	1.040120e-04	1.040120e-04
1.540000e+01	1.550000e+01	3.807009e-03	1.030468e-04	1.030468e-04
1.550000e+01	1.560000e+01	3.756345e-03	1.023515e-04	1.023515e-04
1.560000e+01	1.570000e+01	3.580875e-03	9.993417e-05	9.993417e-05
1.570000e+01	1.580000e+01	3.715583e-03	1.022615e-04	1.022615e-04
1.580000e+01	1.590000e+01	3.523569e-03	9.950942e-05	9.950942e-05
1.590000e+01	1.600000e+01	3.521533e-03	9.909100e-05	9.909100e-05
1.600000e+01	1.610000e+01	3.480294e-03	9.895570e-05	9.895570e-05
1.610000e+01	1.620000e+01	3.371911e-03	9.793199e-05	9.793199e-05
1.620000e+01	1.630000e+01	3.324875e-03	9.630682e-05	9.630682e-05
1.630000e+01	1.640000e+01	3.391215e-03	9.725315e-05	9.725315e-05
1.640000e+01	1.650000e+01	3.273131e-03	9.572644e-05	9.572644e-05
1.650000e+01	1.660000e+01	3.326423e-03	9.630867e-05	9.630867e-05
1.660000e+01	1.670000e+01	3.139047e-03	9.385383e-05	9.385383e-05
1.670000e+01	1.680000e+01	3.285176e-03	9.608776e-05	9.608776e-05
1.680000e+01	1.690000e+01	2.996063e-03	9.242746e-05	9.242746e-05
1.690000e+01	1.700000e+01	3.146535e-03	9.369027e-05	9.369027e-05
1.700000e+01	1.710000e+01	2.984077e-03	9.122772e-05	9.122772e-05
1.710000e+01	1.720000e+01	2.962057e-03	9.089547e-05	9.089547e-05
1.720000e+01	1.730000e+01	2.970942e-03	9.104211e-05	9.104211e-05
1.730000e+01	1.740000e+01	2.967318e-03	9.097079e-05	9.097079e-05
1.740000e+01	1.750000e+01	2.791068e-03	8.827043e-05	8.827043e-05
1.750000e+01	1.760000e+01	2.730519e-03	8.727097e-05	8.727097e-05
1.760000e+01	1.770000e+01	2.641992e-03	8.585674e-05	8.585674e-05
1.770000e+01	1.780000e+01	2.773443e-03	8.797325e-05	8.797325e-05
1.780000e+01	1.790000e+01	2.883091e-03	8.966048e-05	8.966048e-05
1.790000e+01	1.800000e+01	2.855906e-03	8.924918e-05	8.924918e-05
1.800000e+01	1.810000e+01	2.715591e-03	8.701338e-05	8.701338e-05
1.810000e+01	1.820000e+01	2.725010e-03	8.718609e-05	8.718609e-05
1.820000e+01	1.830000e+01	2.675450e-03	8.639944e-05	8.639944e-05
1.830000e+01	1.840000e+01	2.630119e-03	8.565114e-05	8.565114e-05
1.840000e+01	1.850000e+01	2.539981e-03	8.415378e-05	8.415378e-05
1.850000e+01	1.860000e+01	2.566048e-03	8.460415e-05	8.460415e-05
1.860000e+01	1.870000e+01	2.482502e-03	8.321653e-05	8.321653e-05
1.870000e+01	1.880000e+01	2.456974e-03	8.285921e-05	8.285921e-05
1.880000e+01	1.890000e+01	2.501046e-03	8.350799e-05	8.350799e-05
1.890000e+01	1.900000e+01	2.422549e-03	8.217933e-05	8.217933e-05
1.900000e+01	1.910000e+01	2.470722e-03	8.300667e-05	8.300667e-05
1.910000e+01	1.920000e+01	2.484930e-03	8.325050e-05	8.325050e-05
1.920000e+01	1.930000e+01	2.347778e-03	8.091030e-05	8.091030e-05
1.930000e+01	1.940000e+01	2.404776e-03	8.191192e-05	8.191192e-05
1.940000e+01	1.950000e+01	2.242616e-03	7.909449e-05	7.909449e-05
1.950000e+01	1.960000e+01	2.418553e-03	8.214148e-05	8.214148e-05
1.960000e+01	1.970000e+01	2.311396e-03	8.033644e-05	8.033644e-05
1.970000e+01	1.980000e+01	2.276554e-03	7.970394e-05	7.970394e-05
1.980000e+01	1.990000e+01	2.099912e-03	7.658606e-05	7.658606e-05
1.990000e+01	2.000000e+01	2.320204e-03	8.044011e-05	8.044011e-05
2.000000e+01	2.010000e+01	2.100282e-03	7.653974e-05	7.653974e-05
2.010000e+01	2.020000e+01	2.099757e-03	7.652076e-05	7.652076e-05
2.020000e+01	2.030000e+01	2.202378e-03	7.842513e-05	7.842513e-05
2.030000e+01	2.040000e+01	2.203426e-03	7.839841e-05	7.839841e-05
2.040000e+01	2.050000e+01	2.166089e-03	7.795324e-05	7.795324e-05
2.050000e+01	2.060000e+01	2.106350e-03	7.666212e-05	7.666212e-05
2.060000e+01	2.070000e+01	2.119958e-03	7.690233e-05	7.690233e-05
2.070000e+01	2.080000e+01	2.049014e-03	7.564329e-05	7.564329e-05
2.080000e+01	2.090000e+01	2.093805e-03	7.662295e-05	7.662295e-05
2.090000e+01	2.100000e+01	1.926223e-03	7.346991e-05	7.346991e-05
2.100000e+01	2.110000e+01	1.930169e-03	7.337634e-05	7.337634e-05
2.110000e+01	2.120000e+01	1.980153e-03	7.431573e-05	7.431573e-05
2.120000e+01	2.130000e+01	2.110575e-03	7.671032e-05	7.671032e-05
2.130000e+01	2.140000e+01	2.163369e-03	7.772071e-05	7.772071e-05
2.140000e+01	2.150000e+01	2.037003e-03	7.539682e-05	7.539682e-05
2.150000e+01	2.160000e+01	2.024646e-03	7.514298e-05	7.514298e-05
2.160000e+01	2.170000e+01	1.843353e-03	7.169941e-05	7.169941e-05
2.170000e+01	2.180000e+01	1.944954e-03	7.368430e-05	7.368430e-05
2.180000e+01	2.190000e+01	1.886274e-03	7.255596e-05	7.255596e-05
2.190000e+01	2.200000e+01	1.902345e-03	7.325065e-05	7.325065e-05
2.200000e+01	2.210000e+01	1.965936e-03	7.404334e-05	7.404334e-05
2.210000e+01	2.220000e+01	1.851984e-03	7.187300e-05	7.187300e-05
2.220000e+01	2.230000e+01	1.936223e-03	7.350397e-05	7.350397e-05
2.230000e+01	2.240000e+01	1.868165e-03	7.217444e-05	7.217444e-05
2.240000e+01	2.250000e+01	1.732211e-03	6.951520e-05	6.951520e-05
2.250000e+01	2.260000e+01	1.857771e-03	7.198988e-05	7.198988e-05
2.260000e+01	2.270000e+01	1.788560e-03	7.064767e-05	7.064767e-05
2.270000e+01	2.280000e+01	1.871497e-03	7.225009e-05	7.225009e-05
2.280000e+01	2.290000e+01	1.726624e-03	6.946991e-05	6.946991e-05
2.290000e+01	2.300000e+01	1.670200e-03	6.824296e-05	6.824296e-05
2.300000e+01	2.310000e+01	1.782685e-03	7.052511e-05	7.052511e-05
2.310000e+01	2.320000e+01	1.702052e-03	6.891853e-05	6.891853e-05
2.320000e+01	2.330000e+01	1.857533e-03	7.208327e-05	7.208327e-05
2.330000e+01	2.340000e+01	1.657499e-03	6.801301e-05	6.801301e-05
2.340000e+01	2.350000e+01	1.809979e-03	7.104872e-05	7.104872e-05
2.350000e+01	2.360000e+01	1.791284e-03	7.070211e-05	7.070211e-05
2.360000e+01	2.370000e+01	1.788128e-03	7.062936e-05	7.062936e-05
2.370000e+01	2.380000e+01	1.738891e-03	6.967357e-05	6.967357e-05
2.380000e+01	2.390000e+01	1.695245e-03	6.875199e-05	6.875199e-05
2.390000e+01	2.400000e+01	1.673117e-03	6.830579e-05	6.830579e-05
2.400000e+01	2.410000e+01	1.758992e-03	7.008933e-05	7.008933e-05
2.410000e+01	2.420000e+01	1.698998e-03	6.884960e-05	6.884960e-05
2.420000e+01	2.430000e+01	1.692869e-03	6.871252e-05	6.871252e-05
2.430000e+01	2.440000e+01	1.657549e-03	6.801379e-05	6.801379e-05
2.440000e+01	2.450000e+01	1.712649e-03	6.912154e-05	6.912154e-05
2.450000e+01	2.460000e+01	1.713364e-03	6.914908e-05	6.914908e-05
2.460000e+01	2.470000e+01	1.742920e-03	6.971900e-05	6.971900e-05
2.470000e+01	2.480000e+01	1.656181e-03	6.804808e-05	6.804808e-05
2.480000e+01	2.490000e+01	1.673784e-03	6.833585e-05	6.833585e-05
2.490000e+01	2.500000e+01	1.621614e-03	6.728261e-05	6.728261e-05
2.500000e+01	2.510000e+01	1.657742e-03	6.803669e-05	6.803669e-05
2.510000e+01	2.520000e+01	1.600711e-03	6.681304e-05	6.681304e-05
2.520000e+01	2.530000e+01	1.567807e-03	6.613717e-05	6.613717e-05
2.530000e+01	2.540000e+01	1.536403e-03	6.545336e-05	6.545336e-05
2.540000e+01	2.550000e+01	1.703849e-03	6.998156e-05	6.998156e-05
2.550000e+01	2.560000e+01	1.649366e-03	6.785227e-05	6.785227e-05
2.560000e+01	2.570000e+01	1.575427e-03	6.627905e-05	6.627905e-05
2.570000e+01	2.580000e+01	1.676493e-03	6.839024e-05	6.839024e-05
2.580000e+01	2.590000e+01	1.578956e-03	6.637117e-05	6.637117e-05
2.590000e+01	2.600000e+01	1.536445e-03	6.545521e-05	6.545521e-05
2.600000e+01	2.610000e+01	1.696289e-03	6.879741e-05	6.879741e-05
2.610000e+01	2.620000e+01	1.609527e-03	6.700788e-05	6.700788e-05
2.620000e+01	2.630000e+01	1.529115e-03	6.532438e-05	6.532438e-05
2.630000e+01	2.640000e+01	1.606547e-03	6.707977e-05	6.707977e-05
2.640000e+01	2.650000e+01	1.668092e-03	6.821567e-05	6.821567e-05
2.650000e+01	2.660000e+01	1.438553e-03	6.332881e-05	6.332881e-05
2.660000e+01	2.670000e+01	1.604906e-03	6.693583e-05	6.693583e-05
2.670000e+01	2.680000e+01	1.462443e-03	6.389457e-05	6.389457e-05
2.680000e+01	2.690000e+01	1.706332e-03	6.897468e-05	6.897468e-05
2.690000e+01	2.700000e+01	1.542245e-03	6.558404e-05	6.558404e-05
2.700000e+01	2.710000e+01	1.561990e-03	6.600943e-05	6.600943e-05
2.710000e+01	2.720000e+01	1.500242e-03	6.468053e-05	6.468053e-05
2.720000e+01	2.730000e+01	1.536857e-03	6.547748e-05	6.547748e-05
2.730000e+01	2.740000e+01	1.545695e-03	6.567592e-05	6.567592e-05
2.740000e+01	2.750000e+01	1.553716e-03	6.583586e-05	6.583586e-05
2.750000e+01	2.760000e+01	1.602937e-03	6.684709e-05	6.684709e-05
2.760000e+01	2.770000e+01	1.669980e-03	6.823361e-05	6.823361e-05
2.770000e+01	2.780000e+01	1.604046e-03	6.689596e-05	6.689596e-05
2.780000e+01	2.790000e+01	1.505678e-03	6.479427e-05	6.479427e-05
2.790000e+01	2.800000e+01	1.576061e-03	6.630854e-05	6.630854e-05
2.800000e+01	2.810000e+01	1.498094e-03	6.465112e-05	6.465112e-05
2.810000e+01	2.820000e+01	1.456551e-03	6.375585e-05	6.375585e-05
2.820000e+01	2.830000e+01	1.423036e-03	6.301751e-05	6.301751e-05
2.830000e+01	2.840000e+01	1.497940e-03	6.464324e-05	6.464324e-05
2.840000e+01	2.850000e+01	1.561885e-03	6.600527e-05	6.600527e-05
2.850000e+01	2.860000e+01	1.573338e-03	6.638452e-05	6.638452e-05
2.860000e+01	2.870000e+01	1.575348e-03	6.627586e-05	6.627586e-05
2.870000e+01	2.880000e+01	1.526406e-03	6.526908e-05	6.526908e-05
2.880000e+01	2.890000e+01	1.483534e-03	6.432106e-05	6.432106e-05
2.890000e+01	2.900000e+01	1.493004e-03	6.491437e-05	6.491437e-05
2.900000e+01	2.910000e+01	1.469861e-03	6.411015e-05	6.411015e-05
2.910000e+01	2.920000e+01	1.466919e-03	6.396262e-05	6.396262e-05
2.920000e+01	2.930000e+01	1.490609e-03	6.451220e-05	6.451220e-05
2.930000e+01	2.940000e+01	1.427103e-03	6.334969e-05	6.334969e-05
2.940000e+01	2.950000e+01	1.455415e-03	6.370214e-05	6.370214e-05
2.950000e+01	2.960000e+01	1.561339e-03	6.597888e-05	6.597888e-05
2.960000e+01	2.970000e+01	1.466434e-03	6.393963e-05	6.393963e-05
2.970000e+01	2.980000e+01	1.537416e-03	6.550238e-05	6.550238e-05
2.980000e+01	2.990000e+01	1.498090e-03	6.465109e-05	6.465109e-05
2.990000e+01	3.000000e+01	1.442414e-03	6.344107e-05	6.344107e-05
# END HISTO1D

