# BEGIN PLOT
Legend=1
LogY=1
DrawOnly=//mt/home/mbridge/Work/MyHiggsstrahlungV2/MyHiggsstrahlungHbb/Analysis.yoda/MyZAnalysis/Z_y
LegendOnly=//mt/home/mbridge/Work/MyHiggsstrahlungV2/MyHiggsstrahlungHbb/Analysis.yoda/MyZAnalysis/Z_y
# END PLOT

# BEGIN HISTO1D //mt/home/mbridge/Work/MyHiggsstrahlungV2/MyHiggsstrahlungHbb/Analysis.yoda/MyZAnalysis/Z_y
LineColor=red
LineStyle=solid
Path=//mt/home/mbridge/Work/MyHiggsstrahlungV2/MyHiggsstrahlungHbb/Analysis.yoda/MyZAnalysis/Z_y
ScaledBy=3.64509560399297336e-03
Title=Analysis
# xlow	 xhigh	 val	 errminus	 errplus
-4.000000e+00	-3.920000e+00	0.000000e+00	0.000000e+00	0.000000e+00
-3.920000e+00	-3.840000e+00	0.000000e+00	0.000000e+00	0.000000e+00
-3.840000e+00	-3.760000e+00	0.000000e+00	0.000000e+00	0.000000e+00
-3.760000e+00	-3.680000e+00	0.000000e+00	0.000000e+00	0.000000e+00
-3.680000e+00	-3.600000e+00	0.000000e+00	0.000000e+00	0.000000e+00
-3.600000e+00	-3.520000e+00	0.000000e+00	0.000000e+00	0.000000e+00
-3.520000e+00	-3.440000e+00	0.000000e+00	0.000000e+00	0.000000e+00
-3.440000e+00	-3.360000e+00	0.000000e+00	0.000000e+00	0.000000e+00
-3.360000e+00	-3.280000e+00	0.000000e+00	0.000000e+00	0.000000e+00
-3.280000e+00	-3.200000e+00	0.000000e+00	0.000000e+00	0.000000e+00
-3.200000e+00	-3.120000e+00	0.000000e+00	0.000000e+00	0.000000e+00
-3.120000e+00	-3.040000e+00	0.000000e+00	0.000000e+00	0.000000e+00
-3.040000e+00	-2.960000e+00	0.000000e+00	0.000000e+00	0.000000e+00
-2.960000e+00	-2.880000e+00	0.000000e+00	0.000000e+00	0.000000e+00
-2.880000e+00	-2.800000e+00	0.000000e+00	0.000000e+00	0.000000e+00
-2.800000e+00	-2.720000e+00	0.000000e+00	0.000000e+00	0.000000e+00
-2.720000e+00	-2.640000e+00	0.000000e+00	0.000000e+00	0.000000e+00
-2.640000e+00	-2.560000e+00	0.000000e+00	0.000000e+00	0.000000e+00
-2.560000e+00	-2.480000e+00	0.000000e+00	0.000000e+00	0.000000e+00
-2.480000e+00	-2.400000e+00	0.000000e+00	0.000000e+00	0.000000e+00
-2.400000e+00	-2.320000e+00	0.000000e+00	0.000000e+00	0.000000e+00
-2.320000e+00	-2.240000e+00	0.000000e+00	0.000000e+00	0.000000e+00
-2.240000e+00	-2.160000e+00	0.000000e+00	0.000000e+00	0.000000e+00
-2.160000e+00	-2.080000e+00	0.000000e+00	0.000000e+00	0.000000e+00
-2.080000e+00	-2.000000e+00	0.000000e+00	0.000000e+00	0.000000e+00
-2.000000e+00	-1.920000e+00	0.000000e+00	0.000000e+00	0.000000e+00
-1.920000e+00	-1.840000e+00	0.000000e+00	0.000000e+00	0.000000e+00
-1.840000e+00	-1.760000e+00	0.000000e+00	0.000000e+00	0.000000e+00
-1.760000e+00	-1.680000e+00	0.000000e+00	0.000000e+00	0.000000e+00
-1.680000e+00	-1.600000e+00	0.000000e+00	0.000000e+00	0.000000e+00
-1.600000e+00	-1.520000e+00	0.000000e+00	0.000000e+00	0.000000e+00
-1.520000e+00	-1.440000e+00	0.000000e+00	0.000000e+00	0.000000e+00
-1.440000e+00	-1.360000e+00	0.000000e+00	0.000000e+00	0.000000e+00
-1.360000e+00	-1.280000e+00	0.000000e+00	0.000000e+00	0.000000e+00
-1.280000e+00	-1.200000e+00	0.000000e+00	0.000000e+00	0.000000e+00
-1.200000e+00	-1.120000e+00	0.000000e+00	0.000000e+00	0.000000e+00
-1.120000e+00	-1.040000e+00	0.000000e+00	0.000000e+00	0.000000e+00
-1.040000e+00	-9.600000e-01	0.000000e+00	0.000000e+00	0.000000e+00
-9.600000e-01	-8.800000e-01	0.000000e+00	0.000000e+00	0.000000e+00
-8.800000e-01	-8.000000e-01	0.000000e+00	0.000000e+00	0.000000e+00
-8.000000e-01	-7.200000e-01	0.000000e+00	0.000000e+00	0.000000e+00
-7.200000e-01	-6.400000e-01	0.000000e+00	0.000000e+00	0.000000e+00
-6.400000e-01	-5.600000e-01	2.232450e-02	2.527751e-03	2.527751e-03
-5.600000e-01	-4.800000e-01	4.854146e-01	1.178691e-02	1.178691e-02
-4.800000e-01	-4.000000e-01	8.076888e-01	1.520427e-02	1.520427e-02
-4.000000e-01	-3.200000e-01	8.912625e-01	1.597152e-02	1.597152e-02
-3.200000e-01	-2.400000e-01	9.473600e-01	1.646649e-02	1.646649e-02
-2.400000e-01	-1.600000e-01	9.928676e-01	1.685735e-02	1.685735e-02
-1.600000e-01	-8.000000e-02	1.056979e+00	1.739309e-02	1.739309e-02
-8.000000e-02	0.000000e+00	1.072434e+00	1.751979e-02	1.751979e-02
0.000000e+00	8.000000e-02	1.066996e+00	1.747531e-02	1.747531e-02
8.000000e-02	1.600000e-01	1.055834e+00	1.738367e-02	1.738367e-02
1.600000e-01	2.400000e-01	9.814191e-01	1.675988e-02	1.675988e-02
2.400000e-01	3.200000e-01	9.364840e-01	1.637170e-02	1.637170e-02
3.200000e-01	4.000000e-01	8.869694e-01	1.593301e-02	1.593301e-02
4.000000e-01	4.800000e-01	7.699089e-01	1.484442e-02	1.484442e-02
4.800000e-01	5.600000e-01	4.985804e-01	1.194569e-02	1.194569e-02
5.600000e-01	6.400000e-01	2.747630e-02	2.804288e-03	2.804288e-03
6.400000e-01	7.200000e-01	0.000000e+00	0.000000e+00	0.000000e+00
7.200000e-01	8.000000e-01	0.000000e+00	0.000000e+00	0.000000e+00
8.000000e-01	8.800000e-01	0.000000e+00	0.000000e+00	0.000000e+00
8.800000e-01	9.600000e-01	0.000000e+00	0.000000e+00	0.000000e+00
9.600000e-01	1.040000e+00	0.000000e+00	0.000000e+00	0.000000e+00
1.040000e+00	1.120000e+00	0.000000e+00	0.000000e+00	0.000000e+00
1.120000e+00	1.200000e+00	0.000000e+00	0.000000e+00	0.000000e+00
1.200000e+00	1.280000e+00	0.000000e+00	0.000000e+00	0.000000e+00
1.280000e+00	1.360000e+00	0.000000e+00	0.000000e+00	0.000000e+00
1.360000e+00	1.440000e+00	0.000000e+00	0.000000e+00	0.000000e+00
1.440000e+00	1.520000e+00	0.000000e+00	0.000000e+00	0.000000e+00
1.520000e+00	1.600000e+00	0.000000e+00	0.000000e+00	0.000000e+00
1.600000e+00	1.680000e+00	0.000000e+00	0.000000e+00	0.000000e+00
1.680000e+00	1.760000e+00	0.000000e+00	0.000000e+00	0.000000e+00
1.760000e+00	1.840000e+00	0.000000e+00	0.000000e+00	0.000000e+00
1.840000e+00	1.920000e+00	0.000000e+00	0.000000e+00	0.000000e+00
1.920000e+00	2.000000e+00	0.000000e+00	0.000000e+00	0.000000e+00
2.000000e+00	2.080000e+00	0.000000e+00	0.000000e+00	0.000000e+00
2.080000e+00	2.160000e+00	0.000000e+00	0.000000e+00	0.000000e+00
2.160000e+00	2.240000e+00	0.000000e+00	0.000000e+00	0.000000e+00
2.240000e+00	2.320000e+00	0.000000e+00	0.000000e+00	0.000000e+00
2.320000e+00	2.400000e+00	0.000000e+00	0.000000e+00	0.000000e+00
2.400000e+00	2.480000e+00	0.000000e+00	0.000000e+00	0.000000e+00
2.480000e+00	2.560000e+00	0.000000e+00	0.000000e+00	0.000000e+00
2.560000e+00	2.640000e+00	0.000000e+00	0.000000e+00	0.000000e+00
2.640000e+00	2.720000e+00	0.000000e+00	0.000000e+00	0.000000e+00
2.720000e+00	2.800000e+00	0.000000e+00	0.000000e+00	0.000000e+00
2.800000e+00	2.880000e+00	0.000000e+00	0.000000e+00	0.000000e+00
2.880000e+00	2.960000e+00	0.000000e+00	0.000000e+00	0.000000e+00
2.960000e+00	3.040000e+00	0.000000e+00	0.000000e+00	0.000000e+00
3.040000e+00	3.120000e+00	0.000000e+00	0.000000e+00	0.000000e+00
3.120000e+00	3.200000e+00	0.000000e+00	0.000000e+00	0.000000e+00
3.200000e+00	3.280000e+00	0.000000e+00	0.000000e+00	0.000000e+00
3.280000e+00	3.360000e+00	0.000000e+00	0.000000e+00	0.000000e+00
3.360000e+00	3.440000e+00	0.000000e+00	0.000000e+00	0.000000e+00
3.440000e+00	3.520000e+00	0.000000e+00	0.000000e+00	0.000000e+00
3.520000e+00	3.600000e+00	0.000000e+00	0.000000e+00	0.000000e+00
3.600000e+00	3.680000e+00	0.000000e+00	0.000000e+00	0.000000e+00
3.680000e+00	3.760000e+00	0.000000e+00	0.000000e+00	0.000000e+00
3.760000e+00	3.840000e+00	0.000000e+00	0.000000e+00	0.000000e+00
3.840000e+00	3.920000e+00	0.000000e+00	0.000000e+00	0.000000e+00
3.920000e+00	4.000000e+00	0.000000e+00	0.000000e+00	0.000000e+00
# END HISTO1D

