# BEGIN PLOT
Legend=1
LogY=1
DrawOnly=//mt/home/mbridge/Work/MyHiggsstrahlungV2/MyHiggsstrahlungHbb/Analysis.yoda/MyZAnalysis/ZM
LegendOnly=//mt/home/mbridge/Work/MyHiggsstrahlungV2/MyHiggsstrahlungHbb/Analysis.yoda/MyZAnalysis/ZM
# END PLOT

# BEGIN HISTO1D //mt/home/mbridge/Work/MyHiggsstrahlungV2/MyHiggsstrahlungHbb/Analysis.yoda/MyZAnalysis/ZM
LineColor=red
LineStyle=solid
Path=//mt/home/mbridge/Work/MyHiggsstrahlungV2/MyHiggsstrahlungHbb/Analysis.yoda/MyZAnalysis/ZM
ScaledBy=3.64509560399297336e-03
Title=Analysis
# xlow	 xhigh	 val	 errminus	 errplus
0.000000e+00	1.000000e+00	9.158767e-05	4.579383e-05	4.579383e-05
1.000000e+00	2.000000e+00	5.495260e-04	1.121715e-04	1.121715e-04
2.000000e+00	3.000000e+00	8.013921e-04	1.354600e-04	1.354600e-04
3.000000e+00	4.000000e+00	1.259330e-03	1.698081e-04	1.698081e-04
4.000000e+00	5.000000e+00	1.900444e-03	2.086009e-04	2.086009e-04
5.000000e+00	6.000000e+00	1.740166e-03	1.996107e-04	1.996107e-04
6.000000e+00	7.000000e+00	2.175207e-03	2.231715e-04	2.231715e-04
7.000000e+00	8.000000e+00	2.472867e-03	2.379518e-04	2.379518e-04
8.000000e+00	9.000000e+00	2.587352e-03	2.433976e-04	2.433976e-04
9.000000e+00	1.000000e+01	3.594816e-03	2.868976e-04	2.868976e-04
1.000000e+01	1.100000e+01	3.480332e-03	2.822922e-04	2.822922e-04
1.100000e+01	1.200000e+01	4.350414e-03	3.156122e-04	3.156122e-04
1.200000e+01	1.300000e+01	4.373311e-03	3.164418e-04	3.164418e-04
1.300000e+01	1.400000e+01	4.693868e-03	3.278340e-04	3.278340e-04
1.400000e+01	1.500000e+01	5.060219e-03	3.403871e-04	3.403871e-04
1.500000e+01	1.600000e+01	5.861611e-03	3.663507e-04	3.663507e-04
1.600000e+01	1.700000e+01	6.640106e-03	3.899205e-04	3.899205e-04
1.700000e+01	1.800000e+01	6.823282e-03	3.952621e-04	3.952621e-04
1.800000e+01	1.900000e+01	6.663003e-03	3.905921e-04	3.905921e-04
1.900000e+01	2.000000e+01	6.823282e-03	3.952621e-04	3.952621e-04
2.000000e+01	2.100000e+01	6.960663e-03	3.992214e-04	3.992214e-04
2.100000e+01	2.200000e+01	8.128406e-03	4.314109e-04	4.314109e-04
2.200000e+01	2.300000e+01	8.906901e-03	4.515978e-04	4.515978e-04
2.300000e+01	2.400000e+01	9.204561e-03	4.590818e-04	4.590818e-04
2.400000e+01	2.500000e+01	9.616706e-03	4.692472e-04	4.692472e-04
2.500000e+01	2.600000e+01	1.057838e-02	4.921506e-04	4.921506e-04
2.600000e+01	2.700000e+01	1.117370e-02	5.058095e-04	5.058095e-04
2.700000e+01	2.800000e+01	1.115080e-02	5.052909e-04	5.052909e-04
2.800000e+01	2.900000e+01	1.172322e-02	5.180982e-04	5.180982e-04
2.900000e+01	3.000000e+01	1.279938e-02	5.413560e-04	5.413560e-04
3.000000e+01	3.100000e+01	1.302835e-02	5.461767e-04	5.461767e-04
3.100000e+01	3.200000e+01	1.469982e-02	5.801557e-04	5.801557e-04
3.200000e+01	3.300000e+01	1.531804e-02	5.922296e-04	5.922296e-04
3.300000e+01	3.400000e+01	1.630261e-02	6.109660e-04	6.109660e-04
3.400000e+01	3.500000e+01	1.712689e-02	6.262213e-04	6.262213e-04
3.500000e+01	3.600000e+01	1.879837e-02	6.560676e-04	6.560676e-04
3.600000e+01	3.700000e+01	1.820305e-02	6.455956e-04	6.455956e-04
3.700000e+01	3.800000e+01	2.115675e-02	6.960060e-04	6.960060e-04
3.800000e+01	3.900000e+01	2.156890e-02	7.027527e-04	7.027527e-04
3.900000e+01	4.000000e+01	2.420204e-02	7.444140e-04	7.444140e-04
4.000000e+01	4.100000e+01	2.559875e-02	7.655930e-04	7.655930e-04
4.100000e+01	4.200000e+01	2.623987e-02	7.751207e-04	7.751207e-04
4.200000e+01	4.300000e+01	2.921647e-02	8.179041e-04	8.179041e-04
4.300000e+01	4.400000e+01	3.109401e-02	8.437755e-04	8.437755e-04
4.400000e+01	4.500000e+01	3.505518e-02	8.959105e-04	8.959105e-04
4.500000e+01	4.600000e+01	3.935980e-02	9.493251e-04	9.493251e-04
4.600000e+01	4.700000e+01	4.373311e-02	1.000677e-03	1.000677e-03
4.700000e+01	4.800000e+01	5.254843e-02	1.096903e-03	1.096903e-03
4.800000e+01	4.900000e+01	5.985254e-02	1.170658e-03	1.170658e-03
4.900000e+01	5.000000e+01	7.065989e-02	1.271965e-03	1.271965e-03
5.000000e+01	5.100000e+01	8.185648e-02	1.369037e-03	1.369037e-03
5.100000e+01	5.200000e+01	7.546824e-02	1.314530e-03	1.314530e-03
5.200000e+01	5.300000e+01	4.325228e-02	9.951602e-04	9.951602e-04
5.300000e+01	5.400000e+01	1.927921e-02	6.644053e-04	6.644053e-04
5.400000e+01	5.500000e+01	9.548015e-03	4.675683e-04	4.675683e-04
5.500000e+01	5.600000e+01	4.190136e-03	3.097438e-04	3.097438e-04
5.600000e+01	5.700000e+01	4.579384e-04	1.023981e-04	1.023981e-04
5.700000e+01	5.800000e+01	0.000000e+00	0.000000e+00	0.000000e+00
5.800000e+01	5.900000e+01	0.000000e+00	0.000000e+00	0.000000e+00
5.900000e+01	6.000000e+01	0.000000e+00	0.000000e+00	0.000000e+00
6.000000e+01	6.100000e+01	0.000000e+00	0.000000e+00	0.000000e+00
6.100000e+01	6.200000e+01	0.000000e+00	0.000000e+00	0.000000e+00
6.200000e+01	6.300000e+01	0.000000e+00	0.000000e+00	0.000000e+00
6.300000e+01	6.400000e+01	0.000000e+00	0.000000e+00	0.000000e+00
6.400000e+01	6.500000e+01	0.000000e+00	0.000000e+00	0.000000e+00
6.500000e+01	6.600000e+01	0.000000e+00	0.000000e+00	0.000000e+00
6.600000e+01	6.700000e+01	0.000000e+00	0.000000e+00	0.000000e+00
6.700000e+01	6.800000e+01	0.000000e+00	0.000000e+00	0.000000e+00
6.800000e+01	6.900000e+01	0.000000e+00	0.000000e+00	0.000000e+00
6.900000e+01	7.000000e+01	0.000000e+00	0.000000e+00	0.000000e+00
7.000000e+01	7.100000e+01	0.000000e+00	0.000000e+00	0.000000e+00
7.100000e+01	7.200000e+01	0.000000e+00	0.000000e+00	0.000000e+00
7.200000e+01	7.300000e+01	0.000000e+00	0.000000e+00	0.000000e+00
7.300000e+01	7.400000e+01	0.000000e+00	0.000000e+00	0.000000e+00
7.400000e+01	7.500000e+01	0.000000e+00	0.000000e+00	0.000000e+00
7.500000e+01	7.600000e+01	0.000000e+00	0.000000e+00	0.000000e+00
7.600000e+01	7.700000e+01	0.000000e+00	0.000000e+00	0.000000e+00
7.700000e+01	7.800000e+01	0.000000e+00	0.000000e+00	0.000000e+00
7.800000e+01	7.900000e+01	0.000000e+00	0.000000e+00	0.000000e+00
7.900000e+01	8.000000e+01	0.000000e+00	0.000000e+00	0.000000e+00
8.000000e+01	8.100000e+01	0.000000e+00	0.000000e+00	0.000000e+00
8.100000e+01	8.200000e+01	0.000000e+00	0.000000e+00	0.000000e+00
8.200000e+01	8.300000e+01	0.000000e+00	0.000000e+00	0.000000e+00
8.300000e+01	8.400000e+01	0.000000e+00	0.000000e+00	0.000000e+00
8.400000e+01	8.500000e+01	0.000000e+00	0.000000e+00	0.000000e+00
8.500000e+01	8.600000e+01	0.000000e+00	0.000000e+00	0.000000e+00
8.600000e+01	8.700000e+01	0.000000e+00	0.000000e+00	0.000000e+00
8.700000e+01	8.800000e+01	0.000000e+00	0.000000e+00	0.000000e+00
8.800000e+01	8.900000e+01	0.000000e+00	0.000000e+00	0.000000e+00
8.900000e+01	9.000000e+01	0.000000e+00	0.000000e+00	0.000000e+00
9.000000e+01	9.100000e+01	0.000000e+00	0.000000e+00	0.000000e+00
9.100000e+01	9.200000e+01	0.000000e+00	0.000000e+00	0.000000e+00
9.200000e+01	9.300000e+01	0.000000e+00	0.000000e+00	0.000000e+00
9.300000e+01	9.400000e+01	0.000000e+00	0.000000e+00	0.000000e+00
9.400000e+01	9.500000e+01	0.000000e+00	0.000000e+00	0.000000e+00
9.500000e+01	9.600000e+01	0.000000e+00	0.000000e+00	0.000000e+00
9.600000e+01	9.700000e+01	0.000000e+00	0.000000e+00	0.000000e+00
9.700000e+01	9.800000e+01	0.000000e+00	0.000000e+00	0.000000e+00
9.800000e+01	9.900000e+01	0.000000e+00	0.000000e+00	0.000000e+00
9.900000e+01	1.000000e+02	0.000000e+00	0.000000e+00	0.000000e+00
# END HISTO1D

