# BEGIN PLOT
Legend=1
LogY=0
Title=Total multiplicity of events
XLabel=$N$
YLabel=$1/\sigma \; \mathrm{d}\sigma/\mathrm{d}N$
DrawOnly=//home/mogzyb/Work/Dis-2.0/Hee/Analysis.yoda/MC_FSPARTICLES/Mult
LegendOnly=//home/mogzyb/Work/Dis-2.0/Hee/Analysis.yoda/MC_FSPARTICLES/Mult
# END PLOT

# BEGIN HISTO1D //home/mogzyb/Work/Dis-2.0/Hee/Analysis.yoda/MC_FSPARTICLES/Mult
LineColor=red
LineStyle=solid
Path=//home/mogzyb/Work/Dis-2.0/Hee/Analysis.yoda/MC_FSPARTICLES/Mult
ScaledBy=1.28119335655316234e-03
Title=Analysis
# xlow	 xhigh	 val	 errminus	 errplus
-5.000000e-01	1.500000e+00	0.000000e+00	0.000000e+00	0.000000e+00
1.500000e+00	3.500000e+00	0.000000e+00	0.000000e+00	0.000000e+00
3.500000e+00	5.500000e+00	1.179020e-03	1.085376e-04	1.085376e-04
5.500000e+00	7.500000e+00	9.098885e-03	3.016356e-04	3.016356e-04
7.500000e+00	9.500000e+00	3.729787e-03	1.931286e-04	1.931286e-04
9.500000e+00	1.150000e+01	2.997509e-03	1.730613e-04	1.730613e-04
1.150000e+01	1.350000e+01	2.811944e-03	1.677708e-04	1.677708e-04
1.350000e+01	1.550000e+01	5.058065e-03	2.248656e-04	2.248656e-04
1.550000e+01	1.750000e+01	6.597675e-03	2.568178e-04	2.568178e-04
1.750000e+01	1.950000e+01	9.798095e-03	3.129988e-04	3.129988e-04
1.950000e+01	2.150000e+01	1.189882e-02	3.449459e-04	3.449459e-04
2.150000e+01	2.350000e+01	1.676982e-02	4.097052e-04	4.097052e-04
2.350000e+01	2.550000e+01	2.255602e-02	4.749110e-04	4.749110e-04
2.550000e+01	2.750000e+01	2.732133e-02	5.228771e-04	5.228771e-04
2.750000e+01	2.950000e+01	3.406048e-02	5.836519e-04	5.836519e-04
2.950000e+01	3.150000e+01	3.920415e-02	6.262206e-04	6.262206e-04
3.150000e+01	3.350000e+01	4.185897e-02	6.470371e-04	6.470371e-04
3.350000e+01	3.550000e+01	4.353948e-02	6.600072e-04	6.600072e-04
3.550000e+01	3.750000e+01	4.084935e-02	6.392365e-04	6.392365e-04
3.750000e+01	3.950000e+01	3.729993e-02	6.106818e-04	6.106818e-04
3.950000e+01	4.150000e+01	3.406192e-02	5.835818e-04	5.835818e-04
4.150000e+01	4.350000e+01	2.880774e-02	5.368913e-04	5.368913e-04
4.350000e+01	4.550000e+01	2.248144e-02	4.742135e-04	4.742135e-04
4.550000e+01	4.750000e+01	1.806061e-02	4.250106e-04	4.250106e-04
4.750000e+01	4.950000e+01	1.355531e-02	3.681313e-04	3.681313e-04
4.950000e+01	5.150000e+01	9.946935e-03	3.153463e-04	3.153463e-04
5.150000e+01	5.350000e+01	6.018730e-03	2.453115e-04	2.453115e-04
5.350000e+01	5.550000e+01	4.360107e-03	2.088253e-04	2.088253e-04
5.550000e+01	5.750000e+01	2.508623e-03	1.583445e-04	1.583445e-04
5.750000e+01	5.950000e+01	1.750777e-03	1.323649e-04	1.323649e-04
5.950000e+01	6.150000e+01	9.991700e-04	9.991698e-05	9.991698e-05
6.150000e+01	6.350000e+01	4.296430e-04	6.551994e-05	6.551994e-05
6.350000e+01	6.550000e+01	2.398008e-04	4.894912e-05	4.894912e-05
6.550000e+01	6.750000e+01	6.994190e-05	2.643555e-05	2.643555e-05
6.750000e+01	6.950000e+01	5.995020e-05	2.447456e-05	2.447456e-05
6.950000e+01	7.150000e+01	0.000000e+00	0.000000e+00	0.000000e+00
7.150000e+01	7.350000e+01	1.998339e-05	1.413040e-05	1.413040e-05
7.350000e+01	7.550000e+01	0.000000e+00	0.000000e+00	0.000000e+00
7.550000e+01	7.750000e+01	0.000000e+00	0.000000e+00	0.000000e+00
7.750000e+01	7.950000e+01	0.000000e+00	0.000000e+00	0.000000e+00
7.950000e+01	8.150000e+01	0.000000e+00	0.000000e+00	0.000000e+00
8.150000e+01	8.350000e+01	0.000000e+00	0.000000e+00	0.000000e+00
8.350000e+01	8.550000e+01	0.000000e+00	0.000000e+00	0.000000e+00
8.550000e+01	8.750000e+01	0.000000e+00	0.000000e+00	0.000000e+00
8.750000e+01	8.950000e+01	0.000000e+00	0.000000e+00	0.000000e+00
8.950000e+01	9.150000e+01	0.000000e+00	0.000000e+00	0.000000e+00
9.150000e+01	9.350000e+01	0.000000e+00	0.000000e+00	0.000000e+00
9.350000e+01	9.550000e+01	0.000000e+00	0.000000e+00	0.000000e+00
9.550000e+01	9.750000e+01	0.000000e+00	0.000000e+00	0.000000e+00
9.750000e+01	9.950000e+01	0.000000e+00	0.000000e+00	0.000000e+00
9.950000e+01	1.015000e+02	0.000000e+00	0.000000e+00	0.000000e+00
1.015000e+02	1.035000e+02	0.000000e+00	0.000000e+00	0.000000e+00
1.035000e+02	1.055000e+02	0.000000e+00	0.000000e+00	0.000000e+00
1.055000e+02	1.075000e+02	0.000000e+00	0.000000e+00	0.000000e+00
1.075000e+02	1.095000e+02	0.000000e+00	0.000000e+00	0.000000e+00
1.095000e+02	1.115000e+02	0.000000e+00	0.000000e+00	0.000000e+00
1.115000e+02	1.135000e+02	0.000000e+00	0.000000e+00	0.000000e+00
1.135000e+02	1.155000e+02	0.000000e+00	0.000000e+00	0.000000e+00
1.155000e+02	1.175000e+02	0.000000e+00	0.000000e+00	0.000000e+00
1.175000e+02	1.195000e+02	0.000000e+00	0.000000e+00	0.000000e+00
1.195000e+02	1.215000e+02	0.000000e+00	0.000000e+00	0.000000e+00
1.215000e+02	1.235000e+02	0.000000e+00	0.000000e+00	0.000000e+00
1.235000e+02	1.255000e+02	0.000000e+00	0.000000e+00	0.000000e+00
1.255000e+02	1.275000e+02	0.000000e+00	0.000000e+00	0.000000e+00
1.275000e+02	1.295000e+02	0.000000e+00	0.000000e+00	0.000000e+00
1.295000e+02	1.315000e+02	0.000000e+00	0.000000e+00	0.000000e+00
1.315000e+02	1.335000e+02	0.000000e+00	0.000000e+00	0.000000e+00
1.335000e+02	1.355000e+02	0.000000e+00	0.000000e+00	0.000000e+00
1.355000e+02	1.375000e+02	0.000000e+00	0.000000e+00	0.000000e+00
1.375000e+02	1.395000e+02	0.000000e+00	0.000000e+00	0.000000e+00
1.395000e+02	1.415000e+02	0.000000e+00	0.000000e+00	0.000000e+00
1.415000e+02	1.435000e+02	0.000000e+00	0.000000e+00	0.000000e+00
1.435000e+02	1.455000e+02	0.000000e+00	0.000000e+00	0.000000e+00
1.455000e+02	1.475000e+02	0.000000e+00	0.000000e+00	0.000000e+00
1.475000e+02	1.495000e+02	0.000000e+00	0.000000e+00	0.000000e+00
1.495000e+02	1.515000e+02	0.000000e+00	0.000000e+00	0.000000e+00
1.515000e+02	1.535000e+02	0.000000e+00	0.000000e+00	0.000000e+00
1.535000e+02	1.555000e+02	0.000000e+00	0.000000e+00	0.000000e+00
1.555000e+02	1.575000e+02	0.000000e+00	0.000000e+00	0.000000e+00
1.575000e+02	1.595000e+02	0.000000e+00	0.000000e+00	0.000000e+00
1.595000e+02	1.615000e+02	0.000000e+00	0.000000e+00	0.000000e+00
1.615000e+02	1.635000e+02	0.000000e+00	0.000000e+00	0.000000e+00
1.635000e+02	1.655000e+02	0.000000e+00	0.000000e+00	0.000000e+00
1.655000e+02	1.675000e+02	0.000000e+00	0.000000e+00	0.000000e+00
1.675000e+02	1.695000e+02	0.000000e+00	0.000000e+00	0.000000e+00
1.695000e+02	1.715000e+02	0.000000e+00	0.000000e+00	0.000000e+00
1.715000e+02	1.735000e+02	0.000000e+00	0.000000e+00	0.000000e+00
1.735000e+02	1.755000e+02	0.000000e+00	0.000000e+00	0.000000e+00
1.755000e+02	1.775000e+02	0.000000e+00	0.000000e+00	0.000000e+00
1.775000e+02	1.795000e+02	0.000000e+00	0.000000e+00	0.000000e+00
1.795000e+02	1.815000e+02	0.000000e+00	0.000000e+00	0.000000e+00
1.815000e+02	1.835000e+02	0.000000e+00	0.000000e+00	0.000000e+00
1.835000e+02	1.855000e+02	0.000000e+00	0.000000e+00	0.000000e+00
1.855000e+02	1.875000e+02	0.000000e+00	0.000000e+00	0.000000e+00
1.875000e+02	1.895000e+02	0.000000e+00	0.000000e+00	0.000000e+00
1.895000e+02	1.915000e+02	0.000000e+00	0.000000e+00	0.000000e+00
1.915000e+02	1.935000e+02	0.000000e+00	0.000000e+00	0.000000e+00
1.935000e+02	1.955000e+02	0.000000e+00	0.000000e+00	0.000000e+00
1.955000e+02	1.975000e+02	0.000000e+00	0.000000e+00	0.000000e+00
1.975000e+02	1.995000e+02	0.000000e+00	0.000000e+00	0.000000e+00
# END HISTO1D

