# BEGIN PLOT
Legend=1
LogY=1
Title=Transverse momentum of charged particles
XLabel=$p_\perp$ [GeV]
YLabel=$1/\sigma \; \mathrm{d}\sigma/\mathrm{d}p_\perp$ [GeV$^{-1}$]
FullRange=1
DrawOnly=//home/mogzyb/Work/Dis-2.0/Hee/Analysis.yoda/MC_FSPARTICLES/PtCh
LegendOnly=//home/mogzyb/Work/Dis-2.0/Hee/Analysis.yoda/MC_FSPARTICLES/PtCh
# END PLOT

# BEGIN HISTO1D //home/mogzyb/Work/Dis-2.0/Hee/Analysis.yoda/MC_FSPARTICLES/PtCh
LineColor=red
LineStyle=solid
Path=//home/mogzyb/Work/Dis-2.0/Hee/Analysis.yoda/MC_FSPARTICLES/PtCh
ScaledBy=6.37353165605600449e-05
Title=Analysis
# xlow	 xhigh	 val	 errminus	 errplus
0.000000e+00	1.000000e-01	0.000000e+00	0.000000e+00	0.000000e+00
1.000000e-01	2.000000e-01	0.000000e+00	0.000000e+00	0.000000e+00
2.000000e-01	3.000000e-01	0.000000e+00	0.000000e+00	0.000000e+00
3.000000e-01	4.000000e-01	0.000000e+00	0.000000e+00	0.000000e+00
4.000000e-01	5.000000e-01	0.000000e+00	0.000000e+00	0.000000e+00
5.000000e-01	6.000000e-01	5.719223e-01	2.385671e-03	2.385671e-03
6.000000e-01	7.000000e-01	5.114371e-01	2.256138e-03	2.256138e-03
7.000000e-01	8.000000e-01	4.586167e-01	2.136360e-03	2.136360e-03
8.000000e-01	9.000000e-01	4.136650e-01	2.028950e-03	2.028950e-03
9.000000e-01	1.000000e+00	3.733274e-01	1.927434e-03	1.927434e-03
1.000000e+00	1.100000e+00	3.408539e-01	1.841853e-03	1.841853e-03
1.100000e+00	1.200000e+00	3.145728e-01	1.769383e-03	1.769383e-03
1.200000e+00	1.300000e+00	2.816291e-01	1.674265e-03	1.674265e-03
1.300000e+00	1.400000e+00	2.634164e-01	1.619120e-03	1.619120e-03
1.400000e+00	1.500000e+00	2.416893e-01	1.550730e-03	1.550730e-03
1.500000e+00	1.600000e+00	2.264750e-01	1.501288e-03	1.501288e-03
1.600000e+00	1.700000e+00	2.097749e-01	1.444831e-03	1.444831e-03
1.700000e+00	1.800000e+00	1.963478e-01	1.397760e-03	1.397760e-03
1.800000e+00	1.900000e+00	1.816810e-01	1.344521e-03	1.344521e-03
1.900000e+00	2.000000e+00	1.710796e-01	1.304815e-03	1.304815e-03
2.000000e+00	2.100000e+00	1.608411e-01	1.265033e-03	1.265033e-03
2.100000e+00	2.200000e+00	1.523150e-01	1.231147e-03	1.231147e-03
2.200000e+00	2.300000e+00	1.428660e-01	1.192284e-03	1.192284e-03
2.300000e+00	2.400000e+00	1.359730e-01	1.163193e-03	1.163193e-03
2.400000e+00	2.500000e+00	1.285902e-01	1.131260e-03	1.131260e-03
2.500000e+00	2.600000e+00	1.206438e-01	1.095739e-03	1.095739e-03
2.600000e+00	2.700000e+00	1.157493e-01	1.073212e-03	1.073212e-03
2.700000e+00	2.800000e+00	1.115493e-01	1.053682e-03	1.053682e-03
2.800000e+00	2.900000e+00	1.029574e-01	1.012310e-03	1.012310e-03
2.900000e+00	3.000000e+00	9.728380e-02	9.839650e-04	9.839650e-04
3.000000e+00	3.100000e+00	9.582172e-02	9.764393e-04	9.764393e-04
3.100000e+00	3.200000e+00	8.950649e-02	9.438209e-04	9.438209e-04
3.200000e+00	3.300000e+00	8.718534e-02	9.313022e-04	9.313022e-04
3.300000e+00	3.400000e+00	8.283942e-02	9.080687e-04	9.080687e-04
3.400000e+00	3.500000e+00	7.943843e-02	8.890378e-04	8.890378e-04
3.500000e+00	3.600000e+00	7.629021e-02	8.715641e-04	8.715641e-04
3.600000e+00	3.700000e+00	7.335086e-02	8.543790e-04	8.543790e-04
3.700000e+00	3.800000e+00	6.856824e-02	8.260216e-04	8.260216e-04
3.800000e+00	3.900000e+00	6.643618e-02	8.131183e-04	8.131183e-04
3.900000e+00	4.000000e+00	6.505460e-02	8.046176e-04	8.046176e-04
4.000000e+00	4.100000e+00	6.077395e-02	7.776677e-04	7.776677e-04
4.100000e+00	4.200000e+00	5.994246e-02	7.722967e-04	7.722967e-04
4.200000e+00	4.300000e+00	5.614442e-02	7.473654e-04	7.473654e-04
4.300000e+00	4.400000e+00	5.625239e-02	7.482590e-04	7.482590e-04
4.400000e+00	4.500000e+00	5.446722e-02	7.363263e-04	7.363263e-04
4.500000e+00	4.600000e+00	5.134998e-02	7.148872e-04	7.148872e-04
4.600000e+00	4.700000e+00	4.887220e-02	6.973782e-04	6.973782e-04
4.700000e+00	4.800000e+00	4.806776e-02	6.914453e-04	6.914453e-04
4.800000e+00	4.900000e+00	4.657747e-02	6.807516e-04	6.807516e-04
4.900000e+00	5.000000e+00	4.565647e-02	6.740202e-04	6.740202e-04
5.000000e+00	5.100000e+00	4.259122e-02	6.509889e-04	6.509889e-04
5.100000e+00	5.200000e+00	4.159957e-02	6.435634e-04	6.435634e-04
5.200000e+00	5.300000e+00	4.094890e-02	6.384087e-04	6.384087e-04
5.300000e+00	5.400000e+00	3.922155e-02	6.248369e-04	6.248369e-04
5.400000e+00	5.500000e+00	3.712671e-02	6.076739e-04	6.076739e-04
5.500000e+00	5.600000e+00	3.708171e-02	6.073660e-04	6.073660e-04
5.600000e+00	5.700000e+00	3.494022e-02	5.895208e-04	5.895208e-04
5.700000e+00	5.800000e+00	3.458891e-02	5.870274e-04	5.870274e-04
5.800000e+00	5.900000e+00	3.331976e-02	5.758060e-04	5.758060e-04
5.900000e+00	6.000000e+00	3.243384e-02	5.680863e-04	5.680863e-04
6.000000e+00	6.100000e+00	3.159790e-02	5.606129e-04	5.606129e-04
6.100000e+00	6.200000e+00	3.052639e-02	5.511780e-04	5.511780e-04
6.200000e+00	6.300000e+00	3.030012e-02	5.490435e-04	5.490435e-04
6.300000e+00	6.400000e+00	2.897443e-02	5.369712e-04	5.369712e-04
6.400000e+00	6.500000e+00	2.805016e-02	5.283599e-04	5.283599e-04
6.500000e+00	6.600000e+00	2.680762e-02	5.167798e-04	5.167798e-04
6.600000e+00	6.700000e+00	2.633107e-02	5.118198e-04	5.118198e-04
6.700000e+00	6.800000e+00	2.549726e-02	5.040781e-04	5.040781e-04
6.800000e+00	6.900000e+00	2.466407e-02	4.953988e-04	4.953988e-04
6.900000e+00	7.000000e+00	2.417799e-02	4.903945e-04	4.903945e-04
7.000000e+00	7.100000e+00	2.245767e-02	4.728848e-04	4.728848e-04
7.100000e+00	7.200000e+00	2.288522e-02	4.772214e-04	4.772214e-04
7.200000e+00	7.300000e+00	2.270785e-02	4.754296e-04	4.754296e-04
7.300000e+00	7.400000e+00	2.176885e-02	4.654397e-04	4.654397e-04
7.400000e+00	7.500000e+00	2.109268e-02	4.581311e-04	4.581311e-04
7.500000e+00	7.600000e+00	2.064892e-02	4.534330e-04	4.534330e-04
7.600000e+00	7.700000e+00	1.991075e-02	4.451576e-04	4.451576e-04
7.700000e+00	7.800000e+00	1.875168e-02	4.319211e-04	4.319211e-04
7.800000e+00	7.900000e+00	1.866168e-02	4.310375e-04	4.310375e-04
7.900000e+00	8.000000e+00	1.865616e-02	4.309053e-04	4.309053e-04
8.000000e+00	8.100000e+00	1.798170e-02	4.229146e-04	4.229146e-04
8.100000e+00	8.200000e+00	1.790703e-02	4.220897e-04	4.220897e-04
8.200000e+00	8.300000e+00	1.725092e-02	4.144700e-04	4.144700e-04
8.300000e+00	8.400000e+00	1.650636e-02	4.052880e-04	4.052880e-04
8.400000e+00	8.500000e+00	1.688256e-02	4.099950e-04	4.099950e-04
8.500000e+00	8.600000e+00	1.663546e-02	4.068916e-04	4.068916e-04
8.600000e+00	8.700000e+00	1.547471e-02	3.924724e-04	3.924724e-04
8.700000e+00	8.800000e+00	1.484469e-02	3.843357e-04	3.843357e-04
8.800000e+00	8.900000e+00	1.446614e-02	3.794225e-04	3.794225e-04
8.900000e+00	9.000000e+00	1.444659e-02	3.791443e-04	3.791443e-04
9.000000e+00	9.100000e+00	1.388175e-02	3.717101e-04	3.717101e-04
9.100000e+00	9.200000e+00	1.362442e-02	3.682590e-04	3.682590e-04
9.200000e+00	9.300000e+00	1.415676e-02	3.756596e-04	3.756596e-04
9.300000e+00	9.400000e+00	1.308901e-02	3.609807e-04	3.609807e-04
9.400000e+00	9.500000e+00	1.306766e-02	3.606794e-04	3.606794e-04
9.500000e+00	9.600000e+00	1.237803e-02	3.512539e-04	3.512539e-04
9.600000e+00	9.700000e+00	1.241413e-02	3.516056e-04	3.516056e-04
9.700000e+00	9.800000e+00	1.190133e-02	3.441680e-04	3.441680e-04
9.800000e+00	9.900000e+00	1.148561e-02	3.381265e-04	3.381265e-04
9.900000e+00	1.000000e+01	1.094421e-02	3.300103e-04	3.300103e-04
1.000000e+01	1.010000e+01	1.154549e-02	3.388451e-04	3.388451e-04
1.010000e+01	1.020000e+01	1.058756e-02	3.248193e-04	3.248193e-04
1.020000e+01	1.030000e+01	1.083187e-02	3.284345e-04	3.284345e-04
1.030000e+01	1.040000e+01	1.041752e-02	3.219663e-04	3.219663e-04
1.040000e+01	1.050000e+01	1.056041e-02	3.242411e-04	3.242411e-04
1.050000e+01	1.060000e+01	9.890228e-03	3.139459e-04	3.139459e-04
1.060000e+01	1.070000e+01	9.657471e-03	3.099289e-04	3.099289e-04
1.070000e+01	1.080000e+01	9.994795e-03	3.154863e-04	3.154863e-04
1.080000e+01	1.090000e+01	8.930336e-03	2.982259e-04	2.982259e-04
1.090000e+01	1.100000e+01	9.608481e-03	3.093658e-04	3.093658e-04
1.100000e+01	1.110000e+01	9.122046e-03	3.012494e-04	3.012494e-04
1.110000e+01	1.120000e+01	8.884619e-03	2.973360e-04	2.973360e-04
1.120000e+01	1.130000e+01	8.379964e-03	2.888266e-04	2.888266e-04
1.130000e+01	1.140000e+01	8.435985e-03	2.897057e-04	2.897057e-04
1.140000e+01	1.150000e+01	8.676198e-03	2.938379e-04	2.938379e-04
1.150000e+01	1.160000e+01	7.924710e-03	2.811725e-04	2.811725e-04
1.160000e+01	1.170000e+01	7.723651e-03	2.772988e-04	2.772988e-04
1.170000e+01	1.180000e+01	8.110440e-03	2.841153e-04	2.841153e-04
1.180000e+01	1.190000e+01	7.932530e-03	2.810115e-04	2.810115e-04
1.190000e+01	1.200000e+01	7.650309e-03	2.761237e-04	2.761237e-04
1.200000e+01	1.210000e+01	7.589769e-03	2.750680e-04	2.750680e-04
1.210000e+01	1.220000e+01	7.915849e-03	2.805738e-04	2.805738e-04
1.220000e+01	1.230000e+01	7.269432e-03	2.691144e-04	2.691144e-04
1.230000e+01	1.240000e+01	7.262536e-03	2.688106e-04	2.688106e-04
1.240000e+01	1.250000e+01	7.234778e-03	2.683486e-04	2.683486e-04
1.250000e+01	1.260000e+01	7.662117e-03	2.763627e-04	2.763627e-04
1.260000e+01	1.270000e+01	6.766780e-03	2.595182e-04	2.595182e-04
1.270000e+01	1.280000e+01	6.434709e-03	2.532335e-04	2.532335e-04
1.280000e+01	1.290000e+01	6.292946e-03	2.503569e-04	2.503569e-04
1.290000e+01	1.300000e+01	6.821826e-03	2.604631e-04	2.604631e-04
1.300000e+01	1.310000e+01	6.011686e-03	2.446380e-04	2.446380e-04
1.310000e+01	1.320000e+01	6.361347e-03	2.516870e-04	2.516870e-04
1.320000e+01	1.330000e+01	6.367596e-03	2.517102e-04	2.517102e-04
1.330000e+01	1.340000e+01	5.971708e-03	2.438178e-04	2.438178e-04
1.340000e+01	1.350000e+01	5.785350e-03	2.400448e-04	2.400448e-04
1.350000e+01	1.360000e+01	5.787063e-03	2.398836e-04	2.398836e-04
1.360000e+01	1.370000e+01	5.608810e-03	2.361766e-04	2.361766e-04
1.370000e+01	1.380000e+01	5.582595e-03	2.357242e-04	2.357242e-04
1.380000e+01	1.390000e+01	5.513297e-03	2.342550e-04	2.342550e-04
1.390000e+01	1.400000e+01	5.400730e-03	2.317750e-04	2.317750e-04
1.400000e+01	1.410000e+01	5.535397e-03	2.347920e-04	2.347920e-04
1.410000e+01	1.420000e+01	5.362244e-03	2.309853e-04	2.309853e-04
1.420000e+01	1.430000e+01	4.927793e-03	2.215108e-04	2.215108e-04
1.430000e+01	1.440000e+01	5.190250e-03	2.271728e-04	2.271728e-04
1.440000e+01	1.450000e+01	4.593084e-03	2.136898e-04	2.136898e-04
1.450000e+01	1.460000e+01	5.328838e-03	2.304223e-04	2.304223e-04
1.460000e+01	1.470000e+01	4.648894e-03	2.154526e-04	2.154526e-04
1.470000e+01	1.480000e+01	4.505996e-03	2.117158e-04	2.117158e-04
1.480000e+01	1.490000e+01	5.393393e-03	2.316799e-04	2.316799e-04
1.490000e+01	1.500000e+01	5.131941e-03	2.259272e-04	2.259272e-04
1.500000e+01	1.510000e+01	4.594860e-03	2.141145e-04	2.141145e-04
1.510000e+01	1.520000e+01	4.572357e-03	2.134471e-04	2.134471e-04
1.520000e+01	1.530000e+01	4.769716e-03	2.179649e-04	2.179649e-04
1.530000e+01	1.540000e+01	4.448120e-03	2.104000e-04	2.104000e-04
1.540000e+01	1.550000e+01	4.355209e-03	2.084264e-04	2.084264e-04
1.550000e+01	1.560000e+01	4.396376e-03	2.091181e-04	2.091181e-04
1.560000e+01	1.570000e+01	4.099894e-03	2.020127e-04	2.020127e-04
1.570000e+01	1.580000e+01	4.306855e-03	2.069789e-04	2.069789e-04
1.580000e+01	1.590000e+01	4.149954e-03	2.032413e-04	2.032413e-04
1.590000e+01	1.600000e+01	3.723846e-03	1.925844e-04	1.925844e-04
1.600000e+01	1.610000e+01	3.999940e-03	1.995085e-04	1.995085e-04
1.610000e+01	1.620000e+01	3.721312e-03	1.924331e-04	1.924331e-04
1.620000e+01	1.630000e+01	4.051398e-03	2.008375e-04	2.008375e-04
1.630000e+01	1.640000e+01	4.108386e-03	2.021666e-04	2.021666e-04
1.640000e+01	1.650000e+01	4.128732e-03	2.026813e-04	2.026813e-04
1.650000e+01	1.660000e+01	3.871152e-03	1.962868e-04	1.962868e-04
1.660000e+01	1.670000e+01	3.891218e-03	1.968028e-04	1.968028e-04
1.670000e+01	1.680000e+01	3.809786e-03	1.946784e-04	1.946784e-04
1.680000e+01	1.690000e+01	3.994709e-03	1.995526e-04	1.995526e-04
1.690000e+01	1.700000e+01	3.808723e-03	1.949519e-04	1.949519e-04
1.700000e+01	1.710000e+01	3.665762e-03	1.911198e-04	1.911198e-04
1.710000e+01	1.720000e+01	3.547396e-03	1.880431e-04	1.880431e-04
1.720000e+01	1.730000e+01	3.285141e-03	1.808543e-04	1.808543e-04
1.730000e+01	1.740000e+01	3.667892e-03	1.913083e-04	1.913083e-04
1.740000e+01	1.750000e+01	3.421995e-03	1.845079e-04	1.845079e-04
1.750000e+01	1.760000e+01	3.315101e-03	1.816813e-04	1.816813e-04
1.760000e+01	1.770000e+01	3.720817e-03	1.924103e-04	1.924103e-04
1.770000e+01	1.780000e+01	3.547481e-03	1.881133e-04	1.881133e-04
1.780000e+01	1.790000e+01	3.225442e-03	1.792064e-04	1.792064e-04
1.790000e+01	1.800000e+01	3.163543e-03	1.774141e-04	1.774141e-04
1.800000e+01	1.810000e+01	3.294948e-03	1.811231e-04	1.811231e-04
1.810000e+01	1.820000e+01	3.341056e-03	1.826532e-04	1.826532e-04
1.820000e+01	1.830000e+01	3.226817e-03	1.792937e-04	1.792937e-04
1.830000e+01	1.840000e+01	3.135326e-03	1.766671e-04	1.766671e-04
1.840000e+01	1.850000e+01	3.236456e-03	1.795738e-04	1.795738e-04
1.850000e+01	1.860000e+01	3.308270e-03	1.816075e-04	1.816075e-04
1.860000e+01	1.870000e+01	2.929990e-03	1.709090e-04	1.709090e-04
1.870000e+01	1.880000e+01	3.214486e-03	1.788721e-04	1.788721e-04
1.880000e+01	1.890000e+01	3.342729e-03	1.823671e-04	1.823671e-04
1.890000e+01	1.900000e+01	3.238070e-03	1.796482e-04	1.796482e-04
1.900000e+01	1.910000e+01	2.945059e-03	1.711836e-04	1.711836e-04
1.910000e+01	1.920000e+01	3.033920e-03	1.737290e-04	1.737290e-04
1.920000e+01	1.930000e+01	3.189260e-03	1.783173e-04	1.783173e-04
1.930000e+01	1.940000e+01	3.063392e-03	1.745575e-04	1.745575e-04
1.940000e+01	1.950000e+01	2.892914e-03	1.699428e-04	1.699428e-04
1.950000e+01	1.960000e+01	2.906606e-03	1.701117e-04	1.701117e-04
1.960000e+01	1.970000e+01	3.134211e-03	1.766018e-04	1.766018e-04
1.970000e+01	1.980000e+01	2.982332e-03	1.721850e-04	1.721850e-04
1.980000e+01	1.990000e+01	2.597379e-03	1.607866e-04	1.607866e-04
1.990000e+01	2.000000e+01	2.836577e-03	1.680337e-04	1.680337e-04
2.000000e+01	2.010000e+01	2.905183e-03	1.700214e-04	1.700214e-04
2.010000e+01	2.020000e+01	2.837105e-03	1.680747e-04	1.680747e-04
2.020000e+01	2.030000e+01	2.796463e-03	1.668311e-04	1.668311e-04
2.030000e+01	2.040000e+01	2.875959e-03	1.691875e-04	1.691875e-04
2.040000e+01	2.050000e+01	2.923719e-03	1.709342e-04	1.709342e-04
2.050000e+01	2.060000e+01	2.806652e-03	1.671510e-04	1.671510e-04
2.060000e+01	2.070000e+01	2.744288e-03	1.651876e-04	1.651876e-04
2.070000e+01	2.080000e+01	2.898911e-03	1.699689e-04	1.699689e-04
2.080000e+01	2.090000e+01	2.923795e-03	1.705217e-04	1.705217e-04
2.090000e+01	2.100000e+01	2.435571e-03	1.556030e-04	1.556030e-04
2.100000e+01	2.110000e+01	2.704282e-03	1.639713e-04	1.639713e-04
2.110000e+01	2.120000e+01	2.916704e-03	1.704116e-04	1.704116e-04
2.120000e+01	2.130000e+01	2.488704e-03	1.574087e-04	1.574087e-04
2.130000e+01	2.140000e+01	2.553084e-03	1.596892e-04	1.596892e-04
2.140000e+01	2.150000e+01	2.696409e-03	1.638054e-04	1.638054e-04
2.150000e+01	2.160000e+01	2.964099e-03	1.717093e-04	1.717093e-04
2.160000e+01	2.170000e+01	2.616814e-03	1.613646e-04	1.613646e-04
2.170000e+01	2.180000e+01	2.786077e-03	1.665154e-04	1.665154e-04
2.180000e+01	2.190000e+01	2.674850e-03	1.630900e-04	1.630900e-04
2.190000e+01	2.200000e+01	2.684372e-03	1.633658e-04	1.633658e-04
2.200000e+01	2.210000e+01	2.715028e-03	1.643234e-04	1.643234e-04
2.210000e+01	2.220000e+01	2.604843e-03	1.609279e-04	1.609279e-04
2.220000e+01	2.230000e+01	2.564806e-03	1.596778e-04	1.596778e-04
2.230000e+01	2.240000e+01	2.714547e-03	1.642930e-04	1.642930e-04
2.240000e+01	2.250000e+01	2.473391e-03	1.571530e-04	1.571530e-04
2.250000e+01	2.260000e+01	2.426960e-03	1.553759e-04	1.553759e-04
2.260000e+01	2.270000e+01	2.399650e-03	1.545928e-04	1.545928e-04
2.270000e+01	2.280000e+01	2.637013e-03	1.619980e-04	1.619980e-04
2.280000e+01	2.290000e+01	2.626425e-03	1.616573e-04	1.616573e-04
2.290000e+01	2.300000e+01	2.773843e-03	1.660658e-04	1.660658e-04
2.300000e+01	2.310000e+01	2.537008e-03	1.588802e-04	1.588802e-04
2.310000e+01	2.320000e+01	2.461016e-03	1.566074e-04	1.566074e-04
2.320000e+01	2.330000e+01	2.427542e-03	1.554114e-04	1.554114e-04
2.330000e+01	2.340000e+01	2.438061e-03	1.557690e-04	1.557690e-04
2.340000e+01	2.350000e+01	2.894432e-03	1.696781e-04	1.696781e-04
2.350000e+01	2.360000e+01	2.476211e-03	1.569251e-04	1.569251e-04
2.360000e+01	2.370000e+01	2.447352e-03	1.564707e-04	1.564707e-04
2.370000e+01	2.380000e+01	2.828326e-03	1.678452e-04	1.678452e-04
2.380000e+01	2.390000e+01	2.557638e-03	1.595493e-04	1.595493e-04
2.390000e+01	2.400000e+01	2.396775e-03	1.543914e-04	1.543914e-04
2.400000e+01	2.410000e+01	2.475880e-03	1.569030e-04	1.569030e-04
2.410000e+01	2.420000e+01	2.619873e-03	1.615804e-04	1.615804e-04
2.420000e+01	2.430000e+01	2.477155e-03	1.569886e-04	1.569886e-04
2.430000e+01	2.440000e+01	2.537621e-03	1.589207e-04	1.589207e-04
2.440000e+01	2.450000e+01	2.287451e-03	1.508333e-04	1.508333e-04
2.450000e+01	2.460000e+01	2.629183e-03	1.618384e-04	1.618384e-04
2.460000e+01	2.470000e+01	2.697556e-03	1.638789e-04	1.638789e-04
2.470000e+01	2.480000e+01	2.668527e-03	1.630400e-04	1.630400e-04
2.480000e+01	2.490000e+01	2.695479e-03	1.637404e-04	1.637404e-04
2.490000e+01	2.500000e+01	2.776972e-03	1.662612e-04	1.662612e-04
2.500000e+01	2.510000e+01	2.370169e-03	1.536611e-04	1.536611e-04
2.510000e+01	2.520000e+01	2.753687e-03	1.654530e-04	1.654530e-04
2.520000e+01	2.530000e+01	2.516496e-03	1.582160e-04	1.582160e-04
2.530000e+01	2.540000e+01	2.418746e-03	1.551752e-04	1.551752e-04
2.540000e+01	2.550000e+01	2.507428e-03	1.579602e-04	1.579602e-04
2.550000e+01	2.560000e+01	2.499294e-03	1.577771e-04	1.577771e-04
2.560000e+01	2.570000e+01	2.664217e-03	1.627430e-04	1.627430e-04
2.570000e+01	2.580000e+01	2.586062e-03	1.603838e-04	1.603838e-04
2.580000e+01	2.590000e+01	2.713922e-03	1.642540e-04	1.642540e-04
2.590000e+01	2.600000e+01	2.596396e-03	1.607159e-04	1.607159e-04
2.600000e+01	2.610000e+01	2.674158e-03	1.630463e-04	1.630463e-04
2.610000e+01	2.620000e+01	2.863774e-03	1.687511e-04	1.687511e-04
2.620000e+01	2.630000e+01	2.329271e-03	1.522840e-04	1.522840e-04
2.630000e+01	2.640000e+01	2.706873e-03	1.641365e-04	1.641365e-04
2.640000e+01	2.650000e+01	2.400232e-03	1.546236e-04	1.546236e-04
2.650000e+01	2.660000e+01	2.617063e-03	1.613845e-04	1.613845e-04
2.660000e+01	2.670000e+01	2.654867e-03	1.624763e-04	1.624763e-04
2.670000e+01	2.680000e+01	2.676840e-03	1.632154e-04	1.632154e-04
2.680000e+01	2.690000e+01	2.616961e-03	1.613747e-04	1.613747e-04
2.690000e+01	2.700000e+01	2.257423e-03	1.498314e-04	1.498314e-04
2.700000e+01	2.710000e+01	2.866251e-03	1.689062e-04	1.689062e-04
2.710000e+01	2.720000e+01	2.963689e-03	1.716858e-04	1.716858e-04
2.720000e+01	2.730000e+01	2.706853e-03	1.641383e-04	1.641383e-04
2.730000e+01	2.740000e+01	2.863117e-03	1.687108e-04	1.687108e-04
2.740000e+01	2.750000e+01	2.679325e-03	1.634427e-04	1.634427e-04
2.750000e+01	2.760000e+01	2.246865e-03	1.494593e-04	1.494593e-04
2.760000e+01	2.770000e+01	2.565313e-03	1.597098e-04	1.597098e-04
2.770000e+01	2.780000e+01	2.815062e-03	1.673411e-04	1.673411e-04
2.780000e+01	2.790000e+01	2.707342e-03	1.641706e-04	1.641706e-04
2.790000e+01	2.800000e+01	2.267578e-03	1.501774e-04	1.501774e-04
2.800000e+01	2.810000e+01	2.415798e-03	1.549736e-04	1.549736e-04
2.810000e+01	2.820000e+01	2.356865e-03	1.530970e-04	1.530970e-04
2.820000e+01	2.830000e+01	2.877671e-03	1.699254e-04	1.699254e-04
2.830000e+01	2.840000e+01	2.815417e-03	1.673661e-04	1.673661e-04
2.840000e+01	2.850000e+01	2.536044e-03	1.588143e-04	1.588143e-04
2.850000e+01	2.860000e+01	2.684211e-03	1.633559e-04	1.633559e-04
2.860000e+01	2.870000e+01	2.595398e-03	1.606523e-04	1.606523e-04
2.870000e+01	2.880000e+01	2.675045e-03	1.631028e-04	1.631028e-04
2.880000e+01	2.890000e+01	2.258222e-03	1.498877e-04	1.498877e-04
2.890000e+01	2.900000e+01	2.665302e-03	1.628102e-04	1.628102e-04
2.900000e+01	2.910000e+01	2.486785e-03	1.572814e-04	1.572814e-04
2.910000e+01	2.920000e+01	2.684211e-03	1.633559e-04	1.633559e-04
2.920000e+01	2.930000e+01	2.495943e-03	1.575442e-04	1.575442e-04
2.930000e+01	2.940000e+01	2.544924e-03	1.590577e-04	1.590577e-04
2.940000e+01	2.950000e+01	2.515622e-03	1.581566e-04	1.581566e-04
2.950000e+01	2.960000e+01	2.516985e-03	1.582526e-04	1.582526e-04
2.960000e+01	2.970000e+01	2.764617e-03	1.658136e-04	1.658136e-04
2.970000e+01	2.980000e+01	2.339675e-03	1.526610e-04	1.526610e-04
2.980000e+01	2.990000e+01	2.824605e-03	1.676123e-04	1.676123e-04
2.990000e+01	3.000000e+01	2.566581e-03	1.597919e-04	1.597919e-04
# END HISTO1D

