# BEGIN PLOT
Legend=1
LogY=1
DrawOnly=//home/mogzyb/Work/Dis-2.0/ZH/Analysis.yoda/MyFSAnalysis/Phi
LegendOnly=//home/mogzyb/Work/Dis-2.0/ZH/Analysis.yoda/MyFSAnalysis/Phi
# END PLOT

# BEGIN HISTO1D //home/mogzyb/Work/Dis-2.0/ZH/Analysis.yoda/MyFSAnalysis/Phi
LineColor=red
LineStyle=solid
Path=//home/mogzyb/Work/Dis-2.0/ZH/Analysis.yoda/MyFSAnalysis/Phi
ScaledBy=1.00000000000000000e+00
Title=Analysis
# xlow	 xhigh	 val	 errminus	 errplus
0.000000e+00	6.283185e-02	0.000000e+00	0.000000e+00	0.000000e+00
6.283185e-02	1.256637e-01	0.000000e+00	0.000000e+00	0.000000e+00
1.256637e-01	1.884956e-01	0.000000e+00	0.000000e+00	0.000000e+00
1.884956e-01	2.513274e-01	0.000000e+00	0.000000e+00	0.000000e+00
2.513274e-01	3.141593e-01	0.000000e+00	0.000000e+00	0.000000e+00
3.141593e-01	3.769911e-01	0.000000e+00	0.000000e+00	0.000000e+00
3.769911e-01	4.398230e-01	0.000000e+00	0.000000e+00	0.000000e+00
4.398230e-01	5.026548e-01	0.000000e+00	0.000000e+00	0.000000e+00
5.026548e-01	5.654867e-01	0.000000e+00	0.000000e+00	0.000000e+00
5.654867e-01	6.283185e-01	0.000000e+00	0.000000e+00	0.000000e+00
6.283185e-01	6.911504e-01	0.000000e+00	0.000000e+00	0.000000e+00
6.911504e-01	7.539822e-01	0.000000e+00	0.000000e+00	0.000000e+00
7.539822e-01	8.168141e-01	0.000000e+00	0.000000e+00	0.000000e+00
8.168141e-01	8.796459e-01	0.000000e+00	0.000000e+00	0.000000e+00
8.796459e-01	9.424778e-01	0.000000e+00	0.000000e+00	0.000000e+00
9.424778e-01	1.005310e+00	0.000000e+00	0.000000e+00	0.000000e+00
1.005310e+00	1.068142e+00	0.000000e+00	0.000000e+00	0.000000e+00
1.068142e+00	1.130973e+00	0.000000e+00	0.000000e+00	0.000000e+00
1.130973e+00	1.193805e+00	0.000000e+00	0.000000e+00	0.000000e+00
1.193805e+00	1.256637e+00	0.000000e+00	0.000000e+00	0.000000e+00
1.256637e+00	1.319469e+00	0.000000e+00	0.000000e+00	0.000000e+00
1.319469e+00	1.382301e+00	0.000000e+00	0.000000e+00	0.000000e+00
1.382301e+00	1.445133e+00	0.000000e+00	0.000000e+00	0.000000e+00
1.445133e+00	1.507964e+00	0.000000e+00	0.000000e+00	0.000000e+00
1.507964e+00	1.570796e+00	0.000000e+00	0.000000e+00	0.000000e+00
1.570796e+00	1.633628e+00	0.000000e+00	0.000000e+00	0.000000e+00
1.633628e+00	1.696460e+00	0.000000e+00	0.000000e+00	0.000000e+00
1.696460e+00	1.759292e+00	0.000000e+00	0.000000e+00	0.000000e+00
1.759292e+00	1.822124e+00	0.000000e+00	0.000000e+00	0.000000e+00
1.822124e+00	1.884956e+00	0.000000e+00	0.000000e+00	0.000000e+00
1.884956e+00	1.947787e+00	0.000000e+00	0.000000e+00	0.000000e+00
1.947787e+00	2.010619e+00	0.000000e+00	0.000000e+00	0.000000e+00
2.010619e+00	2.073451e+00	0.000000e+00	0.000000e+00	0.000000e+00
2.073451e+00	2.136283e+00	0.000000e+00	0.000000e+00	0.000000e+00
2.136283e+00	2.199115e+00	0.000000e+00	0.000000e+00	0.000000e+00
2.199115e+00	2.261947e+00	0.000000e+00	0.000000e+00	0.000000e+00
2.261947e+00	2.324779e+00	0.000000e+00	0.000000e+00	0.000000e+00
2.324779e+00	2.387610e+00	0.000000e+00	0.000000e+00	0.000000e+00
2.387610e+00	2.450442e+00	0.000000e+00	0.000000e+00	0.000000e+00
2.450442e+00	2.513274e+00	0.000000e+00	0.000000e+00	0.000000e+00
2.513274e+00	2.576106e+00	0.000000e+00	0.000000e+00	0.000000e+00
2.576106e+00	2.638938e+00	0.000000e+00	0.000000e+00	0.000000e+00
2.638938e+00	2.701770e+00	0.000000e+00	0.000000e+00	0.000000e+00
2.701770e+00	2.764602e+00	0.000000e+00	0.000000e+00	0.000000e+00
2.764602e+00	2.827433e+00	0.000000e+00	0.000000e+00	0.000000e+00
2.827433e+00	2.890265e+00	0.000000e+00	0.000000e+00	0.000000e+00
2.890265e+00	2.953097e+00	0.000000e+00	0.000000e+00	0.000000e+00
2.953097e+00	3.015929e+00	0.000000e+00	0.000000e+00	0.000000e+00
3.015929e+00	3.078761e+00	0.000000e+00	0.000000e+00	0.000000e+00
3.078761e+00	3.141593e+00	0.000000e+00	0.000000e+00	0.000000e+00
3.141593e+00	3.204425e+00	0.000000e+00	0.000000e+00	0.000000e+00
3.204425e+00	3.267256e+00	0.000000e+00	0.000000e+00	0.000000e+00
3.267256e+00	3.330088e+00	0.000000e+00	0.000000e+00	0.000000e+00
3.330088e+00	3.392920e+00	0.000000e+00	0.000000e+00	0.000000e+00
3.392920e+00	3.455752e+00	0.000000e+00	0.000000e+00	0.000000e+00
3.455752e+00	3.518584e+00	0.000000e+00	0.000000e+00	0.000000e+00
3.518584e+00	3.581416e+00	0.000000e+00	0.000000e+00	0.000000e+00
3.581416e+00	3.644247e+00	0.000000e+00	0.000000e+00	0.000000e+00
3.644247e+00	3.707079e+00	0.000000e+00	0.000000e+00	0.000000e+00
3.707079e+00	3.769911e+00	0.000000e+00	0.000000e+00	0.000000e+00
3.769911e+00	3.832743e+00	0.000000e+00	0.000000e+00	0.000000e+00
3.832743e+00	3.895575e+00	0.000000e+00	0.000000e+00	0.000000e+00
3.895575e+00	3.958407e+00	0.000000e+00	0.000000e+00	0.000000e+00
3.958407e+00	4.021239e+00	0.000000e+00	0.000000e+00	0.000000e+00
4.021239e+00	4.084070e+00	0.000000e+00	0.000000e+00	0.000000e+00
4.084070e+00	4.146902e+00	0.000000e+00	0.000000e+00	0.000000e+00
4.146902e+00	4.209734e+00	0.000000e+00	0.000000e+00	0.000000e+00
4.209734e+00	4.272566e+00	0.000000e+00	0.000000e+00	0.000000e+00
4.272566e+00	4.335398e+00	0.000000e+00	0.000000e+00	0.000000e+00
4.335398e+00	4.398230e+00	0.000000e+00	0.000000e+00	0.000000e+00
4.398230e+00	4.461062e+00	0.000000e+00	0.000000e+00	0.000000e+00
4.461062e+00	4.523893e+00	0.000000e+00	0.000000e+00	0.000000e+00
4.523893e+00	4.586725e+00	0.000000e+00	0.000000e+00	0.000000e+00
4.586725e+00	4.649557e+00	0.000000e+00	0.000000e+00	0.000000e+00
4.649557e+00	4.712389e+00	0.000000e+00	0.000000e+00	0.000000e+00
4.712389e+00	4.775221e+00	0.000000e+00	0.000000e+00	0.000000e+00
4.775221e+00	4.838053e+00	0.000000e+00	0.000000e+00	0.000000e+00
4.838053e+00	4.900885e+00	0.000000e+00	0.000000e+00	0.000000e+00
4.900885e+00	4.963716e+00	0.000000e+00	0.000000e+00	0.000000e+00
4.963716e+00	5.026548e+00	0.000000e+00	0.000000e+00	0.000000e+00
5.026548e+00	5.089380e+00	0.000000e+00	0.000000e+00	0.000000e+00
5.089380e+00	5.152212e+00	0.000000e+00	0.000000e+00	0.000000e+00
5.152212e+00	5.215044e+00	0.000000e+00	0.000000e+00	0.000000e+00
5.215044e+00	5.277876e+00	0.000000e+00	0.000000e+00	0.000000e+00
5.277876e+00	5.340708e+00	0.000000e+00	0.000000e+00	0.000000e+00
5.340708e+00	5.403539e+00	0.000000e+00	0.000000e+00	0.000000e+00
5.403539e+00	5.466371e+00	0.000000e+00	0.000000e+00	0.000000e+00
5.466371e+00	5.529203e+00	0.000000e+00	0.000000e+00	0.000000e+00
5.529203e+00	5.592035e+00	0.000000e+00	0.000000e+00	0.000000e+00
5.592035e+00	5.654867e+00	0.000000e+00	0.000000e+00	0.000000e+00
5.654867e+00	5.717699e+00	0.000000e+00	0.000000e+00	0.000000e+00
5.717699e+00	5.780530e+00	0.000000e+00	0.000000e+00	0.000000e+00
5.780530e+00	5.843362e+00	0.000000e+00	0.000000e+00	0.000000e+00
5.843362e+00	5.906194e+00	0.000000e+00	0.000000e+00	0.000000e+00
5.906194e+00	5.969026e+00	0.000000e+00	0.000000e+00	0.000000e+00
5.969026e+00	6.031858e+00	0.000000e+00	0.000000e+00	0.000000e+00
6.031858e+00	6.094690e+00	0.000000e+00	0.000000e+00	0.000000e+00
6.094690e+00	6.157522e+00	0.000000e+00	0.000000e+00	0.000000e+00
6.157522e+00	6.220353e+00	0.000000e+00	0.000000e+00	0.000000e+00
6.220353e+00	6.283185e+00	0.000000e+00	0.000000e+00	0.000000e+00
# END HISTO1D

