# BEGIN PLOT
Legend=1
LogY=1
DrawOnly=//mt/home/mbridge/Work/MyHiggsstrahlungV2/tmp/Analysisbgwzc.yoda/MyFSAnalysis/EtaSumEt //mt/home/mbridge/Work/MyHiggsstrahlungV2/tmp/Analysisbg.yoda/MyFSAnalysis/EtaSumEt //mt/home/mbridge/Work/MyHiggsstrahlungV2/tmp/Analysisb.yoda/MyFSAnalysis/EtaSumEt
LegendOnly=//mt/home/mbridge/Work/MyHiggsstrahlungV2/tmp/Analysisbgwzc.yoda/MyFSAnalysis/EtaSumEt //mt/home/mbridge/Work/MyHiggsstrahlungV2/tmp/Analysisbg.yoda/MyFSAnalysis/EtaSumEt //mt/home/mbridge/Work/MyHiggsstrahlungV2/tmp/Analysisb.yoda/MyFSAnalysis/EtaSumEt
RatioPlot=1
RatioPlotReference=//mt/home/mbridge/Work/MyHiggsstrahlungV2/tmp/Analysisbgwzc.yoda/MyFSAnalysis/EtaSumEt
RatioPlotYLabel=Ratio
# END PLOT

# BEGIN HISTO1D //mt/home/mbridge/Work/MyHiggsstrahlungV2/tmp/Analysisbgwzc.yoda/MyFSAnalysis/EtaSumEt
LineColor=red
LineStyle=solid
Path=//mt/home/mbridge/Work/MyHiggsstrahlungV2/tmp/Analysisbgwzc.yoda/MyFSAnalysis/EtaSumEt
Title=Analysisbgwzc
# xlow	 xhigh	 val	 errminus	 errplus
0.000000e+00	5.000000e-02	2.350452e+00	2.360226e-03	2.360226e-03
5.000000e-02	1.000000e-01	2.346446e+00	2.359651e-03	2.359651e-03
1.000000e-01	1.500000e-01	2.332453e+00	2.361137e-03	2.361137e-03
1.500000e-01	2.000000e-01	2.318194e+00	2.362565e-03	2.362565e-03
2.000000e-01	2.500000e-01	2.297790e+00	2.363737e-03	2.363737e-03
2.500000e-01	3.000000e-01	2.269329e+00	2.359200e-03	2.359200e-03
3.000000e-01	3.500000e-01	2.236444e+00	2.359000e-03	2.359000e-03
3.500000e-01	4.000000e-01	2.197575e+00	2.355471e-03	2.355471e-03
4.000000e-01	4.500000e-01	2.156311e+00	2.354725e-03	2.354725e-03
4.500000e-01	5.000000e-01	2.108976e+00	2.353690e-03	2.353690e-03
5.000000e-01	5.500000e-01	2.062642e+00	2.358987e-03	2.358987e-03
5.500000e-01	6.000000e-01	2.008164e+00	2.356320e-03	2.356320e-03
6.000000e-01	6.500000e-01	1.959774e+00	2.359338e-03	2.359338e-03
6.500000e-01	7.000000e-01	1.898403e+00	2.346984e-03	2.346984e-03
7.000000e-01	7.500000e-01	1.841355e+00	2.347468e-03	2.347468e-03
7.500000e-01	8.000000e-01	1.785603e+00	2.357162e-03	2.357162e-03
8.000000e-01	8.500000e-01	1.727766e+00	2.352992e-03	2.352992e-03
8.500000e-01	9.000000e-01	1.667581e+00	2.353835e-03	2.353835e-03
9.000000e-01	9.500000e-01	1.609590e+00	2.346204e-03	2.346204e-03
9.500000e-01	1.000000e+00	1.548694e+00	2.343702e-03	2.343702e-03
1.000000e+00	1.050000e+00	1.489258e+00	2.341804e-03	2.341804e-03
1.050000e+00	1.100000e+00	1.431881e+00	2.347532e-03	2.347532e-03
1.100000e+00	1.150000e+00	1.375487e+00	2.351253e-03	2.351253e-03
1.150000e+00	1.200000e+00	1.317567e+00	2.345146e-03	2.345146e-03
1.200000e+00	1.250000e+00	1.271523e+00	2.367611e-03	2.367611e-03
1.250000e+00	1.300000e+00	1.218554e+00	2.368078e-03	2.368078e-03
1.300000e+00	1.350000e+00	1.166802e+00	2.359565e-03	2.359565e-03
1.350000e+00	1.400000e+00	1.112826e+00	2.348541e-03	2.348541e-03
1.400000e+00	1.450000e+00	1.063125e+00	2.338200e-03	2.338200e-03
1.450000e+00	1.500000e+00	1.013645e+00	2.327409e-03	2.327409e-03
1.500000e+00	1.550000e+00	9.721383e-01	2.344000e-03	2.344000e-03
1.550000e+00	1.600000e+00	9.326350e-01	2.357012e-03	2.357012e-03
1.600000e+00	1.650000e+00	8.872932e-01	2.343985e-03	2.343985e-03
1.650000e+00	1.700000e+00	8.477315e-01	2.347981e-03	2.347981e-03
1.700000e+00	1.750000e+00	8.118109e-01	2.358105e-03	2.358105e-03
1.750000e+00	1.800000e+00	7.698038e-01	2.346881e-03	2.346881e-03
1.800000e+00	1.850000e+00	7.390503e-01	2.366003e-03	2.366003e-03
1.850000e+00	1.900000e+00	7.017134e-01	2.350458e-03	2.350458e-03
1.900000e+00	1.950000e+00	6.703149e-01	2.345886e-03	2.345886e-03
1.950000e+00	2.000000e+00	6.367213e-01	2.353945e-03	2.353945e-03
2.000000e+00	2.050000e+00	6.075613e-01	2.346344e-03	2.346344e-03
2.050000e+00	2.100000e+00	5.767275e-01	2.348818e-03	2.348818e-03
2.100000e+00	2.150000e+00	5.498486e-01	2.356508e-03	2.356508e-03
2.150000e+00	2.200000e+00	5.238746e-01	2.336095e-03	2.336095e-03
2.200000e+00	2.250000e+00	5.034049e-01	2.372231e-03	2.372231e-03
2.250000e+00	2.300000e+00	4.806698e-01	2.380758e-03	2.380758e-03
2.300000e+00	2.350000e+00	4.507045e-01	2.353616e-03	2.353616e-03
2.350000e+00	2.400000e+00	4.324261e-01	2.331142e-03	2.331142e-03
2.400000e+00	2.450000e+00	4.116724e-01	2.349429e-03	2.349429e-03
2.450000e+00	2.500000e+00	3.891768e-01	2.340777e-03	2.340777e-03
2.500000e+00	2.550000e+00	3.779627e-01	2.408160e-03	2.408160e-03
2.550000e+00	2.600000e+00	3.589057e-01	2.397337e-03	2.397337e-03
2.600000e+00	2.650000e+00	3.369374e-01	2.370653e-03	2.370653e-03
2.650000e+00	2.700000e+00	3.220351e-01	2.356021e-03	2.356021e-03
2.700000e+00	2.750000e+00	3.057420e-01	2.346601e-03	2.346601e-03
2.750000e+00	2.800000e+00	2.920401e-01	2.362204e-03	2.362204e-03
2.800000e+00	2.850000e+00	2.754281e-01	2.328302e-03	2.328302e-03
2.850000e+00	2.900000e+00	2.633435e-01	2.329190e-03	2.329190e-03
2.900000e+00	2.950000e+00	2.478415e-01	2.324869e-03	2.324869e-03
2.950000e+00	3.000000e+00	2.373864e-01	2.369843e-03	2.369843e-03
3.000000e+00	3.050000e+00	2.271614e-01	2.407233e-03	2.407233e-03
3.050000e+00	3.100000e+00	2.136979e-01	2.330064e-03	2.330064e-03
3.100000e+00	3.150000e+00	2.082691e-01	2.415733e-03	2.415733e-03
3.150000e+00	3.200000e+00	1.959390e-01	2.312739e-03	2.312739e-03
3.200000e+00	3.250000e+00	1.884977e-01	2.401798e-03	2.401798e-03
3.250000e+00	3.300000e+00	1.751865e-01	2.332928e-03	2.332928e-03
3.300000e+00	3.350000e+00	1.684140e-01	2.380456e-03	2.380456e-03
3.350000e+00	3.400000e+00	1.623639e-01	2.357192e-03	2.357192e-03
3.400000e+00	3.450000e+00	1.499266e-01	2.330684e-03	2.330684e-03
3.450000e+00	3.500000e+00	1.461861e-01	2.319546e-03	2.319546e-03
3.500000e+00	3.550000e+00	1.355529e-01	2.300865e-03	2.300865e-03
3.550000e+00	3.600000e+00	1.363061e-01	2.433389e-03	2.433389e-03
3.600000e+00	3.650000e+00	1.245768e-01	2.251508e-03	2.251508e-03
3.650000e+00	3.700000e+00	1.210108e-01	2.451893e-03	2.451893e-03
3.700000e+00	3.750000e+00	1.114234e-01	2.285055e-03	2.285055e-03
3.750000e+00	3.800000e+00	1.070289e-01	2.295469e-03	2.295469e-03
3.800000e+00	3.850000e+00	1.014775e-01	2.402569e-03	2.402569e-03
3.850000e+00	3.900000e+00	1.004896e-01	2.333695e-03	2.333695e-03
3.900000e+00	3.950000e+00	9.129520e-02	2.308741e-03	2.308741e-03
3.950000e+00	4.000000e+00	8.647427e-02	2.210876e-03	2.210876e-03
4.000000e+00	4.050000e+00	8.334152e-02	2.229832e-03	2.229832e-03
4.050000e+00	4.100000e+00	7.560656e-02	2.188132e-03	2.188132e-03
4.100000e+00	4.150000e+00	7.865981e-02	2.490760e-03	2.490760e-03
4.150000e+00	4.200000e+00	7.175124e-02	2.321249e-03	2.321249e-03
4.200000e+00	4.250000e+00	6.752800e-02	2.311120e-03	2.311120e-03
4.250000e+00	4.300000e+00	6.919517e-02	2.635861e-03	2.635861e-03
4.300000e+00	4.350000e+00	6.041484e-02	2.314810e-03	2.314810e-03
4.350000e+00	4.400000e+00	5.644979e-02	2.082899e-03	2.082899e-03
4.400000e+00	4.450000e+00	5.223688e-02	1.988735e-03	1.988735e-03
4.450000e+00	4.500000e+00	4.959841e-02	2.005149e-03	2.005149e-03
4.500000e+00	4.550000e+00	4.976421e-02	2.491932e-03	2.491932e-03
4.550000e+00	4.600000e+00	4.528790e-02	2.105565e-03	2.105565e-03
4.600000e+00	4.650000e+00	4.525012e-02	2.553053e-03	2.553053e-03
4.650000e+00	4.700000e+00	3.987080e-02	2.166325e-03	2.166325e-03
4.700000e+00	4.750000e+00	4.146087e-02	2.326854e-03	2.326854e-03
4.750000e+00	4.800000e+00	4.233602e-02	2.513636e-03	2.513636e-03
4.800000e+00	4.850000e+00	3.720070e-02	2.081024e-03	2.081024e-03
4.850000e+00	4.900000e+00	3.534696e-02	2.204728e-03	2.204728e-03
4.900000e+00	4.950000e+00	3.479510e-02	2.286226e-03	2.286226e-03
4.950000e+00	5.000000e+00	3.244966e-02	2.325170e-03	2.325170e-03
# END HISTO1D


# BEGIN HISTO1D //mt/home/mbridge/Work/MyHiggsstrahlungV2/tmp/Analysisbg.yoda/MyFSAnalysis/EtaSumEt
LineColor=blue
LineStyle=solid
Path=//mt/home/mbridge/Work/MyHiggsstrahlungV2/tmp/Analysisbg.yoda/MyFSAnalysis/EtaSumEt
Title=Analysisbg
# xlow	 xhigh	 val	 errminus	 errplus
0.000000e+00	5.000000e-02	2.409055e+00	2.414205e-03	2.414205e-03
5.000000e-02	1.000000e-01	2.406538e+00	2.415751e-03	2.415751e-03
1.000000e-01	1.500000e-01	2.389175e+00	2.407435e-03	2.407435e-03
1.500000e-01	2.000000e-01	2.372070e+00	2.411932e-03	2.411932e-03
2.000000e-01	2.500000e-01	2.351641e+00	2.413911e-03	2.413911e-03
2.500000e-01	3.000000e-01	2.323911e+00	2.411090e-03	2.411090e-03
3.000000e-01	3.500000e-01	2.289610e+00	2.415528e-03	2.415528e-03
3.500000e-01	4.000000e-01	2.243448e+00	2.400807e-03	2.400807e-03
4.000000e-01	4.500000e-01	2.203936e+00	2.407447e-03	2.407447e-03
4.500000e-01	5.000000e-01	2.157774e+00	2.413400e-03	2.413400e-03
5.000000e-01	5.500000e-01	2.104771e+00	2.403114e-03	2.403114e-03
5.500000e-01	6.000000e-01	2.048396e+00	2.398347e-03	2.398347e-03
6.000000e-01	6.500000e-01	1.996411e+00	2.402827e-03	2.402827e-03
6.500000e-01	7.000000e-01	1.946353e+00	2.413350e-03	2.413350e-03
7.000000e-01	7.500000e-01	1.885606e+00	2.406367e-03	2.406367e-03
7.500000e-01	8.000000e-01	1.820775e+00	2.404550e-03	2.404550e-03
8.000000e-01	8.500000e-01	1.764497e+00	2.406873e-03	2.406873e-03
8.500000e-01	9.000000e-01	1.704055e+00	2.404676e-03	2.404676e-03
9.000000e-01	9.500000e-01	1.643162e+00	2.400561e-03	2.400561e-03
9.500000e-01	1.000000e+00	1.583719e+00	2.405731e-03	2.405731e-03
1.000000e+00	1.050000e+00	1.523264e+00	2.399506e-03	2.399506e-03
1.050000e+00	1.100000e+00	1.468955e+00	2.416761e-03	2.416761e-03
1.100000e+00	1.150000e+00	1.410306e+00	2.410727e-03	2.410727e-03
1.150000e+00	1.200000e+00	1.354678e+00	2.421155e-03	2.421155e-03
1.200000e+00	1.250000e+00	1.291475e+00	2.394246e-03	2.394246e-03
1.250000e+00	1.300000e+00	1.240495e+00	2.398238e-03	2.398238e-03
1.300000e+00	1.350000e+00	1.188129e+00	2.402073e-03	2.402073e-03
1.350000e+00	1.400000e+00	1.138069e+00	2.400820e-03	2.400820e-03
1.400000e+00	1.450000e+00	1.090186e+00	2.398006e-03	2.398006e-03
1.450000e+00	1.500000e+00	1.042434e+00	2.401461e-03	2.401461e-03
1.500000e+00	1.550000e+00	9.943768e-01	2.399218e-03	2.399218e-03
1.550000e+00	1.600000e+00	9.508086e-01	2.399746e-03	2.399746e-03
1.600000e+00	1.650000e+00	9.028670e-01	2.384259e-03	2.384259e-03
1.650000e+00	1.700000e+00	8.671537e-01	2.407872e-03	2.407872e-03
1.700000e+00	1.750000e+00	8.268979e-01	2.391797e-03	2.391797e-03
1.750000e+00	1.800000e+00	7.888400e-01	2.405695e-03	2.405695e-03
1.800000e+00	1.850000e+00	7.509972e-01	2.406825e-03	2.406825e-03
1.850000e+00	1.900000e+00	7.150678e-01	2.401592e-03	2.401592e-03
1.900000e+00	1.950000e+00	6.806423e-01	2.402837e-03	2.402837e-03
1.950000e+00	2.000000e+00	6.548966e-01	2.420884e-03	2.420884e-03
2.000000e+00	2.050000e+00	6.176985e-01	2.384737e-03	2.384737e-03
2.050000e+00	2.100000e+00	5.953421e-01	2.419502e-03	2.419502e-03
2.100000e+00	2.150000e+00	5.634472e-01	2.394624e-03	2.394624e-03
2.150000e+00	2.200000e+00	5.346992e-01	2.395288e-03	2.395288e-03
2.200000e+00	2.250000e+00	5.112961e-01	2.396924e-03	2.396924e-03
2.250000e+00	2.300000e+00	4.865990e-01	2.382876e-03	2.382876e-03
2.300000e+00	2.350000e+00	4.622653e-01	2.379551e-03	2.379551e-03
2.350000e+00	2.400000e+00	4.433512e-01	2.414197e-03	2.414197e-03
2.400000e+00	2.450000e+00	4.200216e-01	2.417976e-03	2.417976e-03
2.450000e+00	2.500000e+00	3.977225e-01	2.429054e-03	2.429054e-03
2.500000e+00	2.550000e+00	3.813680e-01	2.425352e-03	2.425352e-03
2.550000e+00	2.600000e+00	3.632389e-01	2.395537e-03	2.395537e-03
2.600000e+00	2.650000e+00	3.493130e-01	2.458165e-03	2.458165e-03
2.650000e+00	2.700000e+00	3.262174e-01	2.364737e-03	2.364737e-03
2.700000e+00	2.750000e+00	3.117194e-01	2.421623e-03	2.421623e-03
2.750000e+00	2.800000e+00	2.983160e-01	2.403394e-03	2.403394e-03
2.800000e+00	2.850000e+00	2.855653e-01	2.400449e-03	2.400449e-03
2.850000e+00	2.900000e+00	2.700577e-01	2.401923e-03	2.401923e-03
2.900000e+00	2.950000e+00	2.572360e-01	2.440388e-03	2.440388e-03
2.950000e+00	3.000000e+00	2.460080e-01	2.435785e-03	2.435785e-03
3.000000e+00	3.050000e+00	2.298264e-01	2.361475e-03	2.361475e-03
3.050000e+00	3.100000e+00	2.157126e-01	2.316980e-03	2.316980e-03
3.100000e+00	3.150000e+00	2.110005e-01	2.419971e-03	2.419971e-03
3.150000e+00	3.200000e+00	2.011907e-01	2.428550e-03	2.428550e-03
3.200000e+00	3.250000e+00	1.878620e-01	2.418371e-03	2.418371e-03
3.250000e+00	3.300000e+00	1.810781e-01	2.354175e-03	2.354175e-03
3.300000e+00	3.350000e+00	1.709293e-01	2.442449e-03	2.442449e-03
3.350000e+00	3.400000e+00	1.613334e-01	2.389336e-03	2.389336e-03
3.400000e+00	3.450000e+00	1.552034e-01	2.395334e-03	2.395334e-03
3.450000e+00	3.500000e+00	1.462582e-01	2.374221e-03	2.374221e-03
3.500000e+00	3.550000e+00	1.439490e-01	2.405727e-03	2.405727e-03
3.550000e+00	3.600000e+00	1.337545e-01	2.407145e-03	2.407145e-03
3.600000e+00	3.650000e+00	1.295793e-01	2.480629e-03	2.480629e-03
3.650000e+00	3.700000e+00	1.238655e-01	2.449637e-03	2.449637e-03
3.700000e+00	3.750000e+00	1.135699e-01	2.353066e-03	2.353066e-03
3.750000e+00	3.800000e+00	1.103005e-01	2.386272e-03	2.386272e-03
3.800000e+00	3.850000e+00	1.062708e-01	2.341475e-03	2.341475e-03
3.850000e+00	3.900000e+00	9.560050e-02	2.433276e-03	2.433276e-03
3.900000e+00	3.950000e+00	9.327009e-02	2.406747e-03	2.406747e-03
3.950000e+00	4.000000e+00	8.666136e-02	2.253055e-03	2.253055e-03
4.000000e+00	4.050000e+00	8.227214e-02	2.362119e-03	2.362119e-03
4.050000e+00	4.100000e+00	7.958959e-02	2.465922e-03	2.465922e-03
4.100000e+00	4.150000e+00	7.938464e-02	2.430153e-03	2.430153e-03
4.150000e+00	4.200000e+00	7.417906e-02	2.391429e-03	2.391429e-03
4.200000e+00	4.250000e+00	6.862139e-02	2.270103e-03	2.270103e-03
4.250000e+00	4.300000e+00	6.753304e-02	2.510738e-03	2.510738e-03
4.300000e+00	4.350000e+00	6.518592e-02	2.364445e-03	2.364445e-03
4.350000e+00	4.400000e+00	6.440649e-02	2.560901e-03	2.560901e-03
4.400000e+00	4.450000e+00	5.567528e-02	2.333547e-03	2.333547e-03
4.450000e+00	4.500000e+00	5.602309e-02	2.489165e-03	2.489165e-03
4.500000e+00	4.550000e+00	5.239956e-02	2.349939e-03	2.349939e-03
4.550000e+00	4.600000e+00	4.965636e-02	2.546644e-03	2.546644e-03
4.600000e+00	4.650000e+00	5.227681e-02	2.815836e-03	2.815836e-03
4.650000e+00	4.700000e+00	4.557454e-02	2.543547e-03	2.543547e-03
4.700000e+00	4.750000e+00	4.069163e-02	2.274067e-03	2.274067e-03
4.750000e+00	4.800000e+00	3.950294e-02	2.070971e-03	2.070971e-03
4.800000e+00	4.850000e+00	3.502965e-02	2.215740e-03	2.215740e-03
4.850000e+00	4.900000e+00	3.935644e-02	2.548104e-03	2.548104e-03
4.900000e+00	4.950000e+00	3.804091e-02	2.701940e-03	2.701940e-03
4.950000e+00	5.000000e+00	2.983542e-02	2.015938e-03	2.015938e-03
# END HISTO1D


# BEGIN HISTO1D //mt/home/mbridge/Work/MyHiggsstrahlungV2/tmp/Analysisb.yoda/MyFSAnalysis/EtaSumEt
LineColor=green
LineStyle=solid
Path=//mt/home/mbridge/Work/MyHiggsstrahlungV2/tmp/Analysisb.yoda/MyFSAnalysis/EtaSumEt
Title=Analysisb
# xlow	 xhigh	 val	 errminus	 errplus
0.000000e+00	5.000000e-02	2.521184e+00	2.555765e-03	2.555765e-03
5.000000e-02	1.000000e-01	2.517516e+00	2.558834e-03	2.558834e-03
1.000000e-01	1.500000e-01	2.503808e+00	2.558710e-03	2.558710e-03
1.500000e-01	2.000000e-01	2.478567e+00	2.551639e-03	2.551639e-03
2.000000e-01	2.500000e-01	2.454257e+00	2.552567e-03	2.552567e-03
2.500000e-01	3.000000e-01	2.427850e+00	2.556795e-03	2.556795e-03
3.000000e-01	3.500000e-01	2.387498e+00	2.554293e-03	2.554293e-03
3.500000e-01	4.000000e-01	2.346179e+00	2.550076e-03	2.550076e-03
4.000000e-01	4.500000e-01	2.305408e+00	2.551907e-03	2.551907e-03
4.500000e-01	5.000000e-01	2.263066e+00	2.562063e-03	2.562063e-03
5.000000e-01	5.500000e-01	2.208379e+00	2.559586e-03	2.559586e-03
5.500000e-01	6.000000e-01	2.144564e+00	2.540586e-03	2.540586e-03
6.000000e-01	6.500000e-01	2.089696e+00	2.553606e-03	2.553606e-03
6.500000e-01	7.000000e-01	2.031022e+00	2.548558e-03	2.548558e-03
7.000000e-01	7.500000e-01	1.966505e+00	2.548698e-03	2.548698e-03
7.500000e-01	8.000000e-01	1.908633e+00	2.547968e-03	2.547968e-03
8.000000e-01	8.500000e-01	1.845787e+00	2.551412e-03	2.551412e-03
8.500000e-01	9.000000e-01	1.785634e+00	2.559782e-03	2.559782e-03
9.000000e-01	9.500000e-01	1.727421e+00	2.558883e-03	2.558883e-03
9.500000e-01	1.000000e+00	1.659836e+00	2.549645e-03	2.549645e-03
1.000000e+00	1.050000e+00	1.589141e+00	2.538479e-03	2.538479e-03
1.050000e+00	1.100000e+00	1.535379e+00	2.558855e-03	2.558855e-03
1.100000e+00	1.150000e+00	1.471789e+00	2.547470e-03	2.547470e-03
1.150000e+00	1.200000e+00	1.413852e+00	2.546373e-03	2.546373e-03
1.200000e+00	1.250000e+00	1.356093e+00	2.552692e-03	2.552692e-03
1.250000e+00	1.300000e+00	1.304239e+00	2.556495e-03	2.556495e-03
1.300000e+00	1.350000e+00	1.242175e+00	2.541400e-03	2.541400e-03
1.350000e+00	1.400000e+00	1.191905e+00	2.545209e-03	2.545209e-03
1.400000e+00	1.450000e+00	1.141646e+00	2.551030e-03	2.551030e-03
1.450000e+00	1.500000e+00	1.091232e+00	2.551703e-03	2.551703e-03
1.500000e+00	1.550000e+00	1.042691e+00	2.564195e-03	2.564195e-03
1.550000e+00	1.600000e+00	9.880383e-01	2.525678e-03	2.525678e-03
1.600000e+00	1.650000e+00	9.461624e-01	2.542618e-03	2.542618e-03
1.650000e+00	1.700000e+00	8.994874e-01	2.521686e-03	2.521686e-03
1.700000e+00	1.750000e+00	8.641955e-01	2.545271e-03	2.545271e-03
1.750000e+00	1.800000e+00	8.277821e-01	2.563021e-03	2.563021e-03
1.800000e+00	1.850000e+00	7.844525e-01	2.535452e-03	2.535452e-03
1.850000e+00	1.900000e+00	7.489688e-01	2.538381e-03	2.538381e-03
1.900000e+00	1.950000e+00	7.147082e-01	2.528316e-03	2.528316e-03
1.950000e+00	2.000000e+00	6.808240e-01	2.544427e-03	2.544427e-03
2.000000e+00	2.050000e+00	6.480129e-01	2.545474e-03	2.545474e-03
2.050000e+00	2.100000e+00	6.214905e-01	2.558681e-03	2.558681e-03
2.100000e+00	2.150000e+00	5.877393e-01	2.533330e-03	2.533330e-03
2.150000e+00	2.200000e+00	5.629871e-01	2.534138e-03	2.534138e-03
2.200000e+00	2.250000e+00	5.388150e-01	2.556509e-03	2.556509e-03
2.250000e+00	2.300000e+00	5.153589e-01	2.578774e-03	2.578774e-03
2.300000e+00	2.350000e+00	4.840217e-01	2.527557e-03	2.527557e-03
2.350000e+00	2.400000e+00	4.631193e-01	2.572146e-03	2.572146e-03
2.400000e+00	2.450000e+00	4.407654e-01	2.552503e-03	2.552503e-03
2.450000e+00	2.500000e+00	4.167621e-01	2.517372e-03	2.517372e-03
2.500000e+00	2.550000e+00	3.988400e-01	2.568770e-03	2.568770e-03
2.550000e+00	2.600000e+00	3.749912e-01	2.495427e-03	2.495427e-03
2.600000e+00	2.650000e+00	3.658159e-01	2.559959e-03	2.559959e-03
2.650000e+00	2.700000e+00	3.441389e-01	2.543840e-03	2.543840e-03
2.700000e+00	2.750000e+00	3.255026e-01	2.523959e-03	2.523959e-03
2.750000e+00	2.800000e+00	3.165325e-01	2.613922e-03	2.613922e-03
2.800000e+00	2.850000e+00	3.009784e-01	2.598739e-03	2.598739e-03
2.850000e+00	2.900000e+00	2.793156e-01	2.537009e-03	2.537009e-03
2.900000e+00	2.950000e+00	2.690976e-01	2.544013e-03	2.544013e-03
2.950000e+00	3.000000e+00	2.532907e-01	2.469035e-03	2.469035e-03
3.000000e+00	3.050000e+00	2.399008e-01	2.537605e-03	2.537605e-03
3.050000e+00	3.100000e+00	2.316768e-01	2.558227e-03	2.558227e-03
3.100000e+00	3.150000e+00	2.209244e-01	2.568213e-03	2.568213e-03
3.150000e+00	3.200000e+00	2.036551e-01	2.452512e-03	2.452512e-03
3.200000e+00	3.250000e+00	1.932845e-01	2.456338e-03	2.456338e-03
3.250000e+00	3.300000e+00	1.886948e-01	2.572667e-03	2.572667e-03
3.300000e+00	3.350000e+00	1.831941e-01	2.586567e-03	2.586567e-03
3.350000e+00	3.400000e+00	1.721615e-01	2.571938e-03	2.571938e-03
3.400000e+00	3.450000e+00	1.629595e-01	2.604398e-03	2.604398e-03
3.450000e+00	3.500000e+00	1.535434e-01	2.487760e-03	2.487760e-03
3.500000e+00	3.550000e+00	1.454224e-01	2.438074e-03	2.438074e-03
3.550000e+00	3.600000e+00	1.437545e-01	2.583227e-03	2.583227e-03
3.600000e+00	3.650000e+00	1.291693e-01	2.427511e-03	2.427511e-03
3.650000e+00	3.700000e+00	1.265241e-01	2.584832e-03	2.584832e-03
3.700000e+00	3.750000e+00	1.207355e-01	2.546466e-03	2.546466e-03
3.750000e+00	3.800000e+00	1.182674e-01	2.666098e-03	2.666098e-03
3.800000e+00	3.850000e+00	1.144357e-01	2.716413e-03	2.716413e-03
3.850000e+00	3.900000e+00	1.043659e-01	2.526021e-03	2.526021e-03
3.900000e+00	3.950000e+00	9.995249e-02	2.659916e-03	2.659916e-03
3.950000e+00	4.000000e+00	8.957566e-02	2.390672e-03	2.390672e-03
4.000000e+00	4.050000e+00	8.961628e-02	2.526846e-03	2.526846e-03
4.050000e+00	4.100000e+00	8.065581e-02	2.293955e-03	2.293955e-03
4.100000e+00	4.150000e+00	7.550624e-02	2.302927e-03	2.302927e-03
4.150000e+00	4.200000e+00	7.405806e-02	2.452509e-03	2.452509e-03
4.200000e+00	4.250000e+00	7.698124e-02	2.676176e-03	2.676176e-03
4.250000e+00	4.300000e+00	7.392304e-02	2.743069e-03	2.743069e-03
4.300000e+00	4.350000e+00	6.524975e-02	2.379598e-03	2.379598e-03
4.350000e+00	4.400000e+00	6.395142e-02	2.748577e-03	2.748577e-03
4.400000e+00	4.450000e+00	5.822135e-02	2.477683e-03	2.477683e-03
4.450000e+00	4.500000e+00	5.594992e-02	2.523251e-03	2.523251e-03
4.500000e+00	4.550000e+00	5.149554e-02	2.197196e-03	2.197196e-03
4.550000e+00	4.600000e+00	5.452889e-02	2.507368e-03	2.507368e-03
4.600000e+00	4.650000e+00	5.319993e-02	2.751899e-03	2.751899e-03
4.650000e+00	4.700000e+00	4.444573e-02	2.411386e-03	2.411386e-03
4.700000e+00	4.750000e+00	4.557963e-02	2.865256e-03	2.865256e-03
4.750000e+00	4.800000e+00	4.122283e-02	2.575833e-03	2.575833e-03
4.800000e+00	4.850000e+00	4.407617e-02	2.797184e-03	2.797184e-03
4.850000e+00	4.900000e+00	3.622447e-02	2.290734e-03	2.290734e-03
4.900000e+00	4.950000e+00	3.724002e-02	2.908005e-03	2.908005e-03
4.950000e+00	5.000000e+00	3.916821e-02	3.158728e-03	3.158728e-03
# END HISTO1D

