# BEGIN PLOT
Legend=1
LogY=1
DrawOnly=//mt/home/mbridge/Work/MyHiggsstrahlungV2/tmp/Analysisbgwzc.yoda/MyFSAnalysis/Mult //mt/home/mbridge/Work/MyHiggsstrahlungV2/tmp/Analysisbg.yoda/MyFSAnalysis/Mult //mt/home/mbridge/Work/MyHiggsstrahlungV2/tmp/Analysisb.yoda/MyFSAnalysis/Mult
LegendOnly=//mt/home/mbridge/Work/MyHiggsstrahlungV2/tmp/Analysisbgwzc.yoda/MyFSAnalysis/Mult //mt/home/mbridge/Work/MyHiggsstrahlungV2/tmp/Analysisbg.yoda/MyFSAnalysis/Mult //mt/home/mbridge/Work/MyHiggsstrahlungV2/tmp/Analysisb.yoda/MyFSAnalysis/Mult
RatioPlot=1
RatioPlotReference=//mt/home/mbridge/Work/MyHiggsstrahlungV2/tmp/Analysisbgwzc.yoda/MyFSAnalysis/Mult
RatioPlotYLabel=Ratio
# END PLOT

# BEGIN HISTO1D //mt/home/mbridge/Work/MyHiggsstrahlungV2/tmp/Analysisbgwzc.yoda/MyFSAnalysis/Mult
LineColor=red
LineStyle=solid
Path=//mt/home/mbridge/Work/MyHiggsstrahlungV2/tmp/Analysisbgwzc.yoda/MyFSAnalysis/Mult
ScaledBy=1.51881227383296550e-04
Title=Analysisbgwzc
# xlow	 xhigh	 val	 errminus	 errplus
0.000000e+00	1.000000e+00	0.000000e+00	0.000000e+00	0.000000e+00
1.000000e+00	2.000000e+00	0.000000e+00	0.000000e+00	0.000000e+00
2.000000e+00	3.000000e+00	0.000000e+00	0.000000e+00	0.000000e+00
3.000000e+00	4.000000e+00	0.000000e+00	0.000000e+00	0.000000e+00
4.000000e+00	5.000000e+00	0.000000e+00	0.000000e+00	0.000000e+00
5.000000e+00	6.000000e+00	0.000000e+00	0.000000e+00	0.000000e+00
6.000000e+00	7.000000e+00	0.000000e+00	0.000000e+00	0.000000e+00
7.000000e+00	8.000000e+00	0.000000e+00	0.000000e+00	0.000000e+00
8.000000e+00	9.000000e+00	0.000000e+00	0.000000e+00	0.000000e+00
9.000000e+00	1.000000e+01	0.000000e+00	0.000000e+00	0.000000e+00
1.000000e+01	1.100000e+01	0.000000e+00	0.000000e+00	0.000000e+00
1.100000e+01	1.200000e+01	0.000000e+00	0.000000e+00	0.000000e+00
1.200000e+01	1.300000e+01	0.000000e+00	0.000000e+00	0.000000e+00
1.300000e+01	1.400000e+01	0.000000e+00	0.000000e+00	0.000000e+00
1.400000e+01	1.500000e+01	2.459295e-06	1.738984e-06	1.738984e-06
1.500000e+01	1.600000e+01	1.229648e-06	1.229648e-06	1.229648e-06
1.600000e+01	1.700000e+01	4.918590e-06	2.459295e-06	2.459295e-06
1.700000e+01	1.800000e+01	1.229648e-05	3.888487e-06	3.888487e-06
1.800000e+01	1.900000e+01	2.336330e-05	5.359910e-06	5.359910e-06
1.900000e+01	2.000000e+01	4.918590e-05	7.776974e-06	7.776974e-06
2.000000e+01	2.100000e+01	7.295923e-05	9.436216e-06	9.436216e-06
2.100000e+01	2.200000e+01	1.450984e-04	1.335739e-05	1.335739e-05
2.200000e+01	2.300000e+01	2.299765e-04	1.678679e-05	1.678679e-05
2.300000e+01	2.400000e+01	4.415542e-04	2.328164e-05	2.328164e-05
2.400000e+01	2.500000e+01	5.989090e-04	2.710105e-05	2.710105e-05
2.500000e+01	2.600000e+01	8.514598e-04	3.231671e-05	3.231671e-05
2.600000e+01	2.700000e+01	1.350413e-03	4.067776e-05	4.067776e-05
2.700000e+01	2.800000e+01	1.888563e-03	4.810434e-05	4.810434e-05
2.800000e+01	2.900000e+01	2.579014e-03	5.619976e-05	5.619976e-05
2.900000e+01	3.000000e+01	3.462856e-03	6.512320e-05	6.512320e-05
3.000000e+01	3.100000e+01	4.347001e-03	7.296653e-05	7.296653e-05
3.100000e+01	3.200000e+01	5.516002e-03	8.213951e-05	8.213951e-05
3.200000e+01	3.300000e+01	6.499801e-03	8.915481e-05	8.915481e-05
3.300000e+01	3.400000e+01	8.272198e-03	1.005384e-04	1.005384e-04
3.400000e+01	3.500000e+01	9.374679e-03	1.069869e-04	1.069869e-04
3.500000e+01	3.600000e+01	1.086521e-02	1.151380e-04	1.151380e-04
3.600000e+01	3.700000e+01	1.236671e-02	1.228196e-04	1.228196e-04
3.700000e+01	3.800000e+01	1.405237e-02	1.308863e-04	1.308863e-04
3.800000e+01	3.900000e+01	1.558927e-02	1.376983e-04	1.376983e-04
3.900000e+01	4.000000e+01	1.690620e-02	1.433645e-04	1.433645e-04
4.000000e+01	4.100000e+01	1.851304e-02	1.498975e-04	1.498975e-04
4.100000e+01	4.200000e+01	1.972996e-02	1.547207e-04	1.547207e-04
4.200000e+01	4.300000e+01	2.072418e-02	1.583598e-04	1.583598e-04
4.300000e+01	4.400000e+01	2.183379e-02	1.623657e-04	1.623657e-04
4.400000e+01	4.500000e+01	2.311198e-02	1.668874e-04	1.668874e-04
4.500000e+01	4.600000e+01	2.369175e-02	1.688697e-04	1.688697e-04
4.600000e+01	4.700000e+01	2.455024e-02	1.717375e-04	1.717375e-04
4.700000e+01	4.800000e+01	2.489182e-02	1.727122e-04	1.727122e-04
4.800000e+01	4.900000e+01	2.530897e-02	1.738928e-04	1.738928e-04
4.900000e+01	5.000000e+01	2.548507e-02	1.742872e-04	1.742872e-04
5.000000e+01	5.100000e+01	2.577038e-02	1.749841e-04	1.749841e-04
5.100000e+01	5.200000e+01	2.566893e-02	1.743967e-04	1.743967e-04
5.200000e+01	5.300000e+01	2.583989e-02	1.747734e-04	1.747734e-04
5.300000e+01	5.400000e+01	2.550800e-02	1.732713e-04	1.732713e-04
5.400000e+01	5.500000e+01	2.486539e-02	1.707798e-04	1.707798e-04
5.500000e+01	5.600000e+01	2.491563e-02	1.707676e-04	1.707676e-04
5.600000e+01	5.700000e+01	2.463418e-02	1.695227e-04	1.695227e-04
5.700000e+01	5.800000e+01	2.382974e-02	1.664491e-04	1.664491e-04
5.800000e+01	5.900000e+01	2.391065e-02	1.664061e-04	1.664061e-04
5.900000e+01	6.000000e+01	2.280389e-02	1.623193e-04	1.623193e-04
6.000000e+01	6.100000e+01	2.210398e-02	1.595904e-04	1.595904e-04
6.100000e+01	6.200000e+01	2.179136e-02	1.581423e-04	1.581423e-04
6.200000e+01	6.300000e+01	2.107480e-02	1.553807e-04	1.553807e-04
6.300000e+01	6.400000e+01	2.038590e-02	1.526200e-04	1.526200e-04
6.400000e+01	6.500000e+01	1.976616e-02	1.500568e-04	1.500568e-04
6.500000e+01	6.600000e+01	1.873573e-02	1.457932e-04	1.457932e-04
6.600000e+01	6.700000e+01	1.810342e-02	1.433804e-04	1.433804e-04
6.700000e+01	6.800000e+01	1.725711e-02	1.395291e-04	1.395291e-04
6.800000e+01	6.900000e+01	1.658420e-02	1.368772e-04	1.368772e-04
6.900000e+01	7.000000e+01	1.580134e-02	1.335361e-04	1.335361e-04
7.000000e+01	7.100000e+01	1.504731e-02	1.302028e-04	1.302028e-04
7.100000e+01	7.200000e+01	1.440615e-02	1.271667e-04	1.271667e-04
7.200000e+01	7.300000e+01	1.387065e-02	1.247027e-04	1.247027e-04
7.300000e+01	7.400000e+01	1.285389e-02	1.200747e-04	1.200747e-04
7.400000e+01	7.500000e+01	1.244691e-02	1.181410e-04	1.181410e-04
7.500000e+01	7.600000e+01	1.152507e-02	1.135238e-04	1.135238e-04
7.600000e+01	7.700000e+01	1.094072e-02	1.105686e-04	1.105686e-04
7.700000e+01	7.800000e+01	1.028326e-02	1.072435e-04	1.072435e-04
7.800000e+01	7.900000e+01	9.601388e-03	1.035030e-04	1.035030e-04
7.900000e+01	8.000000e+01	8.895845e-03	9.975619e-05	9.975619e-05
8.000000e+01	8.100000e+01	8.366446e-03	9.666634e-05	9.666634e-05
8.100000e+01	8.200000e+01	7.746795e-03	9.299183e-05	9.299183e-05
8.200000e+01	8.300000e+01	7.254568e-03	8.993003e-05	8.993003e-05
8.300000e+01	8.400000e+01	6.761040e-03	8.680745e-05	8.680745e-05
8.400000e+01	8.500000e+01	6.213515e-03	8.327093e-05	8.327093e-05
8.500000e+01	8.600000e+01	5.628456e-03	7.912357e-05	7.912357e-05
8.600000e+01	8.700000e+01	5.320925e-03	7.695529e-05	7.695529e-05
8.700000e+01	8.800000e+01	4.996847e-03	7.476480e-05	7.476480e-05
8.800000e+01	8.900000e+01	4.445240e-03	7.043082e-05	7.043082e-05
8.900000e+01	9.000000e+01	3.978515e-03	6.656584e-05	6.656584e-05
9.000000e+01	9.100000e+01	3.724142e-03	6.456112e-05	6.456112e-05
9.100000e+01	9.200000e+01	3.441093e-03	6.193715e-05	6.193715e-05
9.200000e+01	9.300000e+01	3.051887e-03	5.848462e-05	5.848462e-05
9.300000e+01	9.400000e+01	2.746381e-03	5.529391e-05	5.529391e-05
9.400000e+01	9.500000e+01	2.488410e-03	5.283581e-05	5.283581e-05
9.500000e+01	9.600000e+01	2.310929e-03	5.091630e-05	5.091630e-05
9.600000e+01	9.700000e+01	2.164222e-03	4.921378e-05	4.921378e-05
9.700000e+01	9.800000e+01	1.993159e-03	4.738524e-05	4.738524e-05
9.800000e+01	9.900000e+01	1.663686e-03	4.307535e-05	4.307535e-05
9.900000e+01	1.000000e+02	1.484470e-03	4.086744e-05	4.086744e-05
# END HISTO1D


# BEGIN HISTO1D //mt/home/mbridge/Work/MyHiggsstrahlungV2/tmp/Analysisbg.yoda/MyFSAnalysis/Mult
LineColor=blue
LineStyle=solid
Path=//mt/home/mbridge/Work/MyHiggsstrahlungV2/tmp/Analysisbg.yoda/MyFSAnalysis/Mult
ScaledBy=1.88372675977284935e-04
Title=Analysisbg
# xlow	 xhigh	 val	 errminus	 errplus
0.000000e+00	1.000000e+00	0.000000e+00	0.000000e+00	0.000000e+00
1.000000e+00	2.000000e+00	0.000000e+00	0.000000e+00	0.000000e+00
2.000000e+00	3.000000e+00	0.000000e+00	0.000000e+00	0.000000e+00
3.000000e+00	4.000000e+00	0.000000e+00	0.000000e+00	0.000000e+00
4.000000e+00	5.000000e+00	0.000000e+00	0.000000e+00	0.000000e+00
5.000000e+00	6.000000e+00	0.000000e+00	0.000000e+00	0.000000e+00
6.000000e+00	7.000000e+00	0.000000e+00	0.000000e+00	0.000000e+00
7.000000e+00	8.000000e+00	0.000000e+00	0.000000e+00	0.000000e+00
8.000000e+00	9.000000e+00	0.000000e+00	0.000000e+00	0.000000e+00
9.000000e+00	1.000000e+01	0.000000e+00	0.000000e+00	0.000000e+00
1.000000e+01	1.100000e+01	0.000000e+00	0.000000e+00	0.000000e+00
1.100000e+01	1.200000e+01	1.144364e-06	1.144364e-06	1.144364e-06
1.200000e+01	1.300000e+01	0.000000e+00	0.000000e+00	0.000000e+00
1.300000e+01	1.400000e+01	0.000000e+00	0.000000e+00	0.000000e+00
1.400000e+01	1.500000e+01	0.000000e+00	0.000000e+00	0.000000e+00
1.500000e+01	1.600000e+01	0.000000e+00	0.000000e+00	0.000000e+00
1.600000e+01	1.700000e+01	1.144364e-06	1.144364e-06	1.144364e-06
1.700000e+01	1.800000e+01	3.433091e-06	1.982096e-06	1.982096e-06
1.800000e+01	1.900000e+01	1.144364e-05	3.618795e-06	3.618795e-06
1.900000e+01	2.000000e+01	2.632036e-05	5.488175e-06	5.488175e-06
2.000000e+01	2.100000e+01	5.149636e-05	7.676624e-06	7.676624e-06
2.100000e+01	2.200000e+01	1.052814e-04	1.097635e-05	1.097635e-05
2.200000e+01	2.300000e+01	1.590665e-04	1.349185e-05	1.349185e-05
2.300000e+01	2.400000e+01	3.318654e-04	1.948781e-05	1.948781e-05
2.400000e+01	2.500000e+01	5.287020e-04	2.459744e-05	2.459744e-05
2.500000e+01	2.600000e+01	8.834657e-04	3.179664e-05	3.179664e-05
2.600000e+01	2.700000e+01	1.317188e-03	3.882489e-05	3.882489e-05
2.700000e+01	2.800000e+01	1.924850e-03	4.693361e-05	4.693361e-05
2.800000e+01	2.900000e+01	2.692750e-03	5.551179e-05	5.551179e-05
2.900000e+01	3.000000e+01	3.622097e-03	6.438334e-05	6.438334e-05
3.000000e+01	3.100000e+01	4.630228e-03	7.279299e-05	7.279299e-05
3.100000e+01	3.200000e+01	5.895878e-03	8.214113e-05	8.214113e-05
3.200000e+01	3.300000e+01	7.271475e-03	9.122187e-05	9.122187e-05
3.300000e+01	3.400000e+01	8.884968e-03	1.008354e-04	1.008354e-04
3.400000e+01	3.500000e+01	1.048159e-02	1.095225e-04	1.095225e-04
3.500000e+01	3.600000e+01	1.221311e-02	1.182234e-04	1.182234e-04
3.600000e+01	3.700000e+01	1.380835e-02	1.257072e-04	1.257072e-04
3.700000e+01	3.800000e+01	1.572511e-02	1.341481e-04	1.341481e-04
3.800000e+01	3.900000e+01	1.742010e-02	1.411936e-04	1.411936e-04
3.900000e+01	4.000000e+01	1.893867e-02	1.472190e-04	1.472190e-04
4.000000e+01	4.100000e+01	2.047540e-02	1.530745e-04	1.530745e-04
4.100000e+01	4.200000e+01	2.192309e-02	1.583938e-04	1.583938e-04
4.200000e+01	4.300000e+01	2.326687e-02	1.631769e-04	1.631769e-04
4.300000e+01	4.400000e+01	2.415808e-02	1.662717e-04	1.662717e-04
4.400000e+01	4.500000e+01	2.499949e-02	1.691435e-04	1.691435e-04
4.500000e+01	4.600000e+01	2.619070e-02	1.731260e-04	1.731260e-04
4.600000e+01	4.700000e+01	2.679950e-02	1.751265e-04	1.751265e-04
4.700000e+01	4.800000e+01	2.728919e-02	1.767189e-04	1.767189e-04
4.800000e+01	4.900000e+01	2.729812e-02	1.767471e-04	1.767471e-04
4.900000e+01	5.000000e+01	2.744155e-02	1.772120e-04	1.772120e-04
5.000000e+01	5.100000e+01	2.717027e-02	1.763337e-04	1.763337e-04
5.100000e+01	5.200000e+01	2.753754e-02	1.775213e-04	1.775213e-04
5.200000e+01	5.300000e+01	2.698145e-02	1.757200e-04	1.757200e-04
5.300000e+01	5.400000e+01	2.654764e-02	1.743013e-04	1.743013e-04
5.400000e+01	5.500000e+01	2.613913e-02	1.729553e-04	1.729553e-04
5.500000e+01	5.600000e+01	2.504510e-02	1.692971e-04	1.692971e-04
5.600000e+01	5.700000e+01	2.451308e-02	1.674897e-04	1.674897e-04
5.700000e+01	5.800000e+01	2.380114e-02	1.650392e-04	1.650392e-04
5.800000e+01	5.900000e+01	2.319335e-02	1.629179e-04	1.629179e-04
5.900000e+01	6.000000e+01	2.241514e-02	1.601613e-04	1.601613e-04
6.000000e+01	6.100000e+01	2.152487e-02	1.569487e-04	1.569487e-04
6.100000e+01	6.200000e+01	2.077761e-02	1.542005e-04	1.542005e-04
6.200000e+01	6.300000e+01	1.992043e-02	1.509860e-04	1.509860e-04
6.300000e+01	6.400000e+01	1.911597e-02	1.479062e-04	1.479062e-04
6.400000e+01	6.500000e+01	1.829203e-02	1.446836e-04	1.446836e-04
6.500000e+01	6.600000e+01	1.735704e-02	1.409373e-04	1.409373e-04
6.600000e+01	6.700000e+01	1.657546e-02	1.377277e-04	1.377277e-04
6.700000e+01	6.800000e+01	1.574686e-02	1.342409e-04	1.342409e-04
6.800000e+01	6.900000e+01	1.527426e-02	1.322113e-04	1.322113e-04
6.900000e+01	7.000000e+01	1.431752e-02	1.280035e-04	1.280035e-04
7.000000e+01	7.100000e+01	1.352670e-02	1.244180e-04	1.244180e-04
7.100000e+01	7.200000e+01	1.268799e-02	1.204997e-04	1.204997e-04
7.200000e+01	7.300000e+01	1.212601e-02	1.178005e-04	1.178005e-04
7.300000e+01	7.400000e+01	1.151154e-02	1.147773e-04	1.147773e-04
7.400000e+01	7.500000e+01	1.080204e-02	1.111842e-04	1.111842e-04
7.500000e+01	7.600000e+01	1.006722e-02	1.073352e-04	1.073352e-04
7.600000e+01	7.700000e+01	9.642765e-03	1.050488e-04	1.050488e-04
7.700000e+01	7.800000e+01	8.903301e-03	1.009395e-04	1.009395e-04
7.800000e+01	7.900000e+01	8.304877e-03	9.748881e-05	9.748881e-05
7.900000e+01	8.000000e+01	7.829853e-03	9.465904e-05	9.465904e-05
8.000000e+01	8.100000e+01	7.168489e-03	9.057364e-05	9.057364e-05
8.100000e+01	8.200000e+01	6.804636e-03	8.824552e-05	8.824552e-05
8.200000e+01	8.300000e+01	6.314777e-03	8.500946e-05	8.500946e-05
8.300000e+01	8.400000e+01	5.818095e-03	8.159775e-05	8.159775e-05
8.400000e+01	8.500000e+01	5.428954e-03	7.882135e-05	7.882135e-05
8.500000e+01	8.600000e+01	4.895693e-03	7.485035e-05	7.485035e-05
8.600000e+01	8.700000e+01	4.591338e-03	7.248681e-05	7.248681e-05
8.700000e+01	8.800000e+01	4.299441e-03	7.014415e-05	7.014415e-05
8.800000e+01	8.900000e+01	3.904695e-03	6.684712e-05	6.684712e-05
8.900000e+01	9.000000e+01	3.554467e-03	6.377844e-05	6.377844e-05
9.000000e+01	9.100000e+01	3.264969e-03	6.112632e-05	6.112632e-05
9.100000e+01	9.200000e+01	3.045205e-03	5.903291e-05	5.903291e-05
9.200000e+01	9.300000e+01	2.764881e-03	5.625072e-05	5.625072e-05
9.300000e+01	9.400000e+01	2.529126e-03	5.379903e-05	5.379903e-05
9.400000e+01	9.500000e+01	2.334590e-03	5.168870e-05	5.168870e-05
9.500000e+01	9.600000e+01	2.057638e-03	4.852598e-05	4.852598e-05
9.600000e+01	9.700000e+01	1.859653e-03	4.613233e-05	4.613233e-05
9.700000e+01	9.800000e+01	1.739491e-03	4.461703e-05	4.461703e-05
9.800000e+01	9.900000e+01	1.551829e-03	4.214190e-05	4.214190e-05
9.900000e+01	1.000000e+02	1.301167e-03	3.858804e-05	3.858804e-05
# END HISTO1D


# BEGIN HISTO1D //mt/home/mbridge/Work/MyHiggsstrahlungV2/tmp/Analysisb.yoda/MyFSAnalysis/Mult
LineColor=green
LineStyle=solid
Path=//mt/home/mbridge/Work/MyHiggsstrahlungV2/tmp/Analysisb.yoda/MyFSAnalysis/Mult
ScaledBy=2.16109940687767943e-04
Title=Analysisb
# xlow	 xhigh	 val	 errminus	 errplus
0.000000e+00	1.000000e+00	0.000000e+00	0.000000e+00	0.000000e+00
1.000000e+00	2.000000e+00	0.000000e+00	0.000000e+00	0.000000e+00
2.000000e+00	3.000000e+00	0.000000e+00	0.000000e+00	0.000000e+00
3.000000e+00	4.000000e+00	0.000000e+00	0.000000e+00	0.000000e+00
4.000000e+00	5.000000e+00	0.000000e+00	0.000000e+00	0.000000e+00
5.000000e+00	6.000000e+00	0.000000e+00	0.000000e+00	0.000000e+00
6.000000e+00	7.000000e+00	0.000000e+00	0.000000e+00	0.000000e+00
7.000000e+00	8.000000e+00	0.000000e+00	0.000000e+00	0.000000e+00
8.000000e+00	9.000000e+00	0.000000e+00	0.000000e+00	0.000000e+00
9.000000e+00	1.000000e+01	0.000000e+00	0.000000e+00	0.000000e+00
1.000000e+01	1.100000e+01	0.000000e+00	0.000000e+00	0.000000e+00
1.100000e+01	1.200000e+01	0.000000e+00	0.000000e+00	0.000000e+00
1.200000e+01	1.300000e+01	0.000000e+00	0.000000e+00	0.000000e+00
1.300000e+01	1.400000e+01	0.000000e+00	0.000000e+00	0.000000e+00
1.400000e+01	1.500000e+01	0.000000e+00	0.000000e+00	0.000000e+00
1.500000e+01	1.600000e+01	0.000000e+00	0.000000e+00	0.000000e+00
1.600000e+01	1.700000e+01	0.000000e+00	0.000000e+00	0.000000e+00
1.700000e+01	1.800000e+01	3.429313e-06	1.979915e-06	1.979915e-06
1.800000e+01	1.900000e+01	1.714656e-05	4.427224e-06	4.427224e-06
1.900000e+01	2.000000e+01	2.743450e-05	5.600044e-06	5.600044e-06
2.000000e+01	2.100000e+01	4.229486e-05	6.953232e-06	6.953232e-06
2.100000e+01	2.200000e+01	1.120244e-04	1.131617e-05	1.131617e-05
2.200000e+01	2.300000e+01	2.389102e-04	1.652576e-05	1.652576e-05
2.300000e+01	2.400000e+01	3.840914e-04	2.095390e-05	2.095390e-05
2.400000e+01	2.500000e+01	6.024159e-04	2.624165e-05	2.624165e-05
2.500000e+01	2.600000e+01	1.045965e-03	3.457853e-05	3.457853e-05
2.600000e+01	2.700000e+01	1.500956e-03	4.142246e-05	4.142246e-05
2.700000e+01	2.800000e+01	2.169633e-03	4.980102e-05	4.980102e-05
2.800000e+01	2.900000e+01	3.096713e-03	5.949719e-05	5.949719e-05
2.900000e+01	3.000000e+01	3.997583e-03	6.760049e-05	6.760049e-05
3.000000e+01	3.100000e+01	5.245855e-03	7.743858e-05	7.743858e-05
3.100000e+01	3.200000e+01	6.774121e-03	8.799787e-05	8.799787e-05
3.200000e+01	3.300000e+01	8.354095e-03	9.772379e-05	9.772379e-05
3.300000e+01	3.400000e+01	1.017499e-02	1.078487e-04	1.078487e-04
3.400000e+01	3.500000e+01	1.191596e-02	1.167110e-04	1.167110e-04
3.500000e+01	3.600000e+01	1.400803e-02	1.265430e-04	1.265430e-04
3.600000e+01	3.700000e+01	1.560501e-02	1.335617e-04	1.335617e-04
3.700000e+01	3.800000e+01	1.785481e-02	1.428659e-04	1.428659e-04
3.800000e+01	3.900000e+01	1.959794e-02	1.496768e-04	1.496768e-04
3.900000e+01	4.000000e+01	2.155380e-02	1.569678e-04	1.569678e-04
4.000000e+01	4.100000e+01	2.352001e-02	1.639712e-04	1.639712e-04
4.100000e+01	4.200000e+01	2.502902e-02	1.691498e-04	1.691498e-04
4.200000e+01	4.300000e+01	2.637674e-02	1.736440e-04	1.736440e-04
4.300000e+01	4.400000e+01	2.766498e-02	1.778336e-04	1.778336e-04
4.400000e+01	4.500000e+01	2.857850e-02	1.807464e-04	1.807464e-04
4.500000e+01	4.600000e+01	2.916717e-02	1.825983e-04	1.825983e-04
4.600000e+01	4.700000e+01	2.965630e-02	1.841225e-04	1.841225e-04
4.700000e+01	4.800000e+01	3.061437e-02	1.870734e-04	1.870734e-04
4.800000e+01	4.900000e+01	3.015921e-02	1.856770e-04	1.856770e-04
4.900000e+01	5.000000e+01	3.052541e-02	1.868020e-04	1.868020e-04
5.000000e+01	5.100000e+01	2.977177e-02	1.844807e-04	1.844807e-04
5.100000e+01	5.200000e+01	2.952803e-02	1.837232e-04	1.837232e-04
5.200000e+01	5.300000e+01	2.933279e-02	1.831155e-04	1.831155e-04
5.300000e+01	5.400000e+01	2.816018e-02	1.794189e-04	1.794189e-04
5.400000e+01	5.500000e+01	2.753118e-02	1.774028e-04	1.774028e-04
5.500000e+01	5.600000e+01	2.665655e-02	1.745617e-04	1.745617e-04
5.600000e+01	5.700000e+01	2.592990e-02	1.721673e-04	1.721673e-04
5.700000e+01	5.800000e+01	2.511006e-02	1.694230e-04	1.694230e-04
5.800000e+01	5.900000e+01	2.437744e-02	1.669336e-04	1.669336e-04
5.900000e+01	6.000000e+01	2.302745e-02	1.622456e-04	1.622456e-04
6.000000e+01	6.100000e+01	2.165557e-02	1.573381e-04	1.573381e-04
6.100000e+01	6.200000e+01	2.086107e-02	1.544248e-04	1.544248e-04
6.200000e+01	6.300000e+01	1.945274e-02	1.491212e-04	1.491212e-04
6.300000e+01	6.400000e+01	1.866854e-02	1.460844e-04	1.460844e-04
6.400000e+01	6.500000e+01	1.761557e-02	1.419042e-04	1.419042e-04
6.500000e+01	6.600000e+01	1.656753e-02	1.376191e-04	1.376191e-04
6.600000e+01	6.700000e+01	1.536934e-02	1.325486e-04	1.325486e-04
6.700000e+01	6.800000e+01	1.446519e-02	1.285909e-04	1.285909e-04
6.800000e+01	6.900000e+01	1.330605e-02	1.233312e-04	1.233312e-04
6.900000e+01	7.000000e+01	1.266478e-02	1.203226e-04	1.203226e-04
7.000000e+01	7.100000e+01	1.168517e-02	1.155759e-04	1.155759e-04
7.100000e+01	7.200000e+01	1.079360e-02	1.110797e-04	1.110797e-04
7.200000e+01	7.300000e+01	9.857233e-03	1.061514e-04	1.061514e-04
7.300000e+01	7.400000e+01	9.133673e-03	1.021815e-04	1.021815e-04
7.400000e+01	7.500000e+01	8.485493e-03	9.848893e-05	9.848893e-05
7.500000e+01	7.600000e+01	7.906009e-03	9.506704e-05	9.506704e-05
7.600000e+01	7.700000e+01	7.398333e-03	9.196332e-05	9.196332e-05
7.700000e+01	7.800000e+01	6.538726e-03	8.645602e-05	8.645602e-05
7.800000e+01	7.900000e+01	6.256403e-03	8.456918e-05	8.456918e-05
7.900000e+01	8.000000e+01	5.563646e-03	7.974967e-05	7.974967e-05
8.000000e+01	8.100000e+01	5.072020e-03	7.614410e-05	7.614410e-05
8.100000e+01	8.200000e+01	4.587378e-03	7.241524e-05	7.241524e-05
8.200000e+01	8.300000e+01	4.236421e-03	6.958994e-05	6.958994e-05
8.300000e+01	8.400000e+01	3.876341e-03	6.656688e-05	6.656688e-05
8.400000e+01	8.500000e+01	3.511742e-03	6.335955e-05	6.335955e-05
8.500000e+01	8.600000e+01	3.160781e-03	6.011003e-05	6.011003e-05
8.600000e+01	8.700000e+01	2.876162e-03	5.734006e-05	5.734006e-05
8.700000e+01	8.800000e+01	2.541196e-03	5.389749e-05	5.389749e-05
8.800000e+01	8.900000e+01	2.338861e-03	5.170729e-05	5.170729e-05
8.900000e+01	9.000000e+01	2.171928e-03	4.982745e-05	4.982745e-05
9.000000e+01	9.100000e+01	1.777570e-03	4.507768e-05	4.507768e-05
9.100000e+01	9.200000e+01	1.704414e-03	4.414040e-05	4.414040e-05
9.200000e+01	9.300000e+01	1.495232e-03	4.134328e-05	4.134328e-05
9.300000e+01	9.400000e+01	1.372955e-03	3.961733e-05	3.961733e-05
9.400000e+01	9.500000e+01	1.096265e-03	3.540025e-05	3.540025e-05
9.500000e+01	9.600000e+01	1.117974e-03	3.574886e-05	3.574886e-05
9.600000e+01	9.700000e+01	9.819449e-04	3.350354e-05	3.350354e-05
9.700000e+01	9.800000e+01	8.322009e-04	3.084342e-05	3.084342e-05
9.800000e+01	9.900000e+01	7.384453e-04	2.905374e-05	2.905374e-05
9.900000e+01	1.000000e+02	6.390177e-04	2.702757e-05	2.702757e-05
# END HISTO1D

