# BEGIN PLOT
Legend=1
LogY=1
DrawOnly=//mt/home/mbridge/Work/MyHiggsstrahlungV2/tmp/Analysisbgwzc.yoda/MyFSAnalysis/RapidityCh //mt/home/mbridge/Work/MyHiggsstrahlungV2/tmp/Analysisbg.yoda/MyFSAnalysis/RapidityCh //mt/home/mbridge/Work/MyHiggsstrahlungV2/tmp/Analysisb.yoda/MyFSAnalysis/RapidityCh
LegendOnly=//mt/home/mbridge/Work/MyHiggsstrahlungV2/tmp/Analysisbgwzc.yoda/MyFSAnalysis/RapidityCh //mt/home/mbridge/Work/MyHiggsstrahlungV2/tmp/Analysisbg.yoda/MyFSAnalysis/RapidityCh //mt/home/mbridge/Work/MyHiggsstrahlungV2/tmp/Analysisb.yoda/MyFSAnalysis/RapidityCh
RatioPlot=1
RatioPlotReference=//mt/home/mbridge/Work/MyHiggsstrahlungV2/tmp/Analysisbgwzc.yoda/MyFSAnalysis/RapidityCh
RatioPlotYLabel=Ratio
# END PLOT

# BEGIN HISTO1D //mt/home/mbridge/Work/MyHiggsstrahlungV2/tmp/Analysisbgwzc.yoda/MyFSAnalysis/RapidityCh
LineColor=red
LineStyle=solid
Path=//mt/home/mbridge/Work/MyHiggsstrahlungV2/tmp/Analysisbgwzc.yoda/MyFSAnalysis/RapidityCh
ScaledBy=5.72443241069951139e-06
Title=Analysisbgwzc
# xlow	 xhigh	 val	 errminus	 errplus
-5.000000e+00	-4.900000e+00	6.809584e-06	1.722514e-06	1.722514e-06
-4.900000e+00	-4.800000e+00	1.036278e-05	2.136838e-06	2.136838e-06
-4.800000e+00	-4.700000e+00	1.117158e-05	2.213426e-06	2.213426e-06
-4.700000e+00	-4.600000e+00	1.855046e-05	2.907949e-06	2.907949e-06
-4.600000e+00	-4.500000e+00	2.463621e-05	3.295027e-06	3.295027e-06
-4.500000e+00	-4.400000e+00	3.561682e-05	3.987546e-06	3.987546e-06
-4.400000e+00	-4.300000e+00	4.595537e-05	4.522315e-06	4.522315e-06
-4.300000e+00	-4.200000e+00	6.747776e-05	5.442678e-06	5.442678e-06
-4.200000e+00	-4.100000e+00	9.571242e-05	6.512745e-06	6.512745e-06
-4.100000e+00	-4.000000e+00	1.125063e-04	7.035719e-06	7.035719e-06
-4.000000e+00	-3.900000e+00	1.808985e-04	8.950901e-06	8.950901e-06
-3.900000e+00	-3.800000e+00	2.313841e-04	1.010945e-05	1.010945e-05
-3.800000e+00	-3.700000e+00	3.004199e-04	1.147141e-05	1.147141e-05
-3.700000e+00	-3.600000e+00	4.023210e-04	1.326288e-05	1.326288e-05
-3.600000e+00	-3.500000e+00	5.328946e-04	1.536459e-05	1.536459e-05
-3.500000e+00	-3.400000e+00	7.057229e-04	1.762610e-05	1.762610e-05
-3.400000e+00	-3.300000e+00	9.437986e-04	2.035531e-05	2.035531e-05
-3.300000e+00	-3.200000e+00	1.295044e-03	2.384797e-05	2.384797e-05
-3.200000e+00	-3.100000e+00	1.644988e-03	2.690070e-05	2.690070e-05
-3.100000e+00	-3.000000e+00	2.127879e-03	3.052740e-05	3.052740e-05
-3.000000e+00	-2.900000e+00	2.744365e-03	3.469523e-05	3.469523e-05
-2.900000e+00	-2.800000e+00	3.479915e-03	3.902750e-05	3.902750e-05
-2.800000e+00	-2.700000e+00	4.511927e-03	4.444002e-05	4.444002e-05
-2.700000e+00	-2.600000e+00	5.829780e-03	5.049490e-05	5.049490e-05
-2.600000e+00	-2.500000e+00	7.587941e-03	5.760207e-05	5.760207e-05
-2.500000e+00	-2.400000e+00	9.546941e-03	6.455677e-05	6.455677e-05
-2.400000e+00	-2.300000e+00	1.222799e-02	7.312482e-05	7.312482e-05
-2.300000e+00	-2.200000e+00	1.544385e-02	8.213093e-05	8.213093e-05
-2.200000e+00	-2.100000e+00	1.965393e-02	9.266277e-05	9.266277e-05
-2.100000e+00	-2.000000e+00	2.473888e-02	1.039712e-04	1.039712e-04
-2.000000e+00	-1.900000e+00	3.103233e-02	1.163635e-04	1.163635e-04
-1.900000e+00	-1.800000e+00	3.883642e-02	1.301759e-04	1.301759e-04
-1.800000e+00	-1.700000e+00	4.838984e-02	1.452436e-04	1.452436e-04
-1.700000e+00	-1.600000e+00	6.018718e-02	1.620311e-04	1.620311e-04
-1.600000e+00	-1.500000e+00	7.335515e-02	1.788202e-04	1.788202e-04
-1.500000e+00	-1.400000e+00	9.039927e-02	1.985186e-04	1.985186e-04
-1.400000e+00	-1.300000e+00	1.099093e-01	2.188633e-04	2.188633e-04
-1.300000e+00	-1.200000e+00	1.331625e-01	2.408837e-04	2.408837e-04
-1.200000e+00	-1.100000e+00	1.598895e-01	2.638990e-04	2.638990e-04
-1.100000e+00	-1.000000e+00	1.906717e-01	2.881713e-04	2.881713e-04
-1.000000e+00	-9.000000e-01	2.255724e-01	3.134169e-04	3.134169e-04
-9.000000e-01	-8.000000e-01	2.640593e-01	3.391026e-04	3.391026e-04
-8.000000e-01	-7.000000e-01	3.035372e-01	3.634902e-04	3.634902e-04
-7.000000e-01	-6.000000e-01	3.459387e-01	3.880767e-04	3.880767e-04
-6.000000e-01	-5.000000e-01	3.876718e-01	4.108191e-04	4.108191e-04
-5.000000e-01	-4.000000e-01	4.281253e-01	4.317678e-04	4.317678e-04
-4.000000e-01	-3.000000e-01	4.641589e-01	4.495005e-04	4.495005e-04
-3.000000e-01	-2.000000e-01	4.930832e-01	4.632754e-04	4.632754e-04
-2.000000e-01	-1.000000e-01	5.129646e-01	4.725855e-04	4.725855e-04
-1.000000e-01	0.000000e+00	5.230403e-01	4.771467e-04	4.771467e-04
0.000000e+00	1.000000e-01	5.247338e-01	4.779035e-04	4.779035e-04
1.000000e-01	2.000000e-01	5.131325e-01	4.726597e-04	4.726597e-04
2.000000e-01	3.000000e-01	4.936059e-01	4.635552e-04	4.635552e-04
3.000000e-01	4.000000e-01	4.631525e-01	4.489822e-04	4.489822e-04
4.000000e-01	5.000000e-01	4.276343e-01	4.314720e-04	4.314720e-04
5.000000e-01	6.000000e-01	3.866902e-01	4.103402e-04	4.103402e-04
6.000000e-01	7.000000e-01	3.456617e-01	3.879753e-04	3.879753e-04
7.000000e-01	8.000000e-01	3.038325e-01	3.637804e-04	3.637804e-04
8.000000e-01	9.000000e-01	2.630378e-01	3.385213e-04	3.385213e-04
9.000000e-01	1.000000e+00	2.258724e-01	3.136464e-04	3.136464e-04
1.000000e+00	1.100000e+00	1.912146e-01	2.886227e-04	2.886227e-04
1.100000e+00	1.200000e+00	1.601641e-01	2.641897e-04	2.641897e-04
1.200000e+00	1.300000e+00	1.332382e-01	2.409432e-04	2.409432e-04
1.300000e+00	1.400000e+00	1.105695e-01	2.195385e-04	2.195385e-04
1.400000e+00	1.500000e+00	9.047463e-02	1.986188e-04	1.986188e-04
1.500000e+00	1.600000e+00	7.414589e-02	1.798163e-04	1.798163e-04
1.600000e+00	1.700000e+00	5.999922e-02	1.617282e-04	1.617282e-04
1.700000e+00	1.800000e+00	4.861003e-02	1.456425e-04	1.456425e-04
1.800000e+00	1.900000e+00	3.906372e-02	1.305908e-04	1.305908e-04
1.900000e+00	2.000000e+00	3.130521e-02	1.168845e-04	1.168845e-04
2.000000e+00	2.100000e+00	2.495240e-02	1.043885e-04	1.043885e-04
2.100000e+00	2.200000e+00	1.974793e-02	9.285673e-05	9.285673e-05
2.200000e+00	2.300000e+00	1.569455e-02	8.279973e-05	8.279973e-05
2.300000e+00	2.400000e+00	1.228267e-02	7.327901e-05	7.327901e-05
2.400000e+00	2.500000e+00	9.674223e-03	6.506022e-05	6.506022e-05
2.500000e+00	2.600000e+00	7.534379e-03	5.742237e-05	5.742237e-05
2.600000e+00	2.700000e+00	5.867158e-03	5.070029e-05	5.070029e-05
2.700000e+00	2.800000e+00	4.618184e-03	4.497460e-05	4.497460e-05
2.800000e+00	2.900000e+00	3.632962e-03	3.991149e-05	3.991149e-05
2.900000e+00	3.000000e+00	2.688553e-03	3.435634e-05	3.435634e-05
3.000000e+00	3.100000e+00	2.113447e-03	3.046254e-05	3.046254e-05
3.100000e+00	3.200000e+00	1.620061e-03	2.670766e-05	2.670766e-05
3.200000e+00	3.300000e+00	1.218562e-03	2.307642e-05	2.307642e-05
3.300000e+00	3.400000e+00	8.957770e-04	1.985645e-05	1.985645e-05
3.400000e+00	3.500000e+00	7.008055e-04	1.753830e-05	1.753830e-05
3.500000e+00	3.600000e+00	5.126444e-04	1.499086e-05	1.499086e-05
3.600000e+00	3.700000e+00	4.103511e-04	1.345763e-05	1.345763e-05
3.700000e+00	3.800000e+00	2.944892e-04	1.136441e-05	1.136441e-05
3.800000e+00	3.900000e+00	2.313253e-04	1.010782e-05	1.010782e-05
3.900000e+00	4.000000e+00	1.565144e-04	8.264178e-06	8.264178e-06
4.000000e+00	4.100000e+00	1.298077e-04	7.559089e-06	7.559089e-06
4.100000e+00	4.200000e+00	8.576138e-05	6.118731e-06	6.118731e-06
4.200000e+00	4.300000e+00	6.187255e-05	5.239156e-06	5.239156e-06
4.300000e+00	4.400000e+00	4.917533e-05	4.683974e-06	4.683974e-06
4.400000e+00	4.500000e+00	3.266959e-05	3.787041e-06	3.787041e-06
4.500000e+00	4.600000e+00	2.627484e-05	3.441681e-06	3.441681e-06
4.600000e+00	4.700000e+00	1.609091e-05	2.669716e-06	2.669716e-06
4.700000e+00	4.800000e+00	1.344032e-05	2.466946e-06	2.466946e-06
4.800000e+00	4.900000e+00	7.260924e-06	1.781632e-06	1.781632e-06
4.900000e+00	5.000000e+00	5.573673e-06	1.562687e-06	1.562687e-06
# END HISTO1D


# BEGIN HISTO1D //mt/home/mbridge/Work/MyHiggsstrahlungV2/tmp/Analysisbg.yoda/MyFSAnalysis/RapidityCh
LineColor=blue
LineStyle=solid
Path=//mt/home/mbridge/Work/MyHiggsstrahlungV2/tmp/Analysisbg.yoda/MyFSAnalysis/RapidityCh
ScaledBy=7.31048309474720801e-06
Title=Analysisbg
# xlow	 xhigh	 val	 errminus	 errplus
-5.000000e+00	-4.900000e+00	7.994010e-06	1.884206e-06	1.884206e-06
-4.900000e+00	-4.800000e+00	7.549898e-06	1.831119e-06	1.831119e-06
-4.800000e+00	-4.700000e+00	1.776447e-05	2.808809e-06	2.808809e-06
-4.700000e+00	-4.600000e+00	1.287924e-05	2.391615e-06	2.391615e-06
-4.600000e+00	-4.500000e+00	3.108782e-05	3.715705e-06	3.715705e-06
-4.500000e+00	-4.400000e+00	3.774949e-05	4.094507e-06	4.094507e-06
-4.400000e+00	-4.300000e+00	5.817863e-05	5.083091e-06	5.083091e-06
-4.300000e+00	-4.200000e+00	6.217563e-05	5.254800e-06	5.254800e-06
-4.200000e+00	-4.100000e+00	1.017016e-04	6.720629e-06	6.720629e-06
-4.100000e+00	-4.000000e+00	1.225800e-04	7.378453e-06	7.378453e-06
-4.000000e+00	-3.900000e+00	1.798805e-04	8.938339e-06	8.938339e-06
-3.900000e+00	-3.800000e+00	2.296057e-04	1.009805e-05	1.009805e-05
-3.800000e+00	-3.700000e+00	2.855771e-04	1.126206e-05	1.126206e-05
-3.700000e+00	-3.600000e+00	4.303442e-04	1.382465e-05	1.382465e-05
-3.600000e+00	-3.500000e+00	5.622533e-04	1.580211e-05	1.580211e-05
-3.500000e+00	-3.400000e+00	7.621094e-04	1.839750e-05	1.839750e-05
-3.400000e+00	-3.300000e+00	9.810593e-04	2.087361e-05	2.087361e-05
-3.300000e+00	-3.200000e+00	1.241768e-03	2.348400e-05	2.348400e-05
-3.200000e+00	-3.100000e+00	1.599286e-03	2.665106e-05	2.665106e-05
-3.100000e+00	-3.000000e+00	2.155791e-03	3.094260e-05	3.094260e-05
-3.000000e+00	-2.900000e+00	2.849068e-03	3.557170e-05	3.557170e-05
-2.900000e+00	-2.800000e+00	3.693748e-03	4.050270e-05	4.050270e-05
-2.800000e+00	-2.700000e+00	4.657535e-03	4.548107e-05	4.548107e-05
-2.700000e+00	-2.600000e+00	5.998800e-03	5.161609e-05	5.161609e-05
-2.600000e+00	-2.500000e+00	7.794345e-03	5.883573e-05	5.883573e-05
-2.500000e+00	-2.400000e+00	9.679732e-03	6.556696e-05	6.556696e-05
-2.400000e+00	-2.300000e+00	1.240032e-02	7.421089e-05	7.421089e-05
-2.300000e+00	-2.200000e+00	1.572378e-02	8.356626e-05	8.356626e-05
-2.200000e+00	-2.100000e+00	2.002336e-02	9.430203e-05	9.430203e-05
-2.100000e+00	-2.000000e+00	2.503032e-02	1.054350e-04	1.054350e-04
-2.000000e+00	-1.900000e+00	3.129025e-02	1.178844e-04	1.178844e-04
-1.900000e+00	-1.800000e+00	3.931356e-02	1.321362e-04	1.321362e-04
-1.800000e+00	-1.700000e+00	4.862535e-02	1.469547e-04	1.469547e-04
-1.700000e+00	-1.600000e+00	6.054563e-02	1.639810e-04	1.639810e-04
-1.600000e+00	-1.500000e+00	7.437754e-02	1.817496e-04	1.817496e-04
-1.500000e+00	-1.400000e+00	9.065312e-02	2.006519e-04	2.006519e-04
-1.400000e+00	-1.300000e+00	1.105251e-01	2.215550e-04	2.215550e-04
-1.300000e+00	-1.200000e+00	1.338781e-01	2.438408e-04	2.438408e-04
-1.200000e+00	-1.100000e+00	1.611400e-01	2.675185e-04	2.675185e-04
-1.100000e+00	-1.000000e+00	1.914803e-01	2.916177e-04	2.916177e-04
-1.000000e+00	-9.000000e-01	2.255171e-01	3.164764e-04	3.164764e-04
-9.000000e-01	-8.000000e-01	2.628279e-01	3.416547e-04	3.416547e-04
-8.000000e-01	-7.000000e-01	3.026686e-01	3.666363e-04	3.666363e-04
-7.000000e-01	-6.000000e-01	3.446526e-01	3.912397e-04	3.912397e-04
-6.000000e-01	-5.000000e-01	3.865420e-01	4.143343e-04	4.143343e-04
-5.000000e-01	-4.000000e-01	4.269466e-01	4.354511e-04	4.354511e-04
-4.000000e-01	-3.000000e-01	4.627737e-01	4.533533e-04	4.533533e-04
-3.000000e-01	-2.000000e-01	4.925355e-01	4.677043e-04	4.677043e-04
-2.000000e-01	-1.000000e-01	5.135248e-01	4.775656e-04	4.775656e-04
-1.000000e-01	0.000000e+00	5.251955e-01	4.829618e-04	4.829618e-04
0.000000e+00	1.000000e-01	5.253980e-01	4.830554e-04	4.830554e-04
1.000000e-01	2.000000e-01	5.144070e-01	4.779759e-04	4.779759e-04
2.000000e-01	3.000000e-01	4.938925e-01	4.683479e-04	4.683479e-04
3.000000e-01	4.000000e-01	4.636329e-01	4.537743e-04	4.537743e-04
4.000000e-01	5.000000e-01	4.277632e-01	4.358672e-04	4.358672e-04
5.000000e-01	6.000000e-01	3.869104e-01	4.145314e-04	4.145314e-04
6.000000e-01	7.000000e-01	3.446211e-01	3.912215e-04	3.912215e-04
7.000000e-01	8.000000e-01	3.028797e-01	3.667642e-04	3.667642e-04
8.000000e-01	9.000000e-01	2.622225e-01	3.412612e-04	3.412612e-04
9.000000e-01	1.000000e+00	2.244902e-01	3.157554e-04	3.157554e-04
1.000000e+00	1.100000e+00	1.899570e-01	2.904556e-04	2.904556e-04
1.100000e+00	1.200000e+00	1.596968e-01	2.663172e-04	2.663172e-04
1.200000e+00	1.300000e+00	1.329405e-01	2.429854e-04	2.429854e-04
1.300000e+00	1.400000e+00	1.097681e-01	2.207953e-04	2.207953e-04
1.400000e+00	1.500000e+00	9.032565e-02	2.002890e-04	2.002890e-04
1.500000e+00	1.600000e+00	7.403826e-02	1.813341e-04	1.813341e-04
1.600000e+00	1.700000e+00	6.001290e-02	1.632577e-04	1.632577e-04
1.700000e+00	1.800000e+00	4.875849e-02	1.471556e-04	1.471556e-04
1.800000e+00	1.900000e+00	3.900467e-02	1.316164e-04	1.316164e-04
1.900000e+00	2.000000e+00	3.118669e-02	1.176890e-04	1.176890e-04
2.000000e+00	2.100000e+00	2.506842e-02	1.055150e-04	1.055150e-04
2.100000e+00	2.200000e+00	1.971288e-02	9.356796e-05	9.356796e-05
2.200000e+00	2.300000e+00	1.579346e-02	8.375110e-05	8.375110e-05
2.300000e+00	2.400000e+00	1.240261e-02	7.421793e-05	7.421793e-05
2.400000e+00	2.500000e+00	9.806659e-03	6.599511e-05	6.599511e-05
2.500000e+00	2.600000e+00	7.634527e-03	5.822967e-05	5.822967e-05
2.600000e+00	2.700000e+00	6.090673e-03	5.200958e-05	5.200958e-05
2.700000e+00	2.800000e+00	4.660584e-03	4.549565e-05	4.549565e-05
2.800000e+00	2.900000e+00	3.591169e-03	3.993641e-05	3.993641e-05
2.900000e+00	3.000000e+00	2.793069e-03	3.522014e-05	3.522014e-05
3.000000e+00	3.100000e+00	2.088707e-03	3.045720e-05	3.045720e-05
3.100000e+00	3.200000e+00	1.667236e-03	2.721134e-05	2.721134e-05
3.200000e+00	3.300000e+00	1.254200e-03	2.360122e-05	2.360122e-05
3.300000e+00	3.400000e+00	9.419734e-04	2.045354e-05	2.045354e-05
3.400000e+00	3.500000e+00	7.177009e-04	1.785348e-05	1.785348e-05
3.500000e+00	3.600000e+00	5.324906e-04	1.537809e-05	1.537809e-05
3.600000e+00	3.700000e+00	3.983818e-04	1.330158e-05	1.330158e-05
3.700000e+00	3.800000e+00	2.918128e-04	1.138471e-05	1.138471e-05
3.800000e+00	3.900000e+00	2.273967e-04	1.004961e-05	1.004961e-05
3.900000e+00	4.000000e+00	1.772016e-04	8.871177e-06	8.871177e-06
4.000000e+00	4.100000e+00	1.274600e-04	7.523728e-06	7.523728e-06
4.100000e+00	4.200000e+00	8.837929e-05	6.265042e-06	6.265042e-06
4.200000e+00	4.300000e+00	6.794908e-05	5.493358e-06	5.493358e-06
4.300000e+00	4.400000e+00	4.352294e-05	4.396482e-06	4.396482e-06
4.400000e+00	4.500000e+00	4.130238e-05	4.282858e-06	4.282858e-06
4.500000e+00	4.600000e+00	2.444020e-05	3.295533e-06	3.295533e-06
4.600000e+00	4.700000e+00	2.310588e-05	3.204232e-06	3.204232e-06
4.700000e+00	4.800000e+00	1.243513e-05	2.350018e-06	2.350018e-06
4.800000e+00	4.900000e+00	1.376746e-05	2.472709e-06	2.472709e-06
4.900000e+00	5.000000e+00	6.217563e-06	1.661714e-06	1.661714e-06
# END HISTO1D


# BEGIN HISTO1D //mt/home/mbridge/Work/MyHiggsstrahlungV2/tmp/Analysisb.yoda/MyFSAnalysis/RapidityCh
LineColor=green
LineStyle=solid
Path=//mt/home/mbridge/Work/MyHiggsstrahlungV2/tmp/Analysisb.yoda/MyFSAnalysis/RapidityCh
ScaledBy=8.84119966749925891e-06
Title=Analysisb
# xlow	 xhigh	 val	 errminus	 errplus
-5.000000e+00	-4.900000e+00	9.353029e-06	2.091401e-06	2.091401e-06
-4.900000e+00	-4.800000e+00	1.075598e-05	2.242778e-06	2.242778e-06
-4.800000e+00	-4.700000e+00	1.262659e-05	2.429988e-06	2.429988e-06
-4.700000e+00	-4.600000e+00	2.057666e-05	3.102049e-06	3.102049e-06
-4.600000e+00	-4.500000e+00	2.805909e-05	3.622412e-06	3.622412e-06
-4.500000e+00	-4.400000e+00	4.723279e-05	4.699838e-06	4.699838e-06
-4.400000e+00	-4.300000e+00	4.863575e-05	4.769128e-06	4.769128e-06
-4.300000e+00	-4.200000e+00	7.669484e-05	5.988860e-06	5.988860e-06
-4.200000e+00	-4.100000e+00	9.259498e-05	6.580439e-06	6.580439e-06
-4.100000e+00	-4.000000e+00	1.402954e-04	8.099960e-06	8.099960e-06
-4.000000e+00	-3.900000e+00	1.781752e-04	9.128192e-06	9.128192e-06
-3.900000e+00	-3.800000e+00	2.394375e-04	1.058174e-05	1.058174e-05
-3.800000e+00	-3.700000e+00	3.601105e-04	1.297748e-05	1.297748e-05
-3.700000e+00	-3.600000e+00	4.349469e-04	1.426249e-05	1.426249e-05
-3.600000e+00	-3.500000e+00	5.775658e-04	1.643494e-05	1.643494e-05
-3.500000e+00	-3.400000e+00	7.491891e-04	1.871803e-05	1.871803e-05
-3.400000e+00	-3.300000e+00	1.018558e-03	2.182513e-05	2.182513e-05
-3.300000e+00	-3.200000e+00	1.296354e-03	2.462221e-05	2.462221e-05
-3.200000e+00	-3.100000e+00	1.770564e-03	2.877541e-05	2.877541e-05
-3.100000e+00	-3.000000e+00	2.274704e-03	3.261582e-05	3.261582e-05
-3.000000e+00	-2.900000e+00	2.946266e-03	3.711947e-05	3.711947e-05
-2.900000e+00	-2.800000e+00	3.821710e-03	4.227597e-05	4.227597e-05
-2.800000e+00	-2.700000e+00	4.793044e-03	4.734463e-05	4.734463e-05
-2.700000e+00	-2.600000e+00	6.218581e-03	5.392803e-05	5.392803e-05
-2.600000e+00	-2.500000e+00	7.894196e-03	6.076056e-05	6.076056e-05
-2.500000e+00	-2.400000e+00	9.994364e-03	6.836642e-05	6.836642e-05
-2.400000e+00	-2.300000e+00	1.270136e-02	7.707143e-05	7.707143e-05
-2.300000e+00	-2.200000e+00	1.618949e-02	8.701261e-05	8.701261e-05
-2.200000e+00	-2.100000e+00	2.033634e-02	9.752211e-05	9.752211e-05
-2.100000e+00	-2.000000e+00	2.551058e-02	1.092263e-04	1.092263e-04
-2.000000e+00	-1.900000e+00	3.156407e-02	1.214965e-04	1.214965e-04
-1.900000e+00	-1.800000e+00	3.954869e-02	1.359977e-04	1.359977e-04
-1.800000e+00	-1.700000e+00	4.913555e-02	1.515880e-04	1.515880e-04
-1.700000e+00	-1.600000e+00	6.032010e-02	1.679568e-04	1.679568e-04
-1.600000e+00	-1.500000e+00	7.438856e-02	1.865172e-04	1.865172e-04
-1.500000e+00	-1.400000e+00	9.134527e-02	2.066852e-04	2.066852e-04
-1.400000e+00	-1.300000e+00	1.111287e-01	2.279713e-04	2.279713e-04
-1.300000e+00	-1.200000e+00	1.337273e-01	2.500787e-04	2.500787e-04
-1.200000e+00	-1.100000e+00	1.605864e-01	2.740446e-04	2.740446e-04
-1.100000e+00	-1.000000e+00	1.907908e-01	2.987068e-04	2.987068e-04
-1.000000e+00	-9.000000e-01	2.257004e-01	3.248874e-04	3.248874e-04
-9.000000e-01	-8.000000e-01	2.622440e-01	3.502027e-04	3.502027e-04
-8.000000e-01	-7.000000e-01	3.021950e-01	3.759334e-04	3.759334e-04
-7.000000e-01	-6.000000e-01	3.436727e-01	4.009036e-04	4.009036e-04
-6.000000e-01	-5.000000e-01	3.858817e-01	4.248100e-04	4.248100e-04
-5.000000e-01	-4.000000e-01	4.257352e-01	4.462080e-04	4.462080e-04
-4.000000e-01	-3.000000e-01	4.616267e-01	4.646362e-04	4.646362e-04
-3.000000e-01	-2.000000e-01	4.921355e-01	4.797441e-04	4.797441e-04
-2.000000e-01	-1.000000e-01	5.121606e-01	4.894077e-04	4.894077e-04
-1.000000e-01	0.000000e+00	5.246901e-01	4.953577e-04	4.953577e-04
0.000000e+00	1.000000e-01	5.242894e-01	4.951689e-04	4.951689e-04
1.000000e-01	2.000000e-01	5.115895e-01	4.891345e-04	4.891345e-04
2.000000e-01	3.000000e-01	4.913155e-01	4.793444e-04	4.793444e-04
3.000000e-01	4.000000e-01	4.618206e-01	4.647338e-04	4.647338e-04
4.000000e-01	5.000000e-01	4.266791e-01	4.467022e-04	4.467022e-04
5.000000e-01	6.000000e-01	3.861042e-01	4.249321e-04	4.249321e-04
6.000000e-01	7.000000e-01	3.450852e-01	4.017263e-04	4.017263e-04
7.000000e-01	8.000000e-01	3.028076e-01	3.763142e-04	3.763142e-04
8.000000e-01	9.000000e-01	2.626951e-01	3.505039e-04	3.505039e-04
9.000000e-01	1.000000e+00	2.259145e-01	3.250414e-04	3.250414e-04
1.000000e+00	1.100000e+00	1.911196e-01	2.989640e-04	2.989640e-04
1.100000e+00	1.200000e+00	1.607533e-01	2.741869e-04	2.741869e-04
1.200000e+00	1.300000e+00	1.340677e-01	2.503967e-04	2.503967e-04
1.300000e+00	1.400000e+00	1.108997e-01	2.277360e-04	2.277360e-04
1.400000e+00	1.500000e+00	9.140231e-02	2.067498e-04	2.067498e-04
1.500000e+00	1.600000e+00	7.439363e-02	1.865235e-04	1.865235e-04
1.600000e+00	1.700000e+00	6.052010e-02	1.682348e-04	1.682348e-04
1.700000e+00	1.800000e+00	4.905306e-02	1.514604e-04	1.514604e-04
1.800000e+00	1.900000e+00	3.964587e-02	1.361646e-04	1.361646e-04
1.900000e+00	2.000000e+00	3.183046e-02	1.220077e-04	1.220077e-04
2.000000e+00	2.100000e+00	2.540665e-02	1.090033e-04	1.090033e-04
2.100000e+00	2.200000e+00	2.026882e-02	9.735966e-05	9.735966e-05
2.200000e+00	2.300000e+00	1.614778e-02	8.690023e-05	8.690023e-05
2.300000e+00	2.400000e+00	1.281670e-02	7.742007e-05	7.742007e-05
2.400000e+00	2.500000e+00	1.001733e-02	6.844508e-05	6.844508e-05
2.500000e+00	2.600000e+00	7.991399e-03	6.113322e-05	6.113322e-05
2.600000e+00	2.700000e+00	6.202597e-03	5.385831e-05	5.385831e-05
2.700000e+00	2.800000e+00	4.782309e-03	4.729169e-05	4.729169e-05
2.800000e+00	2.900000e+00	3.806291e-03	4.219067e-05	4.219067e-05
2.900000e+00	3.000000e+00	2.923376e-03	3.697517e-05	3.697517e-05
3.000000e+00	3.100000e+00	2.175565e-03	3.189718e-05	3.189718e-05
3.100000e+00	3.200000e+00	1.703259e-03	2.822351e-05	2.822351e-05
3.200000e+00	3.300000e+00	1.318819e-03	2.483480e-05	2.483480e-05
3.300000e+00	3.400000e+00	1.001728e-03	2.164413e-05	2.164413e-05
3.400000e+00	3.500000e+00	7.955199e-04	1.928853e-05	1.928853e-05
3.500000e+00	3.600000e+00	5.611817e-04	1.619992e-05	1.619992e-05
3.600000e+00	3.700000e+00	4.218329e-04	1.404550e-05	1.404550e-05
3.700000e+00	3.800000e+00	3.325030e-04	1.246984e-05	1.246984e-05
3.800000e+00	3.900000e+00	2.459960e-04	1.072594e-05	1.072594e-05
3.900000e+00	4.000000e+00	1.847223e-04	9.294389e-06	9.294389e-06
4.000000e+00	4.100000e+00	1.370249e-04	8.005081e-06	8.005081e-06
4.100000e+00	4.200000e+00	9.259498e-05	6.580439e-06	6.580439e-06
4.200000e+00	4.300000e+00	8.417726e-05	6.274203e-06	6.274203e-06
4.300000e+00	4.400000e+00	5.238475e-05	4.949900e-06	4.949900e-06
4.400000e+00	4.500000e+00	3.975578e-05	4.312124e-06	4.312124e-06
4.500000e+00	4.600000e+00	3.273560e-05	3.912653e-06	3.912653e-06
4.600000e+00	4.700000e+00	2.291492e-05	3.273561e-06	3.273561e-06
4.700000e+00	4.800000e+00	1.543429e-05	2.686766e-06	2.686766e-06
4.800000e+00	4.900000e+00	1.309424e-05	2.474579e-06	2.474579e-06
4.900000e+00	5.000000e+00	1.075598e-05	2.242778e-06	2.242778e-06
# END HISTO1D

