# BEGIN PLOT
Legend=1
LogY=1
DrawOnly=//mt/home/mbridge/Work/MyHiggsstrahlungV2/MyHiggsstrahlungHgg/Analysis.yoda/MyFSAnalysis/Eta
LegendOnly=//mt/home/mbridge/Work/MyHiggsstrahlungV2/MyHiggsstrahlungHgg/Analysis.yoda/MyFSAnalysis/Eta
# END PLOT

# BEGIN HISTO1D //mt/home/mbridge/Work/MyHiggsstrahlungV2/MyHiggsstrahlungHgg/Analysis.yoda/MyFSAnalysis/Eta
LineColor=red
LineStyle=solid
Path=//mt/home/mbridge/Work/MyHiggsstrahlungV2/MyHiggsstrahlungHgg/Analysis.yoda/MyFSAnalysis/Eta
ScaledBy=2.03091170098936187e-02
Title=Analysis
# xlow	 xhigh	 val	 errminus	 errplus
-5.000000e+00	-4.900000e+00	0.000000e+00	0.000000e+00	0.000000e+00
-4.900000e+00	-4.800000e+00	3.190727e-04	2.256185e-04	2.256185e-04
-4.800000e+00	-4.700000e+00	1.595364e-04	1.595364e-04	1.595364e-04
-4.700000e+00	-4.600000e+00	3.190727e-04	2.256185e-04	2.256185e-04
-4.600000e+00	-4.500000e+00	1.595364e-04	1.595364e-04	1.595364e-04
-4.500000e+00	-4.400000e+00	1.595364e-04	1.595364e-04	1.595364e-04
-4.400000e+00	-4.300000e+00	3.190727e-04	2.256185e-04	2.256185e-04
-4.300000e+00	-4.200000e+00	4.786091e-04	2.763251e-04	2.763251e-04
-4.200000e+00	-4.100000e+00	7.976818e-04	3.567342e-04	3.567342e-04
-4.100000e+00	-4.000000e+00	6.381454e-04	3.190727e-04	3.190727e-04
-4.000000e+00	-3.900000e+00	1.595364e-03	5.044983e-04	5.044983e-04
-3.900000e+00	-3.800000e+00	6.381454e-04	3.190727e-04	3.190727e-04
-3.800000e+00	-3.700000e+00	1.116755e-03	4.220936e-04	4.220936e-04
-3.700000e+00	-3.600000e+00	2.233509e-03	5.969304e-04	5.969304e-04
-3.600000e+00	-3.500000e+00	1.914436e-03	5.526502e-04	5.526502e-04
-3.500000e+00	-3.400000e+00	2.393045e-03	6.178817e-04	6.178817e-04
-3.400000e+00	-3.300000e+00	3.669336e-03	7.651095e-04	7.651095e-04
-3.300000e+00	-3.200000e+00	3.669336e-03	7.651095e-04	7.651095e-04
-3.200000e+00	-3.100000e+00	3.828873e-03	7.815654e-04	7.815654e-04
-3.100000e+00	-3.000000e+00	4.626554e-03	8.591296e-04	8.591296e-04
-3.000000e+00	-2.900000e+00	4.626554e-03	8.591296e-04	8.591296e-04
-2.900000e+00	-2.800000e+00	6.540991e-03	1.021531e-03	1.021531e-03
-2.800000e+00	-2.700000e+00	8.136354e-03	1.139317e-03	1.139317e-03
-2.700000e+00	-2.600000e+00	1.021033e-02	1.276291e-03	1.276291e-03
-2.600000e+00	-2.500000e+00	1.149016e-02	1.354130e-03	1.354130e-03
-2.500000e+00	-2.400000e+00	1.515595e-02	1.554968e-03	1.554968e-03
-2.400000e+00	-2.300000e+00	1.866752e-02	1.725814e-03	1.725814e-03
-2.300000e+00	-2.200000e+00	2.185648e-02	1.867325e-03	1.867325e-03
-2.200000e+00	-2.100000e+00	2.808017e-02	2.116623e-03	2.116623e-03
-2.100000e+00	-2.000000e+00	3.685290e-02	2.424743e-03	2.424743e-03
-2.000000e+00	-1.900000e+00	3.988802e-02	2.522742e-03	2.522742e-03
-1.900000e+00	-1.800000e+00	5.472097e-02	2.954655e-03	2.954655e-03
-1.800000e+00	-1.700000e+00	6.110420e-02	3.122279e-03	3.122279e-03
-1.700000e+00	-1.600000e+00	7.722091e-02	3.510043e-03	3.510043e-03
-1.600000e+00	-1.500000e+00	8.870576e-02	3.761962e-03	3.761962e-03
-1.500000e+00	-1.400000e+00	1.068929e-01	4.129634e-03	4.129634e-03
-1.400000e+00	-1.300000e+00	1.171070e-01	4.322498e-03	4.322498e-03
-1.300000e+00	-1.200000e+00	1.494944e-01	4.883771e-03	4.883771e-03
-1.200000e+00	-1.100000e+00	1.745487e-01	5.277257e-03	5.277257e-03
-1.100000e+00	-1.000000e+00	2.101217e-01	5.789994e-03	5.789994e-03
-1.000000e+00	-9.000000e-01	2.351672e-01	6.125311e-03	6.125311e-03
-9.000000e-01	-8.000000e-01	2.736102e-01	6.606938e-03	6.606938e-03
-8.000000e-01	-7.000000e-01	3.004250e-01	6.923268e-03	6.923268e-03
-7.000000e-01	-6.000000e-01	3.419008e-01	7.385656e-03	7.385656e-03
-6.000000e-01	-5.000000e-01	3.618551e-01	7.598248e-03	7.598248e-03
-5.000000e-01	-4.000000e-01	4.098767e-01	8.086701e-03	8.086701e-03
-4.000000e-01	-3.000000e-01	4.309415e-01	8.291942e-03	8.291942e-03
-3.000000e-01	-2.000000e-01	4.442122e-01	8.418922e-03	8.418922e-03
-2.000000e-01	-1.000000e-01	4.815280e-01	8.765210e-03	8.765210e-03
-1.000000e-01	0.000000e+00	4.839122e-01	8.786800e-03	8.786800e-03
0.000000e+00	1.000000e-01	4.679325e-01	8.640269e-03	8.640269e-03
1.000000e-01	2.000000e-01	4.952303e-01	8.888871e-03	8.888871e-03
2.000000e-01	3.000000e-01	4.377835e-01	8.357329e-03	8.357329e-03
3.000000e-01	4.000000e-01	4.452866e-01	8.428686e-03	8.428686e-03
4.000000e-01	5.000000e-01	4.165602e-01	8.152193e-03	8.152193e-03
5.000000e-01	6.000000e-01	3.819618e-01	7.806532e-03	7.806532e-03
6.000000e-01	7.000000e-01	3.364916e-01	7.327169e-03	7.327169e-03
7.000000e-01	8.000000e-01	2.882931e-01	6.781961e-03	6.781961e-03
8.000000e-01	9.000000e-01	2.517538e-01	6.337567e-03	6.337567e-03
9.000000e-01	1.000000e+00	2.338858e-01	6.108533e-03	6.108533e-03
1.000000e+00	1.100000e+00	1.971959e-01	5.609043e-03	5.609043e-03
1.100000e+00	1.200000e+00	1.691248e-01	5.194632e-03	5.194632e-03
1.200000e+00	1.300000e+00	1.423153e-01	4.765070e-03	4.765070e-03
1.300000e+00	1.400000e+00	1.131235e-01	4.248447e-03	4.248447e-03
1.400000e+00	1.500000e+00	1.000327e-01	3.994923e-03	3.994923e-03
1.500000e+00	1.600000e+00	8.120401e-02	3.599304e-03	3.599304e-03
1.600000e+00	1.700000e+00	6.955962e-02	3.331302e-03	3.331302e-03
1.700000e+00	1.800000e+00	6.094289e-02	3.118110e-03	3.118110e-03
1.800000e+00	1.900000e+00	4.961581e-02	2.813454e-03	2.813454e-03
1.900000e+00	2.000000e+00	3.557661e-02	2.382386e-03	2.382386e-03
2.000000e+00	2.100000e+00	3.398124e-02	2.328357e-03	2.328357e-03
2.100000e+00	2.200000e+00	2.775933e-02	2.104429e-03	2.104429e-03
2.200000e+00	2.300000e+00	2.329231e-02	1.927685e-03	1.927685e-03
2.300000e+00	2.400000e+00	2.042242e-02	1.805105e-03	1.805105e-03
2.400000e+00	2.500000e+00	1.595364e-02	1.595364e-03	1.595364e-03
2.500000e+00	2.600000e+00	1.467735e-02	1.530219e-03	1.530219e-03
2.600000e+00	2.700000e+00	1.005079e-02	1.266281e-03	1.266281e-03
2.700000e+00	2.800000e+00	8.614963e-03	1.172348e-03	1.172348e-03
2.800000e+00	2.900000e+00	7.019600e-03	1.058244e-03	1.058244e-03
2.900000e+00	3.000000e+00	5.105164e-03	9.024739e-04	9.024739e-04
3.000000e+00	3.100000e+00	4.786091e-03	8.738166e-04	8.738166e-04
3.100000e+00	3.200000e+00	3.988409e-03	7.976818e-04	7.976818e-04
3.200000e+00	3.300000e+00	3.350264e-03	7.310875e-04	7.310875e-04
3.300000e+00	3.400000e+00	2.073973e-03	5.752166e-04	5.752166e-04
3.400000e+00	3.500000e+00	1.914436e-03	5.526502e-04	5.526502e-04
3.500000e+00	3.600000e+00	1.435827e-03	4.786091e-04	4.786091e-04
3.600000e+00	3.700000e+00	6.381454e-04	3.190727e-04	3.190727e-04
3.700000e+00	3.800000e+00	6.381454e-04	3.190727e-04	3.190727e-04
3.800000e+00	3.900000e+00	1.595364e-03	5.044983e-04	5.044983e-04
3.900000e+00	4.000000e+00	4.786091e-04	2.763251e-04	2.763251e-04
4.000000e+00	4.100000e+00	7.976818e-04	3.567342e-04	3.567342e-04
4.100000e+00	4.200000e+00	1.435827e-03	4.786091e-04	4.786091e-04
4.200000e+00	4.300000e+00	7.976818e-04	3.567342e-04	3.567342e-04
4.300000e+00	4.400000e+00	0.000000e+00	0.000000e+00	0.000000e+00
4.400000e+00	4.500000e+00	1.595364e-04	1.595364e-04	1.595364e-04
4.500000e+00	4.600000e+00	1.595364e-04	1.595364e-04	1.595364e-04
4.600000e+00	4.700000e+00	0.000000e+00	0.000000e+00	0.000000e+00
4.700000e+00	4.800000e+00	3.190727e-04	2.256185e-04	2.256185e-04
4.800000e+00	4.900000e+00	0.000000e+00	0.000000e+00	0.000000e+00
4.900000e+00	5.000000e+00	0.000000e+00	0.000000e+00	0.000000e+00
# END HISTO1D

