# BEGIN PLOT
Legend=1
LogY=1
DrawOnly=//mt/home/mbridge/Work/MyHiggsstrahlungV2/MyHiggsstrahlungHgg/Analysis.yoda/MyFSAnalysis/Pt
LegendOnly=//mt/home/mbridge/Work/MyHiggsstrahlungV2/MyHiggsstrahlungHgg/Analysis.yoda/MyFSAnalysis/Pt
# END PLOT

# BEGIN HISTO1D //mt/home/mbridge/Work/MyHiggsstrahlungV2/MyHiggsstrahlungHgg/Analysis.yoda/MyFSAnalysis/Pt
LineColor=red
LineStyle=solid
Path=//mt/home/mbridge/Work/MyHiggsstrahlungV2/MyHiggsstrahlungHgg/Analysis.yoda/MyFSAnalysis/Pt
ScaledBy=2.03091170098936187e-02
Title=Analysis
# xlow	 xhigh	 val	 errminus	 errplus
0.000000e+00	1.500000e+00	4.935165e-01	2.291119e-03	2.291119e-03
1.500000e+00	3.000000e+00	9.033473e-02	9.802222e-04	9.802222e-04
3.000000e+00	4.500000e+00	3.495103e-02	6.097144e-04	6.097144e-04
4.500000e+00	6.000000e+00	1.758229e-02	4.324536e-04	4.324536e-04
6.000000e+00	7.500000e+00	9.892067e-03	3.243740e-04	3.243740e-04
7.500000e+00	9.000000e+00	6.924593e-03	2.713966e-04	2.713966e-04
9.000000e+00	1.050000e+01	4.127033e-03	2.095185e-04	2.095185e-04
1.050000e+01	1.200000e+01	2.563217e-03	1.651114e-04	1.651114e-04
1.200000e+01	1.350000e+01	1.935708e-03	1.434842e-04	1.434842e-04
1.350000e+01	1.500000e+01	1.297563e-03	1.174758e-04	1.174758e-04
1.500000e+01	1.650000e+01	9.891253e-04	1.025675e-04	1.025675e-04
1.650000e+01	1.800000e+01	7.445033e-04	8.898514e-05	8.898514e-05
1.800000e+01	1.950000e+01	4.041588e-04	6.556321e-05	6.556321e-05
1.950000e+01	2.100000e+01	3.404753e-04	6.018825e-05	6.018825e-05
2.100000e+01	2.250000e+01	1.914436e-04	4.512370e-05	4.512370e-05
2.250000e+01	2.400000e+01	1.808079e-04	4.385235e-05	4.385235e-05
2.400000e+01	2.550000e+01	1.701721e-04	4.254303e-05	4.254303e-05
2.550000e+01	2.700000e+01	1.063576e-04	3.363322e-05	3.363322e-05
2.700000e+01	2.850000e+01	8.508607e-05	3.008246e-05	3.008246e-05
2.850000e+01	3.000000e+01	1.169933e-04	3.527482e-05	3.527482e-05
3.000000e+01	3.150000e+01	7.445033e-05	2.813957e-05	2.813957e-05
3.150000e+01	3.300000e+01	4.254303e-05	2.127151e-05	2.127151e-05
3.300000e+01	3.450000e+01	1.063576e-05	1.063576e-05	1.063576e-05
3.450000e+01	3.600000e+01	2.127151e-05	1.504123e-05	1.504123e-05
3.600000e+01	3.750000e+01	3.190727e-05	1.842167e-05	1.842167e-05
3.750000e+01	3.900000e+01	2.127151e-05	1.504123e-05	1.504123e-05
3.900000e+01	4.050000e+01	1.063576e-05	1.063576e-05	1.063576e-05
4.050000e+01	4.200000e+01	0.000000e+00	0.000000e+00	0.000000e+00
4.200000e+01	4.350000e+01	0.000000e+00	0.000000e+00	0.000000e+00
4.350000e+01	4.500000e+01	0.000000e+00	0.000000e+00	0.000000e+00
4.500000e+01	4.650000e+01	0.000000e+00	0.000000e+00	0.000000e+00
4.650000e+01	4.800000e+01	0.000000e+00	0.000000e+00	0.000000e+00
4.800000e+01	4.950000e+01	0.000000e+00	0.000000e+00	0.000000e+00
4.950000e+01	5.100000e+01	0.000000e+00	0.000000e+00	0.000000e+00
5.100000e+01	5.250000e+01	0.000000e+00	0.000000e+00	0.000000e+00
5.250000e+01	5.400000e+01	0.000000e+00	0.000000e+00	0.000000e+00
5.400000e+01	5.550000e+01	0.000000e+00	0.000000e+00	0.000000e+00
5.550000e+01	5.700000e+01	0.000000e+00	0.000000e+00	0.000000e+00
5.700000e+01	5.850000e+01	0.000000e+00	0.000000e+00	0.000000e+00
5.850000e+01	6.000000e+01	0.000000e+00	0.000000e+00	0.000000e+00
6.000000e+01	6.150000e+01	0.000000e+00	0.000000e+00	0.000000e+00
6.150000e+01	6.300000e+01	0.000000e+00	0.000000e+00	0.000000e+00
6.300000e+01	6.450000e+01	0.000000e+00	0.000000e+00	0.000000e+00
6.450000e+01	6.600000e+01	0.000000e+00	0.000000e+00	0.000000e+00
6.600000e+01	6.750000e+01	0.000000e+00	0.000000e+00	0.000000e+00
6.750000e+01	6.900000e+01	0.000000e+00	0.000000e+00	0.000000e+00
6.900000e+01	7.050000e+01	0.000000e+00	0.000000e+00	0.000000e+00
7.050000e+01	7.200000e+01	0.000000e+00	0.000000e+00	0.000000e+00
7.200000e+01	7.350000e+01	0.000000e+00	0.000000e+00	0.000000e+00
7.350000e+01	7.500000e+01	0.000000e+00	0.000000e+00	0.000000e+00
7.500000e+01	7.650000e+01	0.000000e+00	0.000000e+00	0.000000e+00
7.650000e+01	7.800000e+01	0.000000e+00	0.000000e+00	0.000000e+00
7.800000e+01	7.950000e+01	0.000000e+00	0.000000e+00	0.000000e+00
7.950000e+01	8.100000e+01	0.000000e+00	0.000000e+00	0.000000e+00
8.100000e+01	8.250000e+01	0.000000e+00	0.000000e+00	0.000000e+00
8.250000e+01	8.400000e+01	0.000000e+00	0.000000e+00	0.000000e+00
8.400000e+01	8.550000e+01	0.000000e+00	0.000000e+00	0.000000e+00
8.550000e+01	8.700000e+01	0.000000e+00	0.000000e+00	0.000000e+00
8.700000e+01	8.850000e+01	0.000000e+00	0.000000e+00	0.000000e+00
8.850000e+01	9.000000e+01	0.000000e+00	0.000000e+00	0.000000e+00
9.000000e+01	9.150000e+01	0.000000e+00	0.000000e+00	0.000000e+00
9.150000e+01	9.300000e+01	0.000000e+00	0.000000e+00	0.000000e+00
9.300000e+01	9.450000e+01	0.000000e+00	0.000000e+00	0.000000e+00
9.450000e+01	9.600000e+01	0.000000e+00	0.000000e+00	0.000000e+00
9.600000e+01	9.750000e+01	0.000000e+00	0.000000e+00	0.000000e+00
9.750000e+01	9.900000e+01	0.000000e+00	0.000000e+00	0.000000e+00
9.900000e+01	1.005000e+02	0.000000e+00	0.000000e+00	0.000000e+00
1.005000e+02	1.020000e+02	0.000000e+00	0.000000e+00	0.000000e+00
1.020000e+02	1.035000e+02	0.000000e+00	0.000000e+00	0.000000e+00
1.035000e+02	1.050000e+02	0.000000e+00	0.000000e+00	0.000000e+00
1.050000e+02	1.065000e+02	0.000000e+00	0.000000e+00	0.000000e+00
1.065000e+02	1.080000e+02	0.000000e+00	0.000000e+00	0.000000e+00
1.080000e+02	1.095000e+02	0.000000e+00	0.000000e+00	0.000000e+00
1.095000e+02	1.110000e+02	0.000000e+00	0.000000e+00	0.000000e+00
1.110000e+02	1.125000e+02	0.000000e+00	0.000000e+00	0.000000e+00
1.125000e+02	1.140000e+02	0.000000e+00	0.000000e+00	0.000000e+00
1.140000e+02	1.155000e+02	0.000000e+00	0.000000e+00	0.000000e+00
1.155000e+02	1.170000e+02	0.000000e+00	0.000000e+00	0.000000e+00
1.170000e+02	1.185000e+02	0.000000e+00	0.000000e+00	0.000000e+00
1.185000e+02	1.200000e+02	0.000000e+00	0.000000e+00	0.000000e+00
1.200000e+02	1.215000e+02	0.000000e+00	0.000000e+00	0.000000e+00
1.215000e+02	1.230000e+02	0.000000e+00	0.000000e+00	0.000000e+00
1.230000e+02	1.245000e+02	0.000000e+00	0.000000e+00	0.000000e+00
1.245000e+02	1.260000e+02	0.000000e+00	0.000000e+00	0.000000e+00
1.260000e+02	1.275000e+02	0.000000e+00	0.000000e+00	0.000000e+00
1.275000e+02	1.290000e+02	0.000000e+00	0.000000e+00	0.000000e+00
1.290000e+02	1.305000e+02	0.000000e+00	0.000000e+00	0.000000e+00
1.305000e+02	1.320000e+02	0.000000e+00	0.000000e+00	0.000000e+00
1.320000e+02	1.335000e+02	0.000000e+00	0.000000e+00	0.000000e+00
1.335000e+02	1.350000e+02	0.000000e+00	0.000000e+00	0.000000e+00
1.350000e+02	1.365000e+02	0.000000e+00	0.000000e+00	0.000000e+00
1.365000e+02	1.380000e+02	0.000000e+00	0.000000e+00	0.000000e+00
1.380000e+02	1.395000e+02	0.000000e+00	0.000000e+00	0.000000e+00
1.395000e+02	1.410000e+02	0.000000e+00	0.000000e+00	0.000000e+00
1.410000e+02	1.425000e+02	0.000000e+00	0.000000e+00	0.000000e+00
1.425000e+02	1.440000e+02	0.000000e+00	0.000000e+00	0.000000e+00
1.440000e+02	1.455000e+02	0.000000e+00	0.000000e+00	0.000000e+00
1.455000e+02	1.470000e+02	0.000000e+00	0.000000e+00	0.000000e+00
1.470000e+02	1.485000e+02	0.000000e+00	0.000000e+00	0.000000e+00
1.485000e+02	1.500000e+02	0.000000e+00	0.000000e+00	0.000000e+00
# END HISTO1D

