# BEGIN PLOT
Legend=1
LogY=1
DrawOnly=//mt/home/mbridge/Work/MyHiggsstrahlungV2/MyHiggsstrahlungHgg/Analysis.yoda/MyFSAnalysis/PtCh
LegendOnly=//mt/home/mbridge/Work/MyHiggsstrahlungV2/MyHiggsstrahlungHgg/Analysis.yoda/MyFSAnalysis/PtCh
# END PLOT

# BEGIN HISTO1D //mt/home/mbridge/Work/MyHiggsstrahlungV2/MyHiggsstrahlungHgg/Analysis.yoda/MyFSAnalysis/PtCh
LineColor=red
LineStyle=solid
Path=//mt/home/mbridge/Work/MyHiggsstrahlungV2/MyHiggsstrahlungHgg/Analysis.yoda/MyFSAnalysis/PtCh
ScaledBy=4.27676860840684250e-02
Title=Analysis
# xlow	 xhigh	 val	 errminus	 errplus
0.000000e+00	1.500000e+00	4.357601e-01	3.124150e-03	3.124150e-03
1.500000e+00	3.000000e+00	1.159571e-01	1.611604e-03	1.611604e-03
3.000000e+00	4.500000e+00	4.795489e-02	1.036394e-03	1.036394e-03
4.500000e+00	6.000000e+00	2.394474e-02	7.323551e-04	7.323551e-04
6.000000e+00	7.500000e+00	1.350625e-02	5.500173e-04	5.500173e-04
7.500000e+00	9.000000e+00	9.877907e-03	4.703769e-04	4.703769e-04
9.000000e+00	1.050000e+01	5.936006e-03	3.646464e-04	3.646464e-04
1.050000e+01	1.200000e+01	3.785121e-03	2.911632e-04	2.911632e-04
1.200000e+01	1.350000e+01	2.687660e-03	2.453487e-04	2.453487e-04
1.350000e+01	1.500000e+01	1.836568e-03	2.028150e-04	2.028150e-04
1.500000e+01	1.650000e+01	1.478213e-03	1.819555e-04	1.819555e-04
1.650000e+01	1.800000e+01	1.097461e-03	1.567802e-04	1.567802e-04
1.800000e+01	1.950000e+01	5.599292e-04	1.119859e-04	1.119859e-04
1.950000e+01	2.100000e+01	5.602053e-04	1.120414e-04	1.120414e-04
2.100000e+01	2.250000e+01	2.687660e-04	7.758608e-05	7.758608e-05
2.250000e+01	2.400000e+01	2.687660e-04	7.758608e-05	7.758608e-05
2.400000e+01	2.550000e+01	2.687660e-04	7.758608e-05	7.758608e-05
2.550000e+01	2.700000e+01	2.239717e-04	7.082608e-05	7.082608e-05
2.700000e+01	2.850000e+01	1.343830e-04	5.486164e-05	5.486164e-05
2.850000e+01	3.000000e+01	2.015745e-04	6.719150e-05	6.719150e-05
3.000000e+01	3.150000e+01	1.343830e-04	5.486164e-05	5.486164e-05
3.150000e+01	3.300000e+01	6.719153e-05	3.879303e-05	3.879303e-05
3.300000e+01	3.450000e+01	2.239717e-05	2.239717e-05	2.239717e-05
3.450000e+01	3.600000e+01	4.479434e-05	3.167438e-05	3.167438e-05
3.600000e+01	3.750000e+01	6.719153e-05	3.879303e-05	3.879303e-05
3.750000e+01	3.900000e+01	2.239717e-05	2.239717e-05	2.239717e-05
3.900000e+01	4.050000e+01	0.000000e+00	0.000000e+00	0.000000e+00
4.050000e+01	4.200000e+01	0.000000e+00	0.000000e+00	0.000000e+00
4.200000e+01	4.350000e+01	0.000000e+00	0.000000e+00	0.000000e+00
4.350000e+01	4.500000e+01	0.000000e+00	0.000000e+00	0.000000e+00
4.500000e+01	4.650000e+01	0.000000e+00	0.000000e+00	0.000000e+00
4.650000e+01	4.800000e+01	0.000000e+00	0.000000e+00	0.000000e+00
4.800000e+01	4.950000e+01	0.000000e+00	0.000000e+00	0.000000e+00
4.950000e+01	5.100000e+01	0.000000e+00	0.000000e+00	0.000000e+00
5.100000e+01	5.250000e+01	0.000000e+00	0.000000e+00	0.000000e+00
5.250000e+01	5.400000e+01	0.000000e+00	0.000000e+00	0.000000e+00
5.400000e+01	5.550000e+01	0.000000e+00	0.000000e+00	0.000000e+00
5.550000e+01	5.700000e+01	0.000000e+00	0.000000e+00	0.000000e+00
5.700000e+01	5.850000e+01	0.000000e+00	0.000000e+00	0.000000e+00
5.850000e+01	6.000000e+01	0.000000e+00	0.000000e+00	0.000000e+00
6.000000e+01	6.150000e+01	0.000000e+00	0.000000e+00	0.000000e+00
6.150000e+01	6.300000e+01	0.000000e+00	0.000000e+00	0.000000e+00
6.300000e+01	6.450000e+01	0.000000e+00	0.000000e+00	0.000000e+00
6.450000e+01	6.600000e+01	0.000000e+00	0.000000e+00	0.000000e+00
6.600000e+01	6.750000e+01	0.000000e+00	0.000000e+00	0.000000e+00
6.750000e+01	6.900000e+01	0.000000e+00	0.000000e+00	0.000000e+00
6.900000e+01	7.050000e+01	0.000000e+00	0.000000e+00	0.000000e+00
7.050000e+01	7.200000e+01	0.000000e+00	0.000000e+00	0.000000e+00
7.200000e+01	7.350000e+01	0.000000e+00	0.000000e+00	0.000000e+00
7.350000e+01	7.500000e+01	0.000000e+00	0.000000e+00	0.000000e+00
7.500000e+01	7.650000e+01	0.000000e+00	0.000000e+00	0.000000e+00
7.650000e+01	7.800000e+01	0.000000e+00	0.000000e+00	0.000000e+00
7.800000e+01	7.950000e+01	0.000000e+00	0.000000e+00	0.000000e+00
7.950000e+01	8.100000e+01	0.000000e+00	0.000000e+00	0.000000e+00
8.100000e+01	8.250000e+01	0.000000e+00	0.000000e+00	0.000000e+00
8.250000e+01	8.400000e+01	0.000000e+00	0.000000e+00	0.000000e+00
8.400000e+01	8.550000e+01	0.000000e+00	0.000000e+00	0.000000e+00
8.550000e+01	8.700000e+01	0.000000e+00	0.000000e+00	0.000000e+00
8.700000e+01	8.850000e+01	0.000000e+00	0.000000e+00	0.000000e+00
8.850000e+01	9.000000e+01	0.000000e+00	0.000000e+00	0.000000e+00
9.000000e+01	9.150000e+01	0.000000e+00	0.000000e+00	0.000000e+00
9.150000e+01	9.300000e+01	0.000000e+00	0.000000e+00	0.000000e+00
9.300000e+01	9.450000e+01	0.000000e+00	0.000000e+00	0.000000e+00
9.450000e+01	9.600000e+01	0.000000e+00	0.000000e+00	0.000000e+00
9.600000e+01	9.750000e+01	0.000000e+00	0.000000e+00	0.000000e+00
9.750000e+01	9.900000e+01	0.000000e+00	0.000000e+00	0.000000e+00
9.900000e+01	1.005000e+02	0.000000e+00	0.000000e+00	0.000000e+00
1.005000e+02	1.020000e+02	0.000000e+00	0.000000e+00	0.000000e+00
1.020000e+02	1.035000e+02	0.000000e+00	0.000000e+00	0.000000e+00
1.035000e+02	1.050000e+02	0.000000e+00	0.000000e+00	0.000000e+00
1.050000e+02	1.065000e+02	0.000000e+00	0.000000e+00	0.000000e+00
1.065000e+02	1.080000e+02	0.000000e+00	0.000000e+00	0.000000e+00
1.080000e+02	1.095000e+02	0.000000e+00	0.000000e+00	0.000000e+00
1.095000e+02	1.110000e+02	0.000000e+00	0.000000e+00	0.000000e+00
1.110000e+02	1.125000e+02	0.000000e+00	0.000000e+00	0.000000e+00
1.125000e+02	1.140000e+02	0.000000e+00	0.000000e+00	0.000000e+00
1.140000e+02	1.155000e+02	0.000000e+00	0.000000e+00	0.000000e+00
1.155000e+02	1.170000e+02	0.000000e+00	0.000000e+00	0.000000e+00
1.170000e+02	1.185000e+02	0.000000e+00	0.000000e+00	0.000000e+00
1.185000e+02	1.200000e+02	0.000000e+00	0.000000e+00	0.000000e+00
1.200000e+02	1.215000e+02	0.000000e+00	0.000000e+00	0.000000e+00
1.215000e+02	1.230000e+02	0.000000e+00	0.000000e+00	0.000000e+00
1.230000e+02	1.245000e+02	0.000000e+00	0.000000e+00	0.000000e+00
1.245000e+02	1.260000e+02	0.000000e+00	0.000000e+00	0.000000e+00
1.260000e+02	1.275000e+02	0.000000e+00	0.000000e+00	0.000000e+00
1.275000e+02	1.290000e+02	0.000000e+00	0.000000e+00	0.000000e+00
1.290000e+02	1.305000e+02	0.000000e+00	0.000000e+00	0.000000e+00
1.305000e+02	1.320000e+02	0.000000e+00	0.000000e+00	0.000000e+00
1.320000e+02	1.335000e+02	0.000000e+00	0.000000e+00	0.000000e+00
1.335000e+02	1.350000e+02	0.000000e+00	0.000000e+00	0.000000e+00
1.350000e+02	1.365000e+02	0.000000e+00	0.000000e+00	0.000000e+00
1.365000e+02	1.380000e+02	0.000000e+00	0.000000e+00	0.000000e+00
1.380000e+02	1.395000e+02	0.000000e+00	0.000000e+00	0.000000e+00
1.395000e+02	1.410000e+02	0.000000e+00	0.000000e+00	0.000000e+00
1.410000e+02	1.425000e+02	0.000000e+00	0.000000e+00	0.000000e+00
1.425000e+02	1.440000e+02	0.000000e+00	0.000000e+00	0.000000e+00
1.440000e+02	1.455000e+02	0.000000e+00	0.000000e+00	0.000000e+00
1.455000e+02	1.470000e+02	0.000000e+00	0.000000e+00	0.000000e+00
1.470000e+02	1.485000e+02	0.000000e+00	0.000000e+00	0.000000e+00
1.485000e+02	1.500000e+02	0.000000e+00	0.000000e+00	0.000000e+00
# END HISTO1D

