# BEGIN PLOT
Legend=1
LogY=0
Title=Total multiplicity of events
XLabel=$N$
YLabel=$1/\sigma \; \mathrm{d}\sigma/\mathrm{d}N$
DrawOnly=//mt/home/mbridge/Work/e+e-/Analysis.yoda/MC_FSPARTICLES/Mult
LegendOnly=//mt/home/mbridge/Work/e+e-/Analysis.yoda/MC_FSPARTICLES/Mult
# END PLOT

# BEGIN HISTO1D //mt/home/mbridge/Work/e+e-/Analysis.yoda/MC_FSPARTICLES/Mult
LineColor=red
LineStyle=solid
Path=//mt/home/mbridge/Work/e+e-/Analysis.yoda/MC_FSPARTICLES/Mult
ScaledBy=5.93892007962991086e-11
Title=Analysis
# xlow	 xhigh	 val	 errminus	 errplus
-5.000000e-01	1.500000e+00	1.174504e-04	1.174504e-04	1.174504e-04
1.500000e+00	3.500000e+00	0.000000e+00	0.000000e+00	0.000000e+00
3.500000e+00	5.500000e+00	2.997437e-04	1.223699e-04	1.223699e-04
5.500000e+00	7.500000e+00	6.494445e-04	1.801236e-04	1.801236e-04
7.500000e+00	9.500000e+00	2.597779e-03	3.602471e-04	3.602471e-04
9.500000e+00	1.150000e+01	5.295470e-03	5.143418e-04	5.143418e-04
1.150000e+01	1.350000e+01	1.208979e-02	7.771613e-04	7.771613e-04
1.350000e+01	1.550000e+01	2.139031e-02	1.033975e-03	1.033975e-03
1.550000e+01	1.750000e+01	3.202521e-02	1.264922e-03	1.264922e-03
1.750000e+01	1.950000e+01	4.642898e-02	1.524377e-03	1.524377e-03
1.950000e+01	2.150000e+01	5.072515e-02	1.592221e-03	1.592221e-03
2.150000e+01	2.350000e+01	6.148520e-02	1.753335e-03	1.753335e-03
2.350000e+01	2.550000e+01	5.880360e-02	1.714960e-03	1.714960e-03
2.550000e+01	2.750000e+01	5.146215e-02	1.603513e-03	1.603513e-03
2.750000e+01	2.950000e+01	4.781468e-02	1.545633e-03	1.545633e-03
2.950000e+01	3.150000e+01	3.615364e-02	1.347053e-03	1.347053e-03
3.150000e+01	3.350000e+01	2.548165e-02	1.129899e-03	1.129899e-03
3.350000e+01	3.550000e+01	2.009597e-02	1.002382e-03	1.002382e-03
3.550000e+01	3.750000e+01	1.139026e-02	7.543385e-04	7.543385e-04
3.750000e+01	3.950000e+01	7.793335e-03	6.239663e-04	6.239663e-04
3.950000e+01	4.150000e+01	4.446838e-03	4.713644e-04	4.713644e-04
4.150000e+01	4.350000e+01	1.854741e-03	3.049812e-04	3.049812e-04
4.350000e+01	4.550000e+01	8.992310e-04	2.119508e-04	2.119508e-04
4.550000e+01	4.750000e+01	3.497010e-04	1.321746e-04	1.321746e-04
4.750000e+01	4.950000e+01	1.498719e-04	8.652855e-05	8.652855e-05
4.950000e+01	5.150000e+01	1.498719e-04	8.652855e-05	8.652855e-05
5.150000e+01	5.350000e+01	4.995729e-05	4.995728e-05	4.995728e-05
5.350000e+01	5.550000e+01	0.000000e+00	0.000000e+00	0.000000e+00
5.550000e+01	5.750000e+01	0.000000e+00	0.000000e+00	0.000000e+00
5.750000e+01	5.950000e+01	0.000000e+00	0.000000e+00	0.000000e+00
5.950000e+01	6.150000e+01	0.000000e+00	0.000000e+00	0.000000e+00
6.150000e+01	6.350000e+01	0.000000e+00	0.000000e+00	0.000000e+00
6.350000e+01	6.550000e+01	0.000000e+00	0.000000e+00	0.000000e+00
6.550000e+01	6.750000e+01	0.000000e+00	0.000000e+00	0.000000e+00
6.750000e+01	6.950000e+01	0.000000e+00	0.000000e+00	0.000000e+00
6.950000e+01	7.150000e+01	0.000000e+00	0.000000e+00	0.000000e+00
7.150000e+01	7.350000e+01	0.000000e+00	0.000000e+00	0.000000e+00
7.350000e+01	7.550000e+01	0.000000e+00	0.000000e+00	0.000000e+00
7.550000e+01	7.750000e+01	0.000000e+00	0.000000e+00	0.000000e+00
7.750000e+01	7.950000e+01	0.000000e+00	0.000000e+00	0.000000e+00
7.950000e+01	8.150000e+01	0.000000e+00	0.000000e+00	0.000000e+00
8.150000e+01	8.350000e+01	0.000000e+00	0.000000e+00	0.000000e+00
8.350000e+01	8.550000e+01	0.000000e+00	0.000000e+00	0.000000e+00
8.550000e+01	8.750000e+01	0.000000e+00	0.000000e+00	0.000000e+00
8.750000e+01	8.950000e+01	0.000000e+00	0.000000e+00	0.000000e+00
8.950000e+01	9.150000e+01	0.000000e+00	0.000000e+00	0.000000e+00
9.150000e+01	9.350000e+01	0.000000e+00	0.000000e+00	0.000000e+00
9.350000e+01	9.550000e+01	0.000000e+00	0.000000e+00	0.000000e+00
9.550000e+01	9.750000e+01	0.000000e+00	0.000000e+00	0.000000e+00
9.750000e+01	9.950000e+01	0.000000e+00	0.000000e+00	0.000000e+00
9.950000e+01	1.015000e+02	0.000000e+00	0.000000e+00	0.000000e+00
1.015000e+02	1.035000e+02	0.000000e+00	0.000000e+00	0.000000e+00
1.035000e+02	1.055000e+02	0.000000e+00	0.000000e+00	0.000000e+00
1.055000e+02	1.075000e+02	0.000000e+00	0.000000e+00	0.000000e+00
1.075000e+02	1.095000e+02	0.000000e+00	0.000000e+00	0.000000e+00
1.095000e+02	1.115000e+02	0.000000e+00	0.000000e+00	0.000000e+00
1.115000e+02	1.135000e+02	0.000000e+00	0.000000e+00	0.000000e+00
1.135000e+02	1.155000e+02	0.000000e+00	0.000000e+00	0.000000e+00
1.155000e+02	1.175000e+02	0.000000e+00	0.000000e+00	0.000000e+00
1.175000e+02	1.195000e+02	0.000000e+00	0.000000e+00	0.000000e+00
1.195000e+02	1.215000e+02	0.000000e+00	0.000000e+00	0.000000e+00
1.215000e+02	1.235000e+02	0.000000e+00	0.000000e+00	0.000000e+00
1.235000e+02	1.255000e+02	0.000000e+00	0.000000e+00	0.000000e+00
1.255000e+02	1.275000e+02	0.000000e+00	0.000000e+00	0.000000e+00
1.275000e+02	1.295000e+02	0.000000e+00	0.000000e+00	0.000000e+00
1.295000e+02	1.315000e+02	0.000000e+00	0.000000e+00	0.000000e+00
1.315000e+02	1.335000e+02	0.000000e+00	0.000000e+00	0.000000e+00
1.335000e+02	1.355000e+02	0.000000e+00	0.000000e+00	0.000000e+00
1.355000e+02	1.375000e+02	0.000000e+00	0.000000e+00	0.000000e+00
1.375000e+02	1.395000e+02	0.000000e+00	0.000000e+00	0.000000e+00
1.395000e+02	1.415000e+02	0.000000e+00	0.000000e+00	0.000000e+00
1.415000e+02	1.435000e+02	0.000000e+00	0.000000e+00	0.000000e+00
1.435000e+02	1.455000e+02	0.000000e+00	0.000000e+00	0.000000e+00
1.455000e+02	1.475000e+02	0.000000e+00	0.000000e+00	0.000000e+00
1.475000e+02	1.495000e+02	0.000000e+00	0.000000e+00	0.000000e+00
1.495000e+02	1.515000e+02	0.000000e+00	0.000000e+00	0.000000e+00
1.515000e+02	1.535000e+02	0.000000e+00	0.000000e+00	0.000000e+00
1.535000e+02	1.555000e+02	0.000000e+00	0.000000e+00	0.000000e+00
1.555000e+02	1.575000e+02	0.000000e+00	0.000000e+00	0.000000e+00
1.575000e+02	1.595000e+02	0.000000e+00	0.000000e+00	0.000000e+00
1.595000e+02	1.615000e+02	0.000000e+00	0.000000e+00	0.000000e+00
1.615000e+02	1.635000e+02	0.000000e+00	0.000000e+00	0.000000e+00
1.635000e+02	1.655000e+02	0.000000e+00	0.000000e+00	0.000000e+00
1.655000e+02	1.675000e+02	0.000000e+00	0.000000e+00	0.000000e+00
1.675000e+02	1.695000e+02	0.000000e+00	0.000000e+00	0.000000e+00
1.695000e+02	1.715000e+02	0.000000e+00	0.000000e+00	0.000000e+00
1.715000e+02	1.735000e+02	0.000000e+00	0.000000e+00	0.000000e+00
1.735000e+02	1.755000e+02	0.000000e+00	0.000000e+00	0.000000e+00
1.755000e+02	1.775000e+02	0.000000e+00	0.000000e+00	0.000000e+00
1.775000e+02	1.795000e+02	0.000000e+00	0.000000e+00	0.000000e+00
1.795000e+02	1.815000e+02	0.000000e+00	0.000000e+00	0.000000e+00
1.815000e+02	1.835000e+02	0.000000e+00	0.000000e+00	0.000000e+00
1.835000e+02	1.855000e+02	0.000000e+00	0.000000e+00	0.000000e+00
1.855000e+02	1.875000e+02	0.000000e+00	0.000000e+00	0.000000e+00
1.875000e+02	1.895000e+02	0.000000e+00	0.000000e+00	0.000000e+00
1.895000e+02	1.915000e+02	0.000000e+00	0.000000e+00	0.000000e+00
1.915000e+02	1.935000e+02	0.000000e+00	0.000000e+00	0.000000e+00
1.935000e+02	1.955000e+02	0.000000e+00	0.000000e+00	0.000000e+00
1.955000e+02	1.975000e+02	0.000000e+00	0.000000e+00	0.000000e+00
1.975000e+02	1.995000e+02	0.000000e+00	0.000000e+00	0.000000e+00
# END HISTO1D

