# BEGIN PLOT
Legend=1
LogY=1
DrawOnly=//mt/home/mbridge/Work/my_higgsstrahlung2/Analysis.yoda/MyAnalysis/H_BMax
LegendOnly=//mt/home/mbridge/Work/my_higgsstrahlung2/Analysis.yoda/MyAnalysis/H_BMax
# END PLOT

# BEGIN HISTO1D //mt/home/mbridge/Work/my_higgsstrahlung2/Analysis.yoda/MyAnalysis/H_BMax
LineColor=red
LineStyle=solid
Path=//mt/home/mbridge/Work/my_higgsstrahlung2/Analysis.yoda/MyAnalysis/H_BMax
ScaledBy=1.94724396198779040e-04
Title=Analysis
# xlow	 xhigh	 val	 errminus	 errplus
0.000000e+00	1.000000e-02	0.000000e+00	0.000000e+00	0.000000e+00
1.000000e-02	2.000000e-02	3.423927e-04	2.421082e-04	2.421082e-04
2.000000e-02	3.000000e-02	1.741174e-03	5.147378e-04	5.147378e-04
3.000000e-02	4.000000e-02	7.773785e-03	1.111028e-03	1.111028e-03
4.000000e-02	5.000000e-02	3.062281e-02	2.202238e-03	2.202238e-03
5.000000e-02	6.000000e-02	8.086601e-02	3.579813e-03	3.579813e-03
6.000000e-02	7.000000e-02	2.155102e-01	5.892354e-03	5.892354e-03
7.000000e-02	8.000000e-02	4.782735e-01	8.822700e-03	8.822700e-03
8.000000e-02	9.000000e-02	9.616513e-01	1.255413e-02	1.255413e-02
9.000000e-02	1.000000e-01	1.845812e+00	1.745674e-02	1.745674e-02
1.000000e-01	1.100000e-01	3.238266e+00	2.319988e-02	2.319988e-02
1.100000e-01	1.200000e-01	4.672943e+00	2.792575e-02	2.792575e-02
1.200000e-01	1.300000e-01	6.130568e+00	3.203492e-02	3.203492e-02
1.300000e-01	1.400000e-01	7.360432e+00	3.513255e-02	3.513255e-02
1.400000e-01	1.500000e-01	8.212896e+00	3.714449e-02	3.714449e-02
1.500000e-01	1.600000e-01	8.801378e+00	3.848869e-02	3.848869e-02
1.600000e-01	1.700000e-01	8.814363e+00	3.854736e-02	3.854736e-02
1.700000e-01	1.800000e-01	8.481618e+00	3.783740e-02	3.783740e-02
1.800000e-01	1.900000e-01	7.726169e+00	3.613173e-02	3.613173e-02
1.900000e-01	2.000000e-01	6.838921e+00	3.400837e-02	3.400837e-02
2.000000e-01	2.100000e-01	5.990026e+00	3.184475e-02	3.184475e-02
2.100000e-01	2.200000e-01	5.028402e+00	2.919698e-02	2.919698e-02
2.200000e-01	2.300000e-01	4.180736e+00	2.663927e-02	2.663927e-02
2.300000e-01	2.400000e-01	3.364549e+00	2.391424e-02	2.391424e-02
2.400000e-01	2.500000e-01	2.577959e+00	2.093686e-02	2.093686e-02
2.500000e-01	2.600000e-01	1.851978e+00	1.775115e-02	1.775115e-02
2.600000e-01	2.700000e-01	1.162476e+00	1.406163e-02	1.406163e-02
2.700000e-01	2.800000e-01	6.975174e-01	1.089080e-02	1.089080e-02
2.800000e-01	2.900000e-01	5.176524e-01	9.390150e-03	9.390150e-03
2.900000e-01	3.000000e-01	3.776858e-01	8.021393e-03	8.021393e-03
3.000000e-01	3.100000e-01	1.782602e-01	5.500491e-03	5.500491e-03
3.100000e-01	3.200000e-01	9.910934e-02	4.098728e-03	4.098728e-03
3.200000e-01	3.300000e-01	4.439212e-02	2.739751e-03	2.739751e-03
3.300000e-01	3.400000e-01	1.868346e-02	1.771477e-03	1.771477e-03
3.400000e-01	3.500000e-01	7.579533e-03	1.123182e-03	1.123182e-03
3.500000e-01	3.600000e-01	1.546400e-03	4.852915e-04	4.852915e-04
3.600000e-01	3.700000e-01	1.269106e-03	4.534030e-04	4.534030e-04
3.700000e-01	3.800000e-01	2.357728e-05	1.178864e-05	1.178864e-05
3.800000e-01	3.900000e-01	5.894320e-06	5.894319e-06	5.894319e-06
3.900000e-01	4.000000e-01	0.000000e+00	0.000000e+00	0.000000e+00
4.000000e-01	4.100000e-01	0.000000e+00	0.000000e+00	0.000000e+00
4.100000e-01	4.200000e-01	0.000000e+00	0.000000e+00	0.000000e+00
4.200000e-01	4.300000e-01	0.000000e+00	0.000000e+00	0.000000e+00
4.300000e-01	4.400000e-01	0.000000e+00	0.000000e+00	0.000000e+00
4.400000e-01	4.500000e-01	0.000000e+00	0.000000e+00	0.000000e+00
4.500000e-01	4.600000e-01	0.000000e+00	0.000000e+00	0.000000e+00
4.600000e-01	4.700000e-01	0.000000e+00	0.000000e+00	0.000000e+00
4.700000e-01	4.800000e-01	0.000000e+00	0.000000e+00	0.000000e+00
4.800000e-01	4.900000e-01	0.000000e+00	0.000000e+00	0.000000e+00
4.900000e-01	5.000000e-01	0.000000e+00	0.000000e+00	0.000000e+00
5.000000e-01	5.100000e-01	0.000000e+00	0.000000e+00	0.000000e+00
5.100000e-01	5.200000e-01	0.000000e+00	0.000000e+00	0.000000e+00
5.200000e-01	5.300000e-01	0.000000e+00	0.000000e+00	0.000000e+00
5.300000e-01	5.400000e-01	0.000000e+00	0.000000e+00	0.000000e+00
5.400000e-01	5.500000e-01	0.000000e+00	0.000000e+00	0.000000e+00
5.500000e-01	5.600000e-01	0.000000e+00	0.000000e+00	0.000000e+00
5.600000e-01	5.700000e-01	0.000000e+00	0.000000e+00	0.000000e+00
5.700000e-01	5.800000e-01	0.000000e+00	0.000000e+00	0.000000e+00
5.800000e-01	5.900000e-01	0.000000e+00	0.000000e+00	0.000000e+00
5.900000e-01	6.000000e-01	0.000000e+00	0.000000e+00	0.000000e+00
6.000000e-01	6.100000e-01	0.000000e+00	0.000000e+00	0.000000e+00
6.100000e-01	6.200000e-01	0.000000e+00	0.000000e+00	0.000000e+00
6.200000e-01	6.300000e-01	0.000000e+00	0.000000e+00	0.000000e+00
6.300000e-01	6.400000e-01	0.000000e+00	0.000000e+00	0.000000e+00
6.400000e-01	6.500000e-01	0.000000e+00	0.000000e+00	0.000000e+00
6.500000e-01	6.600000e-01	0.000000e+00	0.000000e+00	0.000000e+00
6.600000e-01	6.700000e-01	0.000000e+00	0.000000e+00	0.000000e+00
6.700000e-01	6.800000e-01	0.000000e+00	0.000000e+00	0.000000e+00
6.800000e-01	6.900000e-01	0.000000e+00	0.000000e+00	0.000000e+00
6.900000e-01	7.000000e-01	0.000000e+00	0.000000e+00	0.000000e+00
7.000000e-01	7.100000e-01	0.000000e+00	0.000000e+00	0.000000e+00
7.100000e-01	7.200000e-01	0.000000e+00	0.000000e+00	0.000000e+00
7.200000e-01	7.300000e-01	0.000000e+00	0.000000e+00	0.000000e+00
7.300000e-01	7.400000e-01	0.000000e+00	0.000000e+00	0.000000e+00
7.400000e-01	7.500000e-01	0.000000e+00	0.000000e+00	0.000000e+00
7.500000e-01	7.600000e-01	0.000000e+00	0.000000e+00	0.000000e+00
7.600000e-01	7.700000e-01	0.000000e+00	0.000000e+00	0.000000e+00
7.700000e-01	7.800000e-01	0.000000e+00	0.000000e+00	0.000000e+00
7.800000e-01	7.900000e-01	0.000000e+00	0.000000e+00	0.000000e+00
7.900000e-01	8.000000e-01	0.000000e+00	0.000000e+00	0.000000e+00
8.000000e-01	8.100000e-01	0.000000e+00	0.000000e+00	0.000000e+00
8.100000e-01	8.200000e-01	0.000000e+00	0.000000e+00	0.000000e+00
8.200000e-01	8.300000e-01	0.000000e+00	0.000000e+00	0.000000e+00
8.300000e-01	8.400000e-01	0.000000e+00	0.000000e+00	0.000000e+00
8.400000e-01	8.500000e-01	0.000000e+00	0.000000e+00	0.000000e+00
8.500000e-01	8.600000e-01	0.000000e+00	0.000000e+00	0.000000e+00
8.600000e-01	8.700000e-01	0.000000e+00	0.000000e+00	0.000000e+00
8.700000e-01	8.800000e-01	0.000000e+00	0.000000e+00	0.000000e+00
8.800000e-01	8.900000e-01	0.000000e+00	0.000000e+00	0.000000e+00
8.900000e-01	9.000000e-01	0.000000e+00	0.000000e+00	0.000000e+00
9.000000e-01	9.100000e-01	0.000000e+00	0.000000e+00	0.000000e+00
9.100000e-01	9.200000e-01	0.000000e+00	0.000000e+00	0.000000e+00
9.200000e-01	9.300000e-01	0.000000e+00	0.000000e+00	0.000000e+00
9.300000e-01	9.400000e-01	0.000000e+00	0.000000e+00	0.000000e+00
9.400000e-01	9.500000e-01	0.000000e+00	0.000000e+00	0.000000e+00
9.500000e-01	9.600000e-01	0.000000e+00	0.000000e+00	0.000000e+00
9.600000e-01	9.700000e-01	0.000000e+00	0.000000e+00	0.000000e+00
9.700000e-01	9.800000e-01	0.000000e+00	0.000000e+00	0.000000e+00
9.800000e-01	9.900000e-01	0.000000e+00	0.000000e+00	0.000000e+00
9.900000e-01	1.000000e+00	0.000000e+00	0.000000e+00	0.000000e+00
# END HISTO1D

