# BEGIN PLOT
Legend=1
LogY=1
DrawOnly=//mt/home/mbridge/Work/MyHiggsstrahlungV2/MyHiggsstrahlungHgg/Analysis.yoda/MyZAnalysis/Z_pT
LegendOnly=//mt/home/mbridge/Work/MyHiggsstrahlungV2/MyHiggsstrahlungHgg/Analysis.yoda/MyZAnalysis/Z_pT
# END PLOT

# BEGIN HISTO1D //mt/home/mbridge/Work/MyHiggsstrahlungV2/MyHiggsstrahlungHgg/Analysis.yoda/MyZAnalysis/Z_pT
LineColor=red
LineStyle=solid
Path=//mt/home/mbridge/Work/MyHiggsstrahlungV2/MyHiggsstrahlungHgg/Analysis.yoda/MyZAnalysis/Z_pT
ScaledBy=1.48016543484707541e+00
Title=Analysis
# xlow	 xhigh	 val	 errminus	 errplus
1.000000e+00	1.049039e+00	0.000000e+00	0.000000e+00	0.000000e+00
1.049039e+00	1.100484e+00	0.000000e+00	0.000000e+00	0.000000e+00
1.100484e+00	1.154451e+00	0.000000e+00	0.000000e+00	0.000000e+00
1.154451e+00	1.211064e+00	0.000000e+00	0.000000e+00	0.000000e+00
1.211064e+00	1.270454e+00	0.000000e+00	0.000000e+00	0.000000e+00
1.270454e+00	1.332757e+00	1.866250e-02	1.866250e-02	1.866250e-02
1.332757e+00	1.398114e+00	0.000000e+00	0.000000e+00	0.000000e+00
1.398114e+00	1.466677e+00	0.000000e+00	0.000000e+00	0.000000e+00
1.466677e+00	1.538602e+00	1.616587e-02	1.616587e-02	1.616587e-02
1.538602e+00	1.614054e+00	0.000000e+00	0.000000e+00	0.000000e+00
1.614054e+00	1.693207e+00	0.000000e+00	0.000000e+00	0.000000e+00
1.693207e+00	1.776240e+00	0.000000e+00	0.000000e+00	0.000000e+00
1.776240e+00	1.863346e+00	0.000000e+00	0.000000e+00	0.000000e+00
1.863346e+00	1.954724e+00	0.000000e+00	0.000000e+00	0.000000e+00
1.954724e+00	2.050582e+00	0.000000e+00	0.000000e+00	0.000000e+00
2.050582e+00	2.151142e+00	0.000000e+00	0.000000e+00	0.000000e+00
2.151142e+00	2.256632e+00	1.102218e-02	1.102218e-02	1.102218e-02
2.256632e+00	2.367296e+00	0.000000e+00	0.000000e+00	0.000000e+00
2.367296e+00	2.483387e+00	0.000000e+00	0.000000e+00	0.000000e+00
2.483387e+00	2.605171e+00	0.000000e+00	0.000000e+00	0.000000e+00
2.605171e+00	2.732927e+00	0.000000e+00	0.000000e+00	0.000000e+00
2.732927e+00	2.866948e+00	0.000000e+00	0.000000e+00	0.000000e+00
2.866948e+00	3.007542e+00	0.000000e+00	0.000000e+00	0.000000e+00
3.007542e+00	3.155030e+00	0.000000e+00	0.000000e+00	0.000000e+00
3.155030e+00	3.309751e+00	0.000000e+00	0.000000e+00	0.000000e+00
3.309751e+00	3.472059e+00	0.000000e+00	0.000000e+00	0.000000e+00
3.472059e+00	3.642327e+00	0.000000e+00	0.000000e+00	0.000000e+00
3.642327e+00	3.820945e+00	6.509590e-03	6.509590e-03	6.509590e-03
3.820945e+00	4.008322e+00	0.000000e+00	0.000000e+00	0.000000e+00
4.008322e+00	4.204887e+00	0.000000e+00	0.000000e+00	0.000000e+00
4.204887e+00	4.411093e+00	0.000000e+00	0.000000e+00	0.000000e+00
4.411093e+00	4.627410e+00	0.000000e+00	0.000000e+00	0.000000e+00
4.627410e+00	4.854336e+00	0.000000e+00	0.000000e+00	0.000000e+00
4.854336e+00	5.092390e+00	0.000000e+00	0.000000e+00	0.000000e+00
5.092390e+00	5.342118e+00	0.000000e+00	0.000000e+00	0.000000e+00
5.342118e+00	5.604092e+00	0.000000e+00	0.000000e+00	0.000000e+00
5.604092e+00	5.878913e+00	4.230863e-03	4.230863e-03	4.230863e-03
5.878913e+00	6.167212e+00	4.033070e-03	4.033070e-03	4.033070e-03
6.167212e+00	6.469649e+00	0.000000e+00	0.000000e+00	0.000000e+00
6.469649e+00	6.786916e+00	3.664831e-03	3.664831e-03	3.664831e-03
6.786916e+00	7.119743e+00	0.000000e+00	0.000000e+00	0.000000e+00
7.119743e+00	7.468891e+00	6.660385e-03	4.709603e-03	4.709603e-03
7.468891e+00	7.835161e+00	3.174516e-03	3.174516e-03	3.174516e-03
7.835161e+00	8.219393e+00	3.026114e-03	3.026114e-03	3.026114e-03
8.219393e+00	8.622467e+00	2.884656e-03	2.884656e-03	2.884656e-03
8.622467e+00	9.045308e+00	5.499609e-03	3.888810e-03	3.888810e-03
9.045308e+00	9.488885e+00	0.000000e+00	0.000000e+00	0.000000e+00
9.488885e+00	9.954215e+00	7.496164e-03	4.327912e-03	4.327912e-03
9.954215e+00	1.044236e+01	1.190968e-02	5.326170e-03	5.326170e-03
1.044236e+01	1.095445e+01	9.082232e-03	4.541116e-03	4.541116e-03
1.095445e+01	1.149165e+01	2.164427e-03	2.164427e-03	2.164427e-03
1.149165e+01	1.205520e+01	4.126448e-03	2.917840e-03	2.917840e-03
1.205520e+01	1.264638e+01	3.933590e-03	2.781468e-03	2.781468e-03
1.264638e+01	1.326655e+01	0.000000e+00	0.000000e+00	0.000000e+00
1.326655e+01	1.391713e+01	7.148883e-03	3.574442e-03	3.574442e-03
1.391713e+01	1.459962e+01	3.407317e-03	2.409337e-03	2.409337e-03
1.459962e+01	1.531558e+01	4.872046e-03	2.812877e-03	2.812877e-03
1.531558e+01	1.606664e+01	3.096237e-03	2.189370e-03	2.189370e-03
1.606664e+01	1.685454e+01	7.378665e-03	3.299839e-03	3.299839e-03
1.685454e+01	1.768108e+01	2.813488e-03	1.989436e-03	1.989436e-03
1.768108e+01	1.854815e+01	6.704937e-03	2.998539e-03	2.998539e-03
1.854815e+01	1.945774e+01	3.834904e-03	2.214083e-03	2.214083e-03
1.945774e+01	2.041194e+01	6.092695e-03	2.724736e-03	2.724736e-03
2.041194e+01	2.141293e+01	4.646320e-03	2.323160e-03	2.323160e-03
2.141293e+01	2.246300e+01	7.751017e-03	2.929609e-03	2.929609e-03
2.246300e+01	2.356458e+01	9.499601e-03	3.166534e-03	3.166534e-03
2.356458e+01	2.472017e+01	1.207414e-02	3.485505e-03	3.485505e-03
2.472017e+01	2.593243e+01	1.534628e-02	3.836570e-03	3.836570e-03
2.593243e+01	2.720414e+01	1.462887e-02	3.657218e-03	3.657218e-03
2.720414e+01	2.853822e+01	8.715594e-03	2.756113e-03	2.756113e-03
2.853822e+01	2.993772e+01	1.744718e-02	3.807287e-03	3.807287e-03
2.993772e+01	3.140585e+01	1.029574e-02	2.855526e-03	2.855526e-03
3.140585e+01	3.294597e+01	1.509921e-02	3.376287e-03	3.376287e-03
3.294597e+01	3.456162e+01	1.295401e-02	3.053289e-03	3.053289e-03
3.456162e+01	3.625650e+01	1.989472e-02	3.694357e-03	3.694357e-03
3.625650e+01	3.803450e+01	2.485025e-02	4.031242e-03	4.031242e-03
3.803450e+01	3.989969e+01	2.867567e-02	4.227997e-03	4.227997e-03
3.989969e+01	4.185635e+01	2.198696e-02	3.614634e-03	3.614634e-03
4.185635e+01	4.390896e+01	3.228846e-02	4.276711e-03	4.276711e-03
4.390896e+01	4.606223e+01	4.049875e-02	4.676394e-03	4.676394e-03
4.606223e+01	4.832110e+01	4.478235e-02	4.801173e-03	4.801173e-03
4.832110e+01	5.069074e+01	6.918557e-02	5.826478e-03	5.826478e-03
5.069074e+01	5.317658e+01	5.192933e-02	4.928921e-03	4.928921e-03
5.317658e+01	5.578433e+01	1.248999e-02	2.360393e-03	2.360393e-03
5.578433e+01	5.851997e+01	8.547766e-04	6.044276e-04	6.044276e-04
5.851997e+01	6.138975e+01	0.000000e+00	0.000000e+00	0.000000e+00
6.138975e+01	6.440027e+01	0.000000e+00	0.000000e+00	0.000000e+00
6.440027e+01	6.755842e+01	0.000000e+00	0.000000e+00	0.000000e+00
6.755842e+01	7.087145e+01	0.000000e+00	0.000000e+00	0.000000e+00
7.087145e+01	7.434694e+01	0.000000e+00	0.000000e+00	0.000000e+00
7.434694e+01	7.799288e+01	0.000000e+00	0.000000e+00	0.000000e+00
7.799288e+01	8.181760e+01	0.000000e+00	0.000000e+00	0.000000e+00
8.181760e+01	8.582989e+01	0.000000e+00	0.000000e+00	0.000000e+00
8.582989e+01	9.003894e+01	0.000000e+00	0.000000e+00	0.000000e+00
9.003894e+01	9.445440e+01	0.000000e+00	0.000000e+00	0.000000e+00
9.445440e+01	9.908639e+01	0.000000e+00	0.000000e+00	0.000000e+00
9.908639e+01	1.039455e+02	0.000000e+00	0.000000e+00	0.000000e+00
1.039455e+02	1.090430e+02	0.000000e+00	0.000000e+00	0.000000e+00
1.090430e+02	1.143904e+02	0.000000e+00	0.000000e+00	0.000000e+00
1.143904e+02	1.200000e+02	0.000000e+00	0.000000e+00	0.000000e+00
# END HISTO1D

