# BEGIN PLOT
Legend=1
LogY=1
DrawOnly=//mt/home/mbridge/Work/MyHiggsstrahlungV2/MyHiggsstrahlungHgg/Analysis.yoda/MyZAnalysis/ZM
LegendOnly=//mt/home/mbridge/Work/MyHiggsstrahlungV2/MyHiggsstrahlungHgg/Analysis.yoda/MyZAnalysis/ZM
# END PLOT

# BEGIN HISTO1D //mt/home/mbridge/Work/MyHiggsstrahlungV2/MyHiggsstrahlungHgg/Analysis.yoda/MyZAnalysis/ZM
LineColor=red
LineStyle=solid
Path=//mt/home/mbridge/Work/MyHiggsstrahlungV2/MyHiggsstrahlungHgg/Analysis.yoda/MyZAnalysis/ZM
ScaledBy=1.48016543484707541e+00
Title=Analysis
# xlow	 xhigh	 val	 errminus	 errplus
0.000000e+00	1.000000e+00	1.162730e-03	1.162730e-03	1.162730e-03
1.000000e+00	2.000000e+00	2.325460e-03	1.644349e-03	1.644349e-03
2.000000e+00	3.000000e+00	1.162730e-03	1.162730e-03	1.162730e-03
3.000000e+00	4.000000e+00	1.162730e-03	1.162730e-03	1.162730e-03
4.000000e+00	5.000000e+00	0.000000e+00	0.000000e+00	0.000000e+00
5.000000e+00	6.000000e+00	2.325460e-03	1.644349e-03	1.644349e-03
6.000000e+00	7.000000e+00	1.162730e-03	1.162730e-03	1.162730e-03
7.000000e+00	8.000000e+00	3.488190e-03	2.013907e-03	2.013907e-03
8.000000e+00	9.000000e+00	4.650920e-03	2.325460e-03	2.325460e-03
9.000000e+00	1.000000e+01	3.488190e-03	2.013907e-03	2.013907e-03
1.000000e+01	1.100000e+01	1.046457e-02	3.488190e-03	3.488190e-03
1.100000e+01	1.200000e+01	3.488190e-03	2.013907e-03	2.013907e-03
1.200000e+01	1.300000e+01	2.325460e-03	1.644349e-03	1.644349e-03
1.300000e+01	1.400000e+01	4.650920e-03	2.325460e-03	2.325460e-03
1.400000e+01	1.500000e+01	4.650920e-03	2.325460e-03	2.325460e-03
1.500000e+01	1.600000e+01	3.488190e-03	2.013907e-03	2.013907e-03
1.600000e+01	1.700000e+01	5.813650e-03	2.599943e-03	2.599943e-03
1.700000e+01	1.800000e+01	4.650920e-03	2.325460e-03	2.325460e-03
1.800000e+01	1.900000e+01	4.650920e-03	2.325460e-03	2.325460e-03
1.900000e+01	2.000000e+01	2.325460e-03	1.644349e-03	1.644349e-03
2.000000e+01	2.100000e+01	6.976380e-03	2.848095e-03	2.848095e-03
2.100000e+01	2.200000e+01	1.162730e-02	3.676875e-03	3.676875e-03
2.200000e+01	2.300000e+01	5.813650e-03	2.599943e-03	2.599943e-03
2.300000e+01	2.400000e+01	1.046457e-02	3.488190e-03	3.488190e-03
2.400000e+01	2.500000e+01	1.046457e-02	3.488190e-03	3.488190e-03
2.500000e+01	2.600000e+01	1.744095e-02	4.503234e-03	4.503234e-03
2.600000e+01	2.700000e+01	1.511549e-02	4.192283e-03	4.192283e-03
2.700000e+01	2.800000e+01	1.279003e-02	3.856339e-03	3.856339e-03
2.800000e+01	2.900000e+01	4.650920e-03	2.325460e-03	2.325460e-03
2.900000e+01	3.000000e+01	2.209187e-02	5.068223e-03	5.068223e-03
3.000000e+01	3.100000e+01	1.279003e-02	3.856339e-03	3.856339e-03
3.100000e+01	3.200000e+01	5.813650e-03	2.599943e-03	2.599943e-03
3.200000e+01	3.300000e+01	1.976641e-02	4.794059e-03	4.794059e-03
3.300000e+01	3.400000e+01	1.511549e-02	4.192283e-03	4.192283e-03
3.400000e+01	3.500000e+01	1.279003e-02	3.856339e-03	3.856339e-03
3.500000e+01	3.600000e+01	2.441733e-02	5.328298e-03	5.328298e-03
3.600000e+01	3.700000e+01	1.627822e-02	4.350538e-03	4.350538e-03
3.700000e+01	3.800000e+01	2.790552e-02	5.696191e-03	5.696191e-03
3.800000e+01	3.900000e+01	3.488190e-02	6.368534e-03	6.368534e-03
3.900000e+01	4.000000e+01	2.092914e-02	4.933046e-03	4.933046e-03
4.000000e+01	4.100000e+01	2.209187e-02	5.068223e-03	5.068223e-03
4.100000e+01	4.200000e+01	2.558006e-02	5.453688e-03	5.453688e-03
4.200000e+01	4.300000e+01	3.604463e-02	6.473807e-03	6.473807e-03
4.300000e+01	4.400000e+01	2.558006e-02	5.453688e-03	5.453688e-03
4.400000e+01	4.500000e+01	3.720736e-02	6.577395e-03	6.577395e-03
4.500000e+01	4.600000e+01	4.534647e-02	7.261247e-03	7.261247e-03
4.600000e+01	4.700000e+01	3.837009e-02	6.679376e-03	6.679376e-03
4.700000e+01	4.800000e+01	5.581104e-02	8.055630e-03	8.055630e-03
4.800000e+01	4.900000e+01	5.813650e-02	8.221743e-03	8.221743e-03
4.900000e+01	5.000000e+01	5.813650e-02	8.221743e-03	8.221743e-03
5.000000e+01	5.100000e+01	9.069294e-02	1.026895e-02	1.026895e-02
5.100000e+01	5.200000e+01	5.464831e-02	7.971275e-03	7.971275e-03
5.200000e+01	5.300000e+01	3.606955e-02	6.478330e-03	6.478330e-03
5.300000e+01	5.400000e+01	1.861802e-02	4.654525e-03	4.654525e-03
5.400000e+01	5.500000e+01	1.627822e-02	4.350538e-03	4.350538e-03
5.500000e+01	5.600000e+01	3.488190e-03	2.013907e-03	2.013907e-03
5.600000e+01	5.700000e+01	2.338361e-03	1.653496e-03	1.653496e-03
5.700000e+01	5.800000e+01	0.000000e+00	0.000000e+00	0.000000e+00
5.800000e+01	5.900000e+01	0.000000e+00	0.000000e+00	0.000000e+00
5.900000e+01	6.000000e+01	0.000000e+00	0.000000e+00	0.000000e+00
6.000000e+01	6.100000e+01	0.000000e+00	0.000000e+00	0.000000e+00
6.100000e+01	6.200000e+01	0.000000e+00	0.000000e+00	0.000000e+00
6.200000e+01	6.300000e+01	0.000000e+00	0.000000e+00	0.000000e+00
6.300000e+01	6.400000e+01	0.000000e+00	0.000000e+00	0.000000e+00
6.400000e+01	6.500000e+01	0.000000e+00	0.000000e+00	0.000000e+00
6.500000e+01	6.600000e+01	0.000000e+00	0.000000e+00	0.000000e+00
6.600000e+01	6.700000e+01	0.000000e+00	0.000000e+00	0.000000e+00
6.700000e+01	6.800000e+01	0.000000e+00	0.000000e+00	0.000000e+00
6.800000e+01	6.900000e+01	0.000000e+00	0.000000e+00	0.000000e+00
6.900000e+01	7.000000e+01	0.000000e+00	0.000000e+00	0.000000e+00
7.000000e+01	7.100000e+01	0.000000e+00	0.000000e+00	0.000000e+00
7.100000e+01	7.200000e+01	0.000000e+00	0.000000e+00	0.000000e+00
7.200000e+01	7.300000e+01	0.000000e+00	0.000000e+00	0.000000e+00
7.300000e+01	7.400000e+01	0.000000e+00	0.000000e+00	0.000000e+00
7.400000e+01	7.500000e+01	0.000000e+00	0.000000e+00	0.000000e+00
7.500000e+01	7.600000e+01	0.000000e+00	0.000000e+00	0.000000e+00
7.600000e+01	7.700000e+01	0.000000e+00	0.000000e+00	0.000000e+00
7.700000e+01	7.800000e+01	0.000000e+00	0.000000e+00	0.000000e+00
7.800000e+01	7.900000e+01	0.000000e+00	0.000000e+00	0.000000e+00
7.900000e+01	8.000000e+01	0.000000e+00	0.000000e+00	0.000000e+00
8.000000e+01	8.100000e+01	0.000000e+00	0.000000e+00	0.000000e+00
8.100000e+01	8.200000e+01	0.000000e+00	0.000000e+00	0.000000e+00
8.200000e+01	8.300000e+01	0.000000e+00	0.000000e+00	0.000000e+00
8.300000e+01	8.400000e+01	0.000000e+00	0.000000e+00	0.000000e+00
8.400000e+01	8.500000e+01	0.000000e+00	0.000000e+00	0.000000e+00
8.500000e+01	8.600000e+01	0.000000e+00	0.000000e+00	0.000000e+00
8.600000e+01	8.700000e+01	0.000000e+00	0.000000e+00	0.000000e+00
8.700000e+01	8.800000e+01	0.000000e+00	0.000000e+00	0.000000e+00
8.800000e+01	8.900000e+01	0.000000e+00	0.000000e+00	0.000000e+00
8.900000e+01	9.000000e+01	0.000000e+00	0.000000e+00	0.000000e+00
9.000000e+01	9.100000e+01	0.000000e+00	0.000000e+00	0.000000e+00
9.100000e+01	9.200000e+01	0.000000e+00	0.000000e+00	0.000000e+00
9.200000e+01	9.300000e+01	0.000000e+00	0.000000e+00	0.000000e+00
9.300000e+01	9.400000e+01	0.000000e+00	0.000000e+00	0.000000e+00
9.400000e+01	9.500000e+01	0.000000e+00	0.000000e+00	0.000000e+00
9.500000e+01	9.600000e+01	0.000000e+00	0.000000e+00	0.000000e+00
9.600000e+01	9.700000e+01	0.000000e+00	0.000000e+00	0.000000e+00
9.700000e+01	9.800000e+01	0.000000e+00	0.000000e+00	0.000000e+00
9.800000e+01	9.900000e+01	0.000000e+00	0.000000e+00	0.000000e+00
9.900000e+01	1.000000e+02	0.000000e+00	0.000000e+00	0.000000e+00
# END HISTO1D

