# BEGIN PLOT
Legend=1
LogY=1
DrawOnly=//mt/home/mbridge/Work/CX/Analysis.yoda/MyFSAnalysis/Mult
LegendOnly=//mt/home/mbridge/Work/CX/Analysis.yoda/MyFSAnalysis/Mult
# END PLOT

# BEGIN HISTO1D //mt/home/mbridge/Work/CX/Analysis.yoda/MyFSAnalysis/Mult
ErrorBars=1
LineColor=red
LineStyle=solid
Path=//mt/home/mbridge/Work/CX/Analysis.yoda/MyFSAnalysis/Mult
ScaledBy=1.28523642366987385e-03
Title=Analysis
# xlow	 xhigh	 val	 errminus	 errplus
0.000000e+00	1.000000e+00	0.000000e+00	0.000000e+00	0.000000e+00
1.000000e+00	2.000000e+00	0.000000e+00	0.000000e+00	0.000000e+00
2.000000e+00	3.000000e+00	2.728513e-03	9.646750e-04	9.646750e-04
3.000000e+00	4.000000e+00	3.410641e-04	3.410641e-04	3.410641e-04
4.000000e+00	5.000000e+00	8.867667e-03	1.739093e-03	1.739093e-03
5.000000e+00	6.000000e+00	1.023192e-02	1.868085e-03	1.868085e-03
6.000000e+00	7.000000e+00	1.159618e-02	1.988728e-03	1.988728e-03
7.000000e+00	8.000000e+00	1.159618e-02	1.988728e-03	1.988728e-03
8.000000e+00	9.000000e+00	1.364256e-02	2.157079e-03	2.157079e-03
9.000000e+00	1.000000e+01	1.159618e-02	1.988728e-03	1.988728e-03
1.000000e+01	1.100000e+01	5.798090e-03	1.406243e-03	1.406243e-03
1.100000e+01	1.200000e+01	6.139154e-03	1.447012e-03	1.447012e-03
1.200000e+01	1.300000e+01	5.115962e-03	1.320936e-03	1.320936e-03
1.300000e+01	1.400000e+01	3.410641e-03	1.078539e-03	1.078539e-03
1.400000e+01	1.500000e+01	2.728513e-03	9.646750e-04	9.646750e-04
1.500000e+01	1.600000e+01	1.364256e-03	6.821282e-04	6.821282e-04
1.600000e+01	1.700000e+01	6.821282e-04	4.823375e-04	4.823375e-04
1.700000e+01	1.800000e+01	2.728513e-03	9.646750e-04	9.646750e-04
1.800000e+01	1.900000e+01	1.023192e-03	5.907404e-04	5.907404e-04
1.900000e+01	2.000000e+01	1.705321e-03	7.626426e-04	7.626426e-04
2.000000e+01	2.100000e+01	1.705321e-03	7.626426e-04	7.626426e-04
2.100000e+01	2.200000e+01	2.728513e-03	9.646750e-04	9.646750e-04
2.200000e+01	2.300000e+01	3.069577e-03	1.023193e-03	1.023193e-03
2.300000e+01	2.400000e+01	4.092769e-03	1.181481e-03	1.181481e-03
2.400000e+01	2.500000e+01	3.410641e-03	1.078539e-03	1.078539e-03
2.500000e+01	2.600000e+01	3.751705e-03	1.131182e-03	1.131182e-03
2.600000e+01	2.700000e+01	4.092769e-03	1.181481e-03	1.181481e-03
2.700000e+01	2.800000e+01	5.115962e-03	1.320936e-03	1.320936e-03
2.800000e+01	2.900000e+01	5.798090e-03	1.406243e-03	1.406243e-03
2.900000e+01	3.000000e+01	3.751705e-03	1.131182e-03	1.131182e-03
3.000000e+01	3.100000e+01	8.185539e-03	1.670866e-03	1.670866e-03
3.100000e+01	3.200000e+01	5.115962e-03	1.320936e-03	1.320936e-03
3.200000e+01	3.300000e+01	7.162347e-03	1.562952e-03	1.562952e-03
3.300000e+01	3.400000e+01	1.125512e-02	1.959264e-03	1.959264e-03
3.400000e+01	3.500000e+01	9.208731e-03	1.772221e-03	1.772221e-03
3.500000e+01	3.600000e+01	1.159618e-02	1.988728e-03	1.988728e-03
3.600000e+01	3.700000e+01	1.193724e-02	2.017763e-03	2.017763e-03
3.700000e+01	3.800000e+01	1.227831e-02	2.046385e-03	2.046385e-03
3.800000e+01	3.900000e+01	1.841746e-02	2.506299e-03	2.506299e-03
3.900000e+01	4.000000e+01	1.875853e-02	2.529399e-03	2.529399e-03
4.000000e+01	4.100000e+01	1.909959e-02	2.552290e-03	2.552290e-03
4.100000e+01	4.200000e+01	1.637108e-02	2.362961e-03	2.362961e-03
4.200000e+01	4.300000e+01	1.671214e-02	2.387449e-03	2.387449e-03
4.300000e+01	4.400000e+01	2.216917e-02	2.749747e-03	2.749747e-03
4.400000e+01	4.500000e+01	2.285130e-02	2.791730e-03	2.791730e-03
4.500000e+01	4.600000e+01	2.285130e-02	2.791730e-03	2.791730e-03
4.600000e+01	4.700000e+01	2.114598e-02	2.685542e-03	2.685542e-03
4.700000e+01	4.800000e+01	2.216917e-02	2.749747e-03	2.749747e-03
4.800000e+01	4.900000e+01	1.841746e-02	2.506299e-03	2.506299e-03
4.900000e+01	5.000000e+01	2.182810e-02	2.728513e-03	2.728513e-03
5.000000e+01	5.100000e+01	1.978172e-02	2.597467e-03	2.597467e-03
5.100000e+01	5.200000e+01	2.080491e-02	2.663796e-03	2.663796e-03
5.200000e+01	5.300000e+01	1.944065e-02	2.574978e-03	2.574978e-03
5.300000e+01	5.400000e+01	1.944065e-02	2.574978e-03	2.574978e-03
5.400000e+01	5.500000e+01	2.285130e-02	2.791730e-03	2.791730e-03
5.500000e+01	5.600000e+01	2.114598e-02	2.685542e-03	2.685542e-03
5.600000e+01	5.700000e+01	2.251023e-02	2.770818e-03	2.770818e-03
5.700000e+01	5.800000e+01	2.148704e-02	2.707112e-03	2.707112e-03
5.800000e+01	5.900000e+01	2.080491e-02	2.663796e-03	2.663796e-03
5.900000e+01	6.000000e+01	1.671214e-02	2.387449e-03	2.387449e-03
6.000000e+01	6.100000e+01	1.773533e-02	2.459448e-03	2.459448e-03
6.100000e+01	6.200000e+01	2.046385e-02	2.641871e-03	2.641871e-03
6.200000e+01	6.300000e+01	1.603001e-02	2.338218e-03	2.338218e-03
6.300000e+01	6.400000e+01	1.944065e-02	2.574978e-03	2.574978e-03
6.400000e+01	6.500000e+01	1.909959e-02	2.552290e-03	2.552290e-03
6.500000e+01	6.600000e+01	1.534789e-02	2.287928e-03	2.287928e-03
6.600000e+01	6.700000e+01	1.807640e-02	2.482984e-03	2.482984e-03
6.700000e+01	6.800000e+01	1.637108e-02	2.362961e-03	2.362961e-03
6.800000e+01	6.900000e+01	1.125512e-02	1.959264e-03	1.959264e-03
6.900000e+01	7.000000e+01	1.330150e-02	2.129945e-03	2.129945e-03
7.000000e+01	7.100000e+01	1.193724e-02	2.017763e-03	2.017763e-03
7.100000e+01	7.200000e+01	9.549795e-03	1.804742e-03	1.804742e-03
7.200000e+01	7.300000e+01	9.549795e-03	1.804742e-03	1.804742e-03
7.300000e+01	7.400000e+01	8.867667e-03	1.739093e-03	1.739093e-03
7.400000e+01	7.500000e+01	6.480218e-03	1.486664e-03	1.486664e-03
7.500000e+01	7.600000e+01	9.890859e-03	1.836686e-03	1.836686e-03
7.600000e+01	7.700000e+01	1.193724e-02	2.017763e-03	2.017763e-03
7.700000e+01	7.800000e+01	6.139154e-03	1.447012e-03	1.447012e-03
7.800000e+01	7.900000e+01	8.867667e-03	1.739093e-03	1.739093e-03
7.900000e+01	8.000000e+01	8.185539e-03	1.670866e-03	1.670866e-03
8.000000e+01	8.100000e+01	4.092769e-03	1.181481e-03	1.181481e-03
8.100000e+01	8.200000e+01	7.844475e-03	1.635686e-03	1.635686e-03
8.200000e+01	8.300000e+01	7.162347e-03	1.562952e-03	1.562952e-03
8.300000e+01	8.400000e+01	4.774898e-03	1.276145e-03	1.276145e-03
8.400000e+01	8.500000e+01	4.774898e-03	1.276145e-03	1.276145e-03
8.500000e+01	8.600000e+01	5.457026e-03	1.364257e-03	1.364257e-03
8.600000e+01	8.700000e+01	3.410641e-03	1.078539e-03	1.078539e-03
8.700000e+01	8.800000e+01	3.751705e-03	1.131182e-03	1.131182e-03
8.800000e+01	8.900000e+01	2.728513e-03	9.646750e-04	9.646750e-04
8.900000e+01	9.000000e+01	2.387449e-03	9.023708e-04	9.023708e-04
9.000000e+01	9.100000e+01	4.092769e-03	1.181481e-03	1.181481e-03
9.100000e+01	9.200000e+01	6.821282e-04	4.823375e-04	4.823375e-04
9.200000e+01	9.300000e+01	2.046385e-03	8.354331e-04	8.354331e-04
9.300000e+01	9.400000e+01	2.387449e-03	9.023708e-04	9.023708e-04
9.400000e+01	9.500000e+01	3.410641e-03	1.078539e-03	1.078539e-03
9.500000e+01	9.600000e+01	1.023192e-03	5.907404e-04	5.907404e-04
9.600000e+01	9.700000e+01	1.364256e-03	6.821282e-04	6.821282e-04
9.700000e+01	9.800000e+01	1.023192e-03	5.907404e-04	5.907404e-04
9.800000e+01	9.900000e+01	1.705321e-03	7.626426e-04	7.626426e-04
9.900000e+01	1.000000e+02	3.069577e-03	1.023193e-03	1.023193e-03
# END HISTO1D

