# BEGIN PLOT
Legend=1
LogY=1
DrawOnly=//mt/home/mbridge/Work/CX/Analysis.yoda/MyFSAnalysis/Phi
LegendOnly=//mt/home/mbridge/Work/CX/Analysis.yoda/MyFSAnalysis/Phi
# END PLOT

# BEGIN HISTO1D //mt/home/mbridge/Work/CX/Analysis.yoda/MyFSAnalysis/Phi
ErrorBars=1
LineColor=red
LineStyle=solid
Path=//mt/home/mbridge/Work/CX/Analysis.yoda/MyFSAnalysis/Phi
ScaledBy=2.52764427718511556e-05
Title=Analysis
# xlow	 xhigh	 val	 errminus	 errplus
0.000000e+00	6.283185e-02	1.612004e-01	4.148371e-03	4.148371e-03
6.283185e-02	1.256637e-01	1.569302e-01	4.093057e-03	4.093057e-03
1.256637e-01	1.884956e-01	1.567165e-01	4.090268e-03	4.090268e-03
1.884956e-01	2.513274e-01	1.628018e-01	4.168928e-03	4.168928e-03
2.513274e-01	3.141593e-01	1.662178e-01	4.212434e-03	4.212434e-03
3.141593e-01	3.769911e-01	1.667517e-01	4.219199e-03	4.219199e-03
3.769911e-01	4.398230e-01	1.623745e-01	4.163450e-03	4.163450e-03
4.398230e-01	5.026548e-01	1.511655e-01	4.017178e-03	4.017178e-03
5.026548e-01	5.654867e-01	1.493504e-01	3.992985e-03	3.992985e-03
5.654867e-01	6.283185e-01	1.500980e-01	4.002968e-03	4.002968e-03
6.283185e-01	6.911504e-01	1.518058e-01	4.025674e-03	4.025674e-03
6.911504e-01	7.539822e-01	1.520196e-01	4.028510e-03	4.028510e-03
7.539822e-01	8.168141e-01	1.678191e-01	4.232676e-03	4.232676e-03
8.168141e-01	8.796459e-01	1.656843e-01	4.205671e-03	4.205671e-03
8.796459e-01	9.424778e-01	1.607733e-01	4.142869e-03	4.142869e-03
9.424778e-01	1.005310e+00	1.678183e-01	4.232656e-03	4.232656e-03
1.005310e+00	1.068142e+00	1.625879e-01	4.166180e-03	4.166180e-03
1.068142e+00	1.130973e+00	1.553310e-01	4.072176e-03	4.072176e-03
1.130973e+00	1.193805e+00	1.648297e-01	4.194805e-03	4.194805e-03
1.193805e+00	1.256637e+00	1.666445e-01	4.217835e-03	4.217835e-03
1.256637e+00	1.319469e+00	1.614135e-01	4.151108e-03	4.151108e-03
1.319469e+00	1.382301e+00	1.609864e-01	4.145613e-03	4.145613e-03
1.382301e+00	1.445133e+00	1.583176e-01	4.111106e-03	4.111106e-03
1.445133e+00	1.507964e+00	1.551174e-01	4.069376e-03	4.069376e-03
1.507964e+00	1.570796e+00	1.649365e-01	4.196163e-03	4.196163e-03
1.570796e+00	1.633628e+00	1.573568e-01	4.098612e-03	4.098612e-03
1.633628e+00	1.696460e+00	1.549015e-01	4.066510e-03	4.066510e-03
1.696460e+00	1.759292e+00	1.458273e-01	3.945603e-03	3.945603e-03
1.759292e+00	1.822124e+00	1.554352e-01	4.073510e-03	4.073510e-03
1.822124e+00	1.884956e+00	1.569298e-01	4.093047e-03	4.093047e-03
1.884956e+00	1.947787e+00	1.589607e-01	4.119479e-03	4.119479e-03
1.947787e+00	2.010619e+00	1.633351e-01	4.175743e-03	4.175743e-03
2.010619e+00	2.073451e+00	1.677120e-01	4.231323e-03	4.231323e-03
2.073451e+00	2.136283e+00	1.570366e-01	4.094439e-03	4.094439e-03
2.136283e+00	2.199115e+00	1.668580e-01	4.220536e-03	4.220536e-03
2.199115e+00	2.261947e+00	1.495637e-01	3.995831e-03	3.995831e-03
2.261947e+00	2.324779e+00	1.588514e-01	4.118030e-03	4.118030e-03
2.324779e+00	2.387610e+00	1.621634e-01	4.160772e-03	4.160772e-03
2.387610e+00	2.450442e+00	1.648297e-01	4.194805e-03	4.194805e-03
2.450442e+00	2.513274e+00	1.593852e-01	4.124943e-03	4.124943e-03
2.513274e+00	2.576106e+00	1.677120e-01	4.231323e-03	4.231323e-03
2.576106e+00	2.638938e+00	1.671783e-01	4.224584e-03	4.224584e-03
2.638938e+00	2.701770e+00	1.665378e-01	4.216483e-03	4.216483e-03
2.701770e+00	2.764602e+00	1.665378e-01	4.216483e-03	4.216483e-03
2.764602e+00	2.827433e+00	1.572526e-01	4.097287e-03	4.097287e-03
2.827433e+00	2.890265e+00	1.661107e-01	4.211074e-03	4.211074e-03
2.890265e+00	2.953097e+00	1.583176e-01	4.111106e-03	4.111106e-03
2.953097e+00	3.015929e+00	1.634419e-01	4.177108e-03	4.177108e-03
3.015929e+00	3.078761e+00	1.694202e-01	4.252816e-03	4.252816e-03
3.078761e+00	3.141593e+00	1.594920e-01	4.126324e-03	4.126324e-03
3.141593e+00	3.204425e+00	1.590649e-01	4.120797e-03	4.120797e-03
3.204425e+00	3.267256e+00	1.494593e-01	3.994469e-03	3.994469e-03
3.267256e+00	3.330088e+00	1.585311e-01	4.113877e-03	4.113877e-03
3.330088e+00	3.392920e+00	1.587446e-01	4.116646e-03	4.116646e-03
3.392920e+00	3.455752e+00	1.575703e-01	4.101392e-03	4.101392e-03
3.455752e+00	3.518584e+00	1.575703e-01	4.101392e-03	4.101392e-03
3.518584e+00	3.581416e+00	1.616270e-01	4.153852e-03	4.153852e-03
3.581416e+00	3.644247e+00	1.642985e-01	4.188074e-03	4.188074e-03
3.644247e+00	3.707079e+00	1.560758e-01	4.081894e-03	4.081894e-03
3.707079e+00	3.769911e+00	1.616270e-01	4.153852e-03	4.153852e-03
3.769911e+00	3.832743e+00	1.614135e-01	4.151108e-03	4.151108e-03
3.832743e+00	3.895575e+00	1.552217e-01	4.070711e-03	4.070711e-03
3.895575e+00	3.958407e+00	1.565028e-01	4.087475e-03	4.087475e-03
3.958407e+00	4.021239e+00	1.479624e-01	3.974383e-03	3.974383e-03
4.021239e+00	4.084070e+00	1.543701e-01	4.059562e-03	4.059562e-03
4.084070e+00	4.146902e+00	1.579973e-01	4.106945e-03	4.106945e-03
4.146902e+00	4.209734e+00	1.648297e-01	4.194805e-03	4.194805e-03
4.209734e+00	4.272566e+00	1.692066e-01	4.250135e-03	4.250135e-03
4.272566e+00	4.335398e+00	1.512718e-01	4.018584e-03	4.018584e-03
4.335398e+00	4.398230e+00	1.544744e-01	4.060901e-03	4.060901e-03
4.398230e+00	4.461062e+00	1.612000e-01	4.148361e-03	4.148361e-03
4.461062e+00	4.523893e+00	1.651526e-01	4.198945e-03	4.198945e-03
4.523893e+00	4.586725e+00	1.541542e-01	4.056689e-03	4.056689e-03
4.586725e+00	4.649557e+00	1.550082e-01	4.067911e-03	4.067911e-03
4.649557e+00	4.712389e+00	1.536204e-01	4.049659e-03	4.049659e-03
4.712389e+00	4.775221e+00	1.618405e-01	4.156595e-03	4.156595e-03
4.775221e+00	4.838053e+00	1.560758e-01	4.081894e-03	4.081894e-03
4.838053e+00	4.900885e+00	1.598122e-01	4.130465e-03	4.130465e-03
4.900885e+00	4.963716e+00	1.597079e-01	4.129151e-03	4.129151e-03
4.963716e+00	5.026548e+00	1.535136e-01	4.048252e-03	4.048252e-03
5.026548e+00	5.089380e+00	1.535136e-01	4.048252e-03	4.048252e-03
5.089380e+00	5.152212e+00	1.630149e-01	4.171647e-03	4.171647e-03
5.152212e+00	5.215044e+00	1.623743e-01	4.163444e-03	4.163444e-03
5.215044e+00	5.277876e+00	1.601324e-01	4.134602e-03	4.134602e-03
5.277876e+00	5.340708e+00	1.516988e-01	4.024252e-03	4.024252e-03
5.340708e+00	5.403539e+00	1.569323e-01	4.093112e-03	4.093112e-03
5.403539e+00	5.466371e+00	1.630149e-01	4.171647e-03	4.171647e-03
5.466371e+00	5.529203e+00	1.617338e-01	4.155223e-03	4.155223e-03
5.529203e+00	5.592035e+00	1.513785e-01	4.020001e-03	4.020001e-03
5.592035e+00	5.654867e+00	1.506313e-01	4.010067e-03	4.010067e-03
5.654867e+00	5.717699e+00	1.584244e-01	4.112492e-03	4.112492e-03
5.717699e+00	5.780530e+00	1.633377e-01	4.175810e-03	4.175810e-03
5.780530e+00	5.843362e+00	1.598122e-01	4.130465e-03	4.130465e-03
5.843362e+00	5.906194e+00	1.577838e-01	4.104170e-03	4.104170e-03
5.906194e+00	5.969026e+00	1.543677e-01	4.059497e-03	4.059497e-03
5.969026e+00	6.031858e+00	1.578906e-01	4.105558e-03	4.105558e-03
6.031858e+00	6.094690e+00	1.545812e-01	4.062303e-03	4.062303e-03
6.094690e+00	6.157522e+00	1.527664e-01	4.038387e-03	4.038387e-03
6.157522e+00	6.220353e+00	1.605620e-01	4.140177e-03	4.140177e-03
6.220353e+00	6.283185e+00	1.628013e-01	4.168915e-03	4.168915e-03
# END HISTO1D

