# BEGIN PLOT
Legend=1
LogY=1
DrawOnly=//mt/home/mbridge/Work/tmp/Analysis.yoda/MyAnalysis/Pt
LegendOnly=//mt/home/mbridge/Work/tmp/Analysis.yoda/MyAnalysis/Pt
# END PLOT

# BEGIN HISTO1D //mt/home/mbridge/Work/tmp/Analysis.yoda/MyAnalysis/Pt
LineColor=red
LineStyle=solid
Path=//mt/home/mbridge/Work/tmp/Analysis.yoda/MyAnalysis/Pt
ScaledBy=2.67847474916655566e-02
Title=Analysis
# xlow	 xhigh	 val	 errminus	 errplus
0.000000e+00	4.000000e-01	1.116210e+00	8.657356e-04	8.657356e-04
4.000000e-01	8.000000e-01	4.347377e-01	5.402889e-04	5.402889e-04
8.000000e-01	1.200000e+00	2.268846e-01	3.903146e-04	3.903146e-04
1.200000e+00	1.600000e+00	1.361923e-01	3.024047e-04	3.024047e-04
1.600000e+00	2.000000e+00	8.829588e-02	2.434908e-04	2.434908e-04
2.000000e+00	2.400000e+00	6.006205e-02	2.008225e-04	2.008225e-04
2.400000e+00	2.800000e+00	4.255958e-02	1.690484e-04	1.690484e-04
2.800000e+00	3.200000e+00	3.038655e-02	1.428411e-04	1.428411e-04
3.200000e+00	3.600000e+00	2.240484e-02	1.226544e-04	1.226544e-04
3.600000e+00	4.000000e+00	1.677391e-02	1.061279e-04	1.061279e-04
4.000000e+00	4.400000e+00	1.304660e-02	9.359681e-05	9.359681e-05
4.400000e+00	4.800000e+00	1.006932e-02	8.222659e-05	8.222659e-05
4.800000e+00	5.200000e+00	7.869592e-03	7.269230e-05	7.269230e-05
5.200000e+00	5.600000e+00	6.429968e-03	6.570776e-05	6.570776e-05
5.600000e+00	6.000000e+00	5.148137e-03	5.879458e-05	5.879458e-05
6.000000e+00	6.400000e+00	4.183910e-03	5.300337e-05	5.300337e-05
6.400000e+00	6.800000e+00	3.529900e-03	4.868482e-05	4.868482e-05
6.800000e+00	7.200000e+00	3.052487e-03	4.527301e-05	4.527301e-05
7.200000e+00	7.600000e+00	2.601935e-03	4.179847e-05	4.179847e-05
7.600000e+00	8.000000e+00	2.217855e-03	3.859036e-05	3.859036e-05
8.000000e+00	8.400000e+00	1.965383e-03	3.632754e-05	3.632754e-05
8.400000e+00	8.800000e+00	1.758572e-03	3.436310e-05	3.436310e-05
8.800000e+00	9.200000e+00	1.616221e-03	3.294296e-05	3.294296e-05
9.200000e+00	9.600000e+00	1.478570e-03	3.150890e-05	3.150890e-05
9.600000e+00	1.000000e+01	1.446339e-03	3.116359e-05	3.116359e-05
1.000000e+01	1.040000e+01	1.398665e-03	3.064568e-05	3.064568e-05
1.040000e+01	1.080000e+01	1.264372e-03	2.913733e-05	2.913733e-05
1.080000e+01	1.120000e+01	1.181782e-03	2.816962e-05	2.816962e-05
1.120000e+01	1.160000e+01	1.195882e-03	2.833718e-05	2.833718e-05
1.160000e+01	1.200000e+01	1.191854e-03	2.828940e-05	2.828940e-05
1.200000e+01	1.240000e+01	1.194539e-03	2.832126e-05	2.832126e-05
1.240000e+01	1.280000e+01	1.140822e-03	2.767715e-05	2.767715e-05
1.280000e+01	1.320000e+01	1.122021e-03	2.744813e-05	2.744813e-05
1.320000e+01	1.360000e+01	1.210655e-03	2.851165e-05	2.851165e-05
1.360000e+01	1.400000e+01	1.139479e-03	2.766085e-05	2.766085e-05
1.400000e+01	1.440000e+01	1.167681e-03	2.800105e-05	2.800105e-05
1.440000e+01	1.480000e+01	1.218041e-03	2.859849e-05	2.859849e-05
1.480000e+01	1.520000e+01	1.163652e-03	2.795271e-05	2.795271e-05
1.520000e+01	1.560000e+01	1.187825e-03	2.824155e-05	2.824155e-05
1.560000e+01	1.600000e+01	1.247585e-03	2.894326e-05	2.894326e-05
1.600000e+01	1.640000e+01	1.319432e-03	2.976500e-05	2.976500e-05
1.640000e+01	1.680000e+01	1.240871e-03	2.886527e-05	2.886527e-05
1.680000e+01	1.720000e+01	1.228784e-03	2.872435e-05	2.872435e-05
1.720000e+01	1.760000e+01	1.256986e-03	2.905210e-05	2.905210e-05
1.760000e+01	1.800000e+01	1.338905e-03	2.998383e-05	2.998383e-05
1.800000e+01	1.840000e+01	1.385236e-03	3.049820e-05	3.049820e-05
1.840000e+01	1.880000e+01	1.348977e-03	3.009640e-05	3.009640e-05
1.880000e+01	1.920000e+01	1.358378e-03	3.020109e-05	3.020109e-05
1.920000e+01	1.960000e+01	1.394637e-03	3.060151e-05	3.060151e-05
1.960000e+01	2.000000e+01	1.434253e-03	3.103311e-05	3.103311e-05
2.000000e+01	2.040000e+01	1.470513e-03	3.142293e-05	3.142293e-05
2.040000e+01	2.080000e+01	1.516843e-03	3.191410e-05	3.191410e-05
2.080000e+01	2.120000e+01	1.598091e-03	3.275767e-05	3.275767e-05
2.120000e+01	2.160000e+01	1.602791e-03	3.280581e-05	3.280581e-05
2.160000e+01	2.200000e+01	1.638379e-03	3.316802e-05	3.316802e-05
2.200000e+01	2.240000e+01	1.642408e-03	3.320877e-05	3.320877e-05
2.240000e+01	2.280000e+01	1.690753e-03	3.369399e-05	3.369399e-05
2.280000e+01	2.320000e+01	1.727684e-03	3.405998e-05	3.405998e-05
2.320000e+01	2.360000e+01	1.790130e-03	3.467006e-05	3.467006e-05
2.360000e+01	2.400000e+01	1.754543e-03	3.432372e-05	3.432372e-05
2.400000e+01	2.440000e+01	1.876079e-03	3.549260e-05	3.549260e-05
2.440000e+01	2.480000e+01	1.885479e-03	3.558141e-05	3.558141e-05
2.480000e+01	2.520000e+01	1.934496e-03	3.604095e-05	3.604095e-05
2.520000e+01	2.560000e+01	2.039916e-03	3.700995e-05	3.700995e-05
2.560000e+01	2.600000e+01	2.039916e-03	3.700995e-05	3.700995e-05
2.600000e+01	2.640000e+01	2.070804e-03	3.728909e-05	3.728909e-05
2.640000e+01	2.680000e+01	2.101020e-03	3.756015e-05	3.756015e-05
2.680000e+01	2.720000e+01	2.131907e-03	3.783523e-05	3.783523e-05
2.720000e+01	2.760000e+01	2.278958e-03	3.911835e-05	3.911835e-05
2.760000e+01	2.800000e+01	2.275601e-03	3.908952e-05	3.908952e-05
2.800000e+01	2.840000e+01	2.233299e-03	3.872449e-05	3.872449e-05
2.840000e+01	2.880000e+01	2.329990e-03	3.955390e-05	3.955390e-05
2.880000e+01	2.920000e+01	2.379007e-03	3.996779e-05	3.996779e-05
2.920000e+01	2.960000e+01	2.315889e-03	3.943403e-05	3.943403e-05
2.960000e+01	3.000000e+01	2.392437e-03	4.008044e-05	4.008044e-05
3.000000e+01	3.040000e+01	2.363563e-03	3.983785e-05	3.983785e-05
3.040000e+01	3.080000e+01	2.407209e-03	4.020399e-05	4.020399e-05
3.080000e+01	3.120000e+01	2.439439e-03	4.047224e-05	4.047224e-05
3.120000e+01	3.160000e+01	2.405194e-03	4.018716e-05	4.018716e-05
3.160000e+01	3.200000e+01	2.436753e-03	4.044995e-05	4.044995e-05
3.200000e+01	3.240000e+01	2.489799e-03	4.088786e-05	4.088786e-05
3.240000e+01	3.280000e+01	2.425338e-03	4.035510e-05	4.035510e-05
3.280000e+01	3.320000e+01	2.435410e-03	4.043881e-05	4.043881e-05
3.320000e+01	3.360000e+01	2.517330e-03	4.111330e-05	4.111330e-05
3.360000e+01	3.400000e+01	2.452869e-03	4.058349e-05	4.058349e-05
3.400000e+01	3.440000e+01	2.531430e-03	4.122828e-05	4.122828e-05
3.440000e+01	3.480000e+01	2.493828e-03	4.092093e-05	4.092093e-05
3.480000e+01	3.520000e+01	2.481070e-03	4.081613e-05	4.081613e-05
3.520000e+01	3.560000e+01	2.414595e-03	4.026563e-05	4.026563e-05
3.560000e+01	3.600000e+01	2.460255e-03	4.064455e-05	4.064455e-05
3.600000e+01	3.640000e+01	2.402509e-03	4.016472e-05	4.016472e-05
3.640000e+01	3.680000e+01	2.354163e-03	3.975855e-05	3.975855e-05
3.680000e+01	3.720000e+01	2.442796e-03	4.050008e-05	4.050008e-05
3.720000e+01	3.760000e+01	2.449511e-03	4.055571e-05	4.055571e-05
3.760000e+01	3.800000e+01	2.428024e-03	4.037744e-05	4.037744e-05
3.800000e+01	3.840000e+01	2.271572e-03	3.905491e-05	3.905491e-05
3.840000e+01	3.880000e+01	2.389079e-03	4.005231e-05	4.005231e-05
3.880000e+01	3.920000e+01	2.373635e-03	3.992264e-05	3.992264e-05
3.920000e+01	3.960000e+01	2.231956e-03	3.871285e-05	3.871285e-05
3.960000e+01	4.000000e+01	2.315218e-03	3.942831e-05	3.942831e-05
4.000000e+01	4.040000e+01	2.244714e-03	3.882333e-05	3.882333e-05
4.040000e+01	4.080000e+01	2.258815e-03	3.894507e-05	3.894507e-05
4.080000e+01	4.120000e+01	2.302460e-03	3.931953e-05	3.931953e-05
4.120000e+01	4.160000e+01	2.272915e-03	3.906645e-05	3.906645e-05
4.160000e+01	4.200000e+01	2.234642e-03	3.873613e-05	3.873613e-05
4.200000e+01	4.240000e+01	2.170181e-03	3.817335e-05	3.817335e-05
4.240000e+01	4.280000e+01	2.173538e-03	3.820286e-05	3.820286e-05
4.280000e+01	4.320000e+01	2.156080e-03	3.804913e-05	3.804913e-05
4.320000e+01	4.360000e+01	2.150708e-03	3.800170e-05	3.800170e-05
4.360000e+01	4.400000e+01	2.094977e-03	3.750610e-05	3.750610e-05
4.400000e+01	4.440000e+01	2.154066e-03	3.803135e-05	3.803135e-05
4.440000e+01	4.480000e+01	2.117135e-03	3.770393e-05	3.770393e-05
4.480000e+01	4.520000e+01	2.127878e-03	3.779947e-05	3.779947e-05
4.520000e+01	4.560000e+01	2.001643e-03	3.666111e-05	3.666111e-05
4.560000e+01	4.600000e+01	2.002986e-03	3.667340e-05	3.667340e-05
4.600000e+01	4.640000e+01	1.982842e-03	3.648853e-05	3.648853e-05
4.640000e+01	4.680000e+01	2.019101e-03	3.682064e-05	3.682064e-05
4.680000e+01	4.720000e+01	1.929124e-03	3.599088e-05	3.599088e-05
4.720000e+01	4.760000e+01	1.931810e-03	3.601592e-05	3.601592e-05
4.760000e+01	4.800000e+01	1.928453e-03	3.598461e-05	3.598461e-05
4.800000e+01	4.840000e+01	1.897565e-03	3.569527e-05	3.569527e-05
4.840000e+01	4.880000e+01	1.849220e-03	3.523762e-05	3.523762e-05
4.880000e+01	4.920000e+01	1.845862e-03	3.520562e-05	3.520562e-05
4.920000e+01	4.960000e+01	1.756557e-03	3.434341e-05	3.434341e-05
4.960000e+01	5.000000e+01	1.779387e-03	3.456587e-05	3.456587e-05
5.000000e+01	5.040000e+01	1.787445e-03	3.464405e-05	3.464405e-05
5.040000e+01	5.080000e+01	1.755886e-03	3.433685e-05	3.433685e-05
5.080000e+01	5.120000e+01	1.790130e-03	3.467006e-05	3.467006e-05
5.120000e+01	5.160000e+01	1.708212e-03	3.386750e-05	3.386750e-05
5.160000e+01	5.200000e+01	1.710898e-03	3.389412e-05	3.389412e-05
5.200000e+01	5.240000e+01	1.700154e-03	3.378753e-05	3.378753e-05
5.240000e+01	5.280000e+01	1.701497e-03	3.380087e-05	3.380087e-05
5.280000e+01	5.320000e+01	1.662552e-03	3.341181e-05	3.341181e-05
5.320000e+01	5.360000e+01	1.623607e-03	3.301815e-05	3.301815e-05
5.360000e+01	5.400000e+01	1.612192e-03	3.290187e-05	3.290187e-05
5.400000e+01	5.440000e+01	1.593391e-03	3.270947e-05	3.270947e-05
5.440000e+01	5.480000e+01	1.502071e-03	3.175833e-05	3.175833e-05
5.480000e+01	5.520000e+01	1.516843e-03	3.191410e-05	3.191410e-05
5.520000e+01	5.560000e+01	1.469841e-03	3.141575e-05	3.141575e-05
5.560000e+01	5.600000e+01	1.475213e-03	3.147310e-05	3.147310e-05
5.600000e+01	5.640000e+01	1.426196e-03	3.094581e-05	3.094581e-05
5.640000e+01	5.680000e+01	1.435596e-03	3.104762e-05	3.104762e-05
5.680000e+01	5.720000e+01	1.391279e-03	3.056465e-05	3.056465e-05
5.720000e+01	5.760000e+01	1.391279e-03	3.056465e-05	3.056465e-05
5.760000e+01	5.800000e+01	1.339576e-03	2.999135e-05	2.999135e-05
5.800000e+01	5.840000e+01	1.310032e-03	2.965878e-05	2.965878e-05
5.840000e+01	5.880000e+01	1.270415e-03	2.920688e-05	2.920688e-05
5.880000e+01	5.920000e+01	1.241542e-03	2.887307e-05	2.887307e-05
5.920000e+01	5.960000e+01	1.238856e-03	2.884183e-05	2.884183e-05
5.960000e+01	6.000000e+01	1.201254e-03	2.840075e-05	2.840075e-05
6.000000e+01	6.040000e+01	1.186482e-03	2.822558e-05	2.822558e-05
6.040000e+01	6.080000e+01	1.167681e-03	2.800105e-05	2.800105e-05
6.080000e+01	6.120000e+01	1.135450e-03	2.761191e-05	2.761191e-05
6.120000e+01	6.160000e+01	1.112621e-03	2.733291e-05	2.733291e-05
6.160000e+01	6.200000e+01	1.072333e-03	2.683348e-05	2.683348e-05
6.200000e+01	6.240000e+01	1.080390e-03	2.693411e-05	2.693411e-05
6.240000e+01	6.280000e+01	1.033388e-03	2.634171e-05	2.634171e-05
6.280000e+01	6.320000e+01	1.034730e-03	2.635881e-05	2.635881e-05
6.320000e+01	6.360000e+01	1.013915e-03	2.609234e-05	2.609234e-05
6.360000e+01	6.400000e+01	9.024515e-04	2.461638e-05	2.461638e-05
6.400000e+01	6.440000e+01	9.259527e-04	2.493485e-05	2.493485e-05
6.440000e+01	6.480000e+01	8.943938e-04	2.450624e-05	2.450624e-05
6.480000e+01	6.520000e+01	8.648492e-04	2.409808e-05	2.409808e-05
6.520000e+01	6.560000e+01	8.151608e-04	2.339559e-05	2.339559e-05
6.560000e+01	6.600000e+01	8.393335e-04	2.373994e-05	2.373994e-05
6.600000e+01	6.640000e+01	8.064317e-04	2.326998e-05	2.326998e-05
6.640000e+01	6.680000e+01	7.507000e-04	2.245151e-05	2.245151e-05
6.680000e+01	6.720000e+01	7.372705e-04	2.224978e-05	2.224978e-05
6.720000e+01	6.760000e+01	7.271985e-04	2.209728e-05	2.209728e-05
6.760000e+01	6.800000e+01	6.989970e-04	2.166456e-05	2.166456e-05
6.800000e+01	6.840000e+01	6.412507e-04	2.075039e-05	2.075039e-05
6.840000e+01	6.880000e+01	6.466225e-04	2.083712e-05	2.083712e-05
6.880000e+01	6.920000e+01	6.110347e-04	2.025561e-05	2.025561e-05
6.920000e+01	6.960000e+01	5.734328e-04	1.962246e-05	1.962246e-05
6.960000e+01	7.000000e+01	5.633607e-04	1.944937e-05	1.944937e-05
7.000000e+01	7.040000e+01	5.351590e-04	1.895631e-05	1.895631e-05
7.040000e+01	7.080000e+01	5.432168e-04	1.909848e-05	1.909848e-05
7.080000e+01	7.120000e+01	4.868135e-04	1.807980e-05	1.807980e-05
7.120000e+01	7.160000e+01	4.888278e-04	1.811717e-05	1.811717e-05
7.160000e+01	7.200000e+01	4.854705e-04	1.805484e-05	1.805484e-05
7.200000e+01	7.240000e+01	4.505542e-04	1.739345e-05	1.739345e-05
7.240000e+01	7.280000e+01	4.223528e-04	1.684030e-05	1.684030e-05
7.280000e+01	7.320000e+01	3.954940e-04	1.629604e-05	1.629604e-05
7.320000e+01	7.360000e+01	3.706498e-04	1.577590e-05	1.577590e-05
7.360000e+01	7.400000e+01	3.484912e-04	1.529707e-05	1.529707e-05
7.400000e+01	7.440000e+01	3.283472e-04	1.484838e-05	1.484838e-05
7.440000e+01	7.480000e+01	3.108893e-04	1.444824e-05	1.444824e-05
7.480000e+01	7.520000e+01	2.618720e-04	1.326041e-05	1.326041e-05
7.520000e+01	7.560000e+01	2.531430e-04	1.303753e-05	1.303753e-05
7.560000e+01	7.600000e+01	2.712725e-04	1.349632e-05	1.349632e-05
7.600000e+01	7.640000e+01	2.061403e-04	1.176505e-05	1.176505e-05
7.640000e+01	7.680000e+01	1.967398e-04	1.149366e-05	1.149366e-05
7.680000e+01	7.720000e+01	1.645094e-04	1.051012e-05	1.051012e-05
7.720000e+01	7.760000e+01	1.396651e-04	9.684033e-06	9.684033e-06
7.760000e+01	7.800000e+01	1.148208e-04	8.780568e-06	8.780568e-06
7.800000e+01	7.840000e+01	8.863362e-05	7.714567e-06	7.714567e-06
7.840000e+01	7.880000e+01	8.393335e-05	7.507228e-06	7.507228e-06
7.880000e+01	7.920000e+01	6.714667e-05	6.714669e-06	6.714669e-06
7.920000e+01	7.960000e+01	5.036003e-05	5.815074e-06	5.815074e-06
7.960000e+01	8.000000e+01	5.640322e-05	6.154095e-06	6.154095e-06
8.000000e+01	8.040000e+01	4.834562e-05	5.697585e-06	5.697585e-06
8.040000e+01	8.080000e+01	3.760215e-05	5.024798e-06	5.024798e-06
8.080000e+01	8.120000e+01	3.693067e-05	4.979731e-06	4.979731e-06
8.120000e+01	8.160000e+01	2.887308e-05	4.403103e-06	4.403103e-06
8.160000e+01	8.200000e+01	2.282987e-05	3.915291e-06	3.915291e-06
8.200000e+01	8.240000e+01	2.820160e-05	4.351602e-06	4.351602e-06
8.240000e+01	8.280000e+01	2.820160e-05	4.351602e-06	4.351602e-06
8.280000e+01	8.320000e+01	2.350134e-05	3.972451e-06	3.972451e-06
8.320000e+01	8.360000e+01	1.611521e-05	3.289502e-06	3.289502e-06
8.360000e+01	8.400000e+01	9.400535e-06	2.512399e-06	2.512399e-06
8.400000e+01	8.440000e+01	1.544374e-05	3.220242e-06	3.220242e-06
8.440000e+01	8.480000e+01	1.275787e-05	2.926856e-06	2.926856e-06
8.480000e+01	8.520000e+01	2.350134e-05	3.972451e-06	3.972451e-06
8.520000e+01	8.560000e+01	8.729070e-06	2.421008e-06	2.421008e-06
8.560000e+01	8.600000e+01	1.007200e-05	2.600580e-06	2.600580e-06
8.600000e+01	8.640000e+01	1.007200e-05	2.600580e-06	2.600580e-06
8.640000e+01	8.680000e+01	5.371735e-06	1.899195e-06	1.899195e-06
8.680000e+01	8.720000e+01	8.057602e-06	2.326029e-06	2.326029e-06
8.720000e+01	8.760000e+01	5.371735e-06	1.899195e-06	1.899195e-06
8.760000e+01	8.800000e+01	5.371735e-06	1.899195e-06	1.899195e-06
8.800000e+01	8.840000e+01	2.685867e-06	1.342934e-06	1.342934e-06
8.840000e+01	8.880000e+01	2.014401e-06	1.163015e-06	1.163015e-06
8.880000e+01	8.920000e+01	4.700267e-06	1.776534e-06	1.776534e-06
8.920000e+01	8.960000e+01	3.357335e-06	1.501446e-06	1.501446e-06
8.960000e+01	9.000000e+01	1.342934e-06	9.495976e-07	9.495976e-07
9.000000e+01	9.040000e+01	4.028800e-06	1.644751e-06	1.644751e-06
9.040000e+01	9.080000e+01	2.014401e-06	1.163015e-06	1.163015e-06
9.080000e+01	9.120000e+01	1.342934e-06	9.495976e-07	9.495976e-07
9.120000e+01	9.160000e+01	0.000000e+00	0.000000e+00	0.000000e+00
9.160000e+01	9.200000e+01	1.342934e-06	9.495976e-07	9.495976e-07
9.200000e+01	9.240000e+01	6.714667e-07	6.714669e-07	6.714669e-07
9.240000e+01	9.280000e+01	6.714668e-07	6.714669e-07	6.714669e-07
9.280000e+01	9.320000e+01	0.000000e+00	0.000000e+00	0.000000e+00
9.320000e+01	9.360000e+01	1.342934e-06	9.495976e-07	9.495976e-07
9.360000e+01	9.400000e+01	1.342934e-06	9.495976e-07	9.495976e-07
9.400000e+01	9.440000e+01	0.000000e+00	0.000000e+00	0.000000e+00
9.440000e+01	9.480000e+01	1.342934e-06	9.495976e-07	9.495976e-07
9.480000e+01	9.520000e+01	0.000000e+00	0.000000e+00	0.000000e+00
9.520000e+01	9.560000e+01	6.714668e-07	6.714669e-07	6.714669e-07
9.560000e+01	9.600000e+01	1.342934e-06	9.495976e-07	9.495976e-07
9.600000e+01	9.640000e+01	0.000000e+00	0.000000e+00	0.000000e+00
9.640000e+01	9.680000e+01	6.714668e-07	6.714669e-07	6.714669e-07
9.680000e+01	9.720000e+01	0.000000e+00	0.000000e+00	0.000000e+00
9.720000e+01	9.760000e+01	6.714668e-07	6.714669e-07	6.714669e-07
9.760000e+01	9.800000e+01	0.000000e+00	0.000000e+00	0.000000e+00
9.800000e+01	9.840000e+01	6.714667e-07	6.714669e-07	6.714669e-07
9.840000e+01	9.880000e+01	6.714668e-07	6.714669e-07	6.714669e-07
9.880000e+01	9.920000e+01	0.000000e+00	0.000000e+00	0.000000e+00
9.920000e+01	9.960000e+01	0.000000e+00	0.000000e+00	0.000000e+00
9.960000e+01	1.000000e+02	1.342934e-06	9.495976e-07	9.495976e-07
1.000000e+02	1.004000e+02	6.714667e-07	6.714669e-07	6.714669e-07
1.004000e+02	1.008000e+02	0.000000e+00	0.000000e+00	0.000000e+00
1.008000e+02	1.012000e+02	0.000000e+00	0.000000e+00	0.000000e+00
1.012000e+02	1.016000e+02	0.000000e+00	0.000000e+00	0.000000e+00
1.016000e+02	1.020000e+02	0.000000e+00	0.000000e+00	0.000000e+00
1.020000e+02	1.024000e+02	0.000000e+00	0.000000e+00	0.000000e+00
1.024000e+02	1.028000e+02	0.000000e+00	0.000000e+00	0.000000e+00
1.028000e+02	1.032000e+02	0.000000e+00	0.000000e+00	0.000000e+00
1.032000e+02	1.036000e+02	0.000000e+00	0.000000e+00	0.000000e+00
1.036000e+02	1.040000e+02	6.714667e-07	6.714669e-07	6.714669e-07
1.040000e+02	1.044000e+02	0.000000e+00	0.000000e+00	0.000000e+00
1.044000e+02	1.048000e+02	0.000000e+00	0.000000e+00	0.000000e+00
1.048000e+02	1.052000e+02	6.714667e-07	6.714669e-07	6.714669e-07
1.052000e+02	1.056000e+02	0.000000e+00	0.000000e+00	0.000000e+00
1.056000e+02	1.060000e+02	0.000000e+00	0.000000e+00	0.000000e+00
1.060000e+02	1.064000e+02	6.714667e-07	6.714669e-07	6.714669e-07
1.064000e+02	1.068000e+02	0.000000e+00	0.000000e+00	0.000000e+00
1.068000e+02	1.072000e+02	0.000000e+00	0.000000e+00	0.000000e+00
1.072000e+02	1.076000e+02	0.000000e+00	0.000000e+00	0.000000e+00
1.076000e+02	1.080000e+02	0.000000e+00	0.000000e+00	0.000000e+00
1.080000e+02	1.084000e+02	0.000000e+00	0.000000e+00	0.000000e+00
1.084000e+02	1.088000e+02	0.000000e+00	0.000000e+00	0.000000e+00
1.088000e+02	1.092000e+02	0.000000e+00	0.000000e+00	0.000000e+00
1.092000e+02	1.096000e+02	0.000000e+00	0.000000e+00	0.000000e+00
1.096000e+02	1.100000e+02	0.000000e+00	0.000000e+00	0.000000e+00
1.100000e+02	1.104000e+02	0.000000e+00	0.000000e+00	0.000000e+00
1.104000e+02	1.108000e+02	0.000000e+00	0.000000e+00	0.000000e+00
1.108000e+02	1.112000e+02	0.000000e+00	0.000000e+00	0.000000e+00
1.112000e+02	1.116000e+02	0.000000e+00	0.000000e+00	0.000000e+00
1.116000e+02	1.120000e+02	0.000000e+00	0.000000e+00	0.000000e+00
1.120000e+02	1.124000e+02	0.000000e+00	0.000000e+00	0.000000e+00
1.124000e+02	1.128000e+02	0.000000e+00	0.000000e+00	0.000000e+00
1.128000e+02	1.132000e+02	0.000000e+00	0.000000e+00	0.000000e+00
1.132000e+02	1.136000e+02	0.000000e+00	0.000000e+00	0.000000e+00
1.136000e+02	1.140000e+02	0.000000e+00	0.000000e+00	0.000000e+00
1.140000e+02	1.144000e+02	0.000000e+00	0.000000e+00	0.000000e+00
1.144000e+02	1.148000e+02	0.000000e+00	0.000000e+00	0.000000e+00
1.148000e+02	1.152000e+02	0.000000e+00	0.000000e+00	0.000000e+00
1.152000e+02	1.156000e+02	0.000000e+00	0.000000e+00	0.000000e+00
1.156000e+02	1.160000e+02	0.000000e+00	0.000000e+00	0.000000e+00
1.160000e+02	1.164000e+02	0.000000e+00	0.000000e+00	0.000000e+00
1.164000e+02	1.168000e+02	0.000000e+00	0.000000e+00	0.000000e+00
1.168000e+02	1.172000e+02	0.000000e+00	0.000000e+00	0.000000e+00
1.172000e+02	1.176000e+02	0.000000e+00	0.000000e+00	0.000000e+00
1.176000e+02	1.180000e+02	0.000000e+00	0.000000e+00	0.000000e+00
1.180000e+02	1.184000e+02	0.000000e+00	0.000000e+00	0.000000e+00
1.184000e+02	1.188000e+02	0.000000e+00	0.000000e+00	0.000000e+00
1.188000e+02	1.192000e+02	0.000000e+00	0.000000e+00	0.000000e+00
1.192000e+02	1.196000e+02	0.000000e+00	0.000000e+00	0.000000e+00
1.196000e+02	1.200000e+02	0.000000e+00	0.000000e+00	0.000000e+00
# END HISTO1D

