# BEGIN PLOT
Legend=1
LogY=0
DrawOnly=//mt/home/mbridge/Work/MyHiggsstrahlungV2/MyHiggsstrahlungHWW/Analysis.yoda/MyFSAnalysis/EtaCh
LegendOnly=//mt/home/mbridge/Work/MyHiggsstrahlungV2/MyHiggsstrahlungHWW/Analysis.yoda/MyFSAnalysis/EtaCh
# END PLOT

# BEGIN HISTO1D //mt/home/mbridge/Work/MyHiggsstrahlungV2/MyHiggsstrahlungHWW/Analysis.yoda/MyFSAnalysis/EtaCh
LineColor=red
LineStyle=solid
Path=//mt/home/mbridge/Work/MyHiggsstrahlungV2/MyHiggsstrahlungHWW/Analysis.yoda/MyFSAnalysis/EtaCh
ScaledBy=7.05600451357071856e-04
Title=Analysis
# xlow	 xhigh	 val	 errminus	 errplus
-5.000000e+00	-4.900000e+00	1.029622e-04	2.751781e-05	2.751781e-05
-4.900000e+00	-4.800000e+00	1.250256e-04	3.032315e-05	3.032315e-05
-4.800000e+00	-4.700000e+00	1.176711e-04	2.941778e-05	2.941778e-05
-4.700000e+00	-4.600000e+00	1.985700e-04	3.821481e-05	3.821481e-05
-4.600000e+00	-4.500000e+00	1.397344e-04	3.205728e-05	3.205728e-05
-4.500000e+00	-4.400000e+00	2.721144e-04	4.473534e-05	4.473534e-05
-4.400000e+00	-4.300000e+00	3.971400e-04	5.404391e-05	5.404391e-05
-4.300000e+00	-4.200000e+00	4.853933e-04	5.974779e-05	5.974779e-05
-4.200000e+00	-4.100000e+00	4.780389e-04	5.929343e-05	5.929343e-05
-4.100000e+00	-4.000000e+00	5.662922e-04	6.453499e-05	6.453499e-05
-4.000000e+00	-3.900000e+00	7.354445e-04	7.354444e-05	7.354444e-05
-3.900000e+00	-3.800000e+00	8.384067e-04	7.852398e-05	7.852398e-05
-3.800000e+00	-3.700000e+00	1.044331e-03	8.763832e-05	8.763832e-05
-3.700000e+00	-3.600000e+00	1.419408e-03	1.021712e-04	1.021712e-04
-3.600000e+00	-3.500000e+00	1.404699e-03	1.016404e-04	1.016404e-04
-3.500000e+00	-3.400000e+00	1.853320e-03	1.167482e-04	1.167482e-04
-3.400000e+00	-3.300000e+00	2.559347e-03	1.371954e-04	1.371954e-04
-3.300000e+00	-3.200000e+00	3.103576e-03	1.510797e-04	1.510797e-04
-3.200000e+00	-3.100000e+00	3.390399e-03	1.579066e-04	1.579066e-04
-3.100000e+00	-3.000000e+00	4.765680e-03	1.872136e-04	1.872136e-04
-3.000000e+00	-2.900000e+00	5.295200e-03	1.973404e-04	1.973404e-04
-2.900000e+00	-2.800000e+00	6.185088e-03	2.132789e-04	2.132789e-04
-2.800000e+00	-2.700000e+00	8.244332e-03	2.462366e-04	2.462366e-04
-2.700000e+00	-2.600000e+00	9.862310e-03	2.693173e-04	2.693173e-04
-2.600000e+00	-2.500000e+00	1.176711e-02	2.941778e-04	2.941778e-04
-2.500000e+00	-2.400000e+00	1.463534e-02	3.280774e-04	3.280774e-04
-2.400000e+00	-2.300000e+00	1.742268e-02	3.579582e-04	3.579582e-04
-2.300000e+00	-2.200000e+00	2.142350e-02	3.969356e-04	3.969356e-04
-2.200000e+00	-2.100000e+00	2.644658e-02	4.410214e-04	4.410214e-04
-2.100000e+00	-2.000000e+00	3.204331e-02	4.854491e-04	4.854491e-04
-2.000000e+00	-1.900000e+00	3.982432e-02	5.411892e-04	5.411892e-04
-1.900000e+00	-1.800000e+00	4.667866e-02	5.859143e-04	5.859143e-04
-1.800000e+00	-1.700000e+00	5.581288e-02	6.406814e-04	6.406814e-04
-1.700000e+00	-1.600000e+00	6.771237e-02	7.056819e-04	7.056819e-04
-1.600000e+00	-1.500000e+00	8.245803e-02	7.787381e-04	7.787381e-04
-1.500000e+00	-1.400000e+00	9.870400e-02	8.520053e-04	8.520053e-04
-1.400000e+00	-1.300000e+00	1.188258e-01	9.348248e-04	9.348248e-04
-1.300000e+00	-1.200000e+00	1.411244e-01	1.018770e-03	1.018770e-03
-1.200000e+00	-1.100000e+00	1.676372e-01	1.110351e-03	1.110351e-03
-1.100000e+00	-1.000000e+00	1.948487e-01	1.197081e-03	1.197081e-03
-1.000000e+00	-9.000000e-01	2.292013e-01	1.298325e-03	1.298325e-03
-9.000000e-01	-8.000000e-01	2.633847e-01	1.391779e-03	1.391779e-03
-8.000000e-01	-7.000000e-01	2.995465e-01	1.484250e-03	1.484250e-03
-7.000000e-01	-6.000000e-01	3.393561e-01	1.579803e-03	1.579803e-03
-6.000000e-01	-5.000000e-01	3.762534e-01	1.663471e-03	1.663471e-03
-5.000000e-01	-4.000000e-01	4.120548e-01	1.740814e-03	1.740814e-03
-4.000000e-01	-3.000000e-01	4.434436e-01	1.805902e-03	1.805902e-03
-3.000000e-01	-2.000000e-01	4.701696e-01	1.859526e-03	1.859526e-03
-2.000000e-01	-1.000000e-01	4.919976e-01	1.902201e-03	1.902201e-03
-1.000000e-01	0.000000e+00	4.986608e-01	1.915039e-03	1.915039e-03
0.000000e+00	1.000000e-01	4.962779e-01	1.910458e-03	1.910458e-03
1.000000e-01	2.000000e-01	4.913578e-01	1.900964e-03	1.900964e-03
2.000000e-01	3.000000e-01	4.727952e-01	1.864711e-03	1.864711e-03
3.000000e-01	4.000000e-01	4.463633e-01	1.811837e-03	1.811837e-03
4.000000e-01	5.000000e-01	4.080761e-01	1.732389e-03	1.732389e-03
5.000000e-01	6.000000e-01	3.710097e-01	1.651838e-03	1.651838e-03
6.000000e-01	7.000000e-01	3.364070e-01	1.572923e-03	1.572923e-03
7.000000e-01	8.000000e-01	2.979580e-01	1.480309e-03	1.480309e-03
8.000000e-01	9.000000e-01	2.625537e-01	1.389581e-03	1.389581e-03
9.000000e-01	1.000000e+00	2.263330e-01	1.290176e-03	1.290176e-03
1.000000e+00	1.100000e+00	1.917377e-01	1.187486e-03	1.187486e-03
1.100000e+00	1.200000e+00	1.629377e-01	1.094676e-03	1.094676e-03
1.200000e+00	1.300000e+00	1.402566e-01	1.015632e-03	1.015632e-03
1.300000e+00	1.400000e+00	1.161855e-01	9.243808e-04	9.243808e-04
1.400000e+00	1.500000e+00	9.718898e-02	8.454413e-04	8.454413e-04
1.500000e+00	1.600000e+00	8.147254e-02	7.740705e-04	7.740705e-04
1.600000e+00	1.700000e+00	6.684455e-02	7.011451e-04	7.011451e-04
1.700000e+00	1.800000e+00	5.665864e-02	6.455175e-04	6.455175e-04
1.800000e+00	1.900000e+00	4.664189e-02	5.856835e-04	5.856835e-04
1.900000e+00	2.000000e+00	3.884618e-02	5.345016e-04	5.345016e-04
2.000000e+00	2.100000e+00	3.138141e-02	4.804091e-04	4.804091e-04
2.100000e+00	2.200000e+00	2.602738e-02	4.375122e-04	4.375122e-04
2.200000e+00	2.300000e+00	2.104107e-02	3.933769e-04	3.933769e-04
2.300000e+00	2.400000e+00	1.768744e-02	3.606679e-04	3.606679e-04
2.400000e+00	2.500000e+00	1.420879e-02	3.232610e-04	3.232610e-04
2.500000e+00	2.600000e+00	1.248785e-02	3.030531e-04	3.030531e-04
2.600000e+00	2.700000e+00	9.568132e-03	2.652702e-04	2.652702e-04
2.700000e+00	2.800000e+00	8.222269e-03	2.459069e-04	2.459069e-04
2.800000e+00	2.900000e+00	6.376303e-03	2.165506e-04	2.165506e-04
2.900000e+00	3.000000e+00	5.376099e-03	1.988422e-04	1.988422e-04
3.000000e+00	3.100000e+00	4.111134e-03	1.738825e-04	1.738825e-04
3.100000e+00	3.200000e+00	3.824311e-03	1.677071e-04	1.677071e-04
3.200000e+00	3.300000e+00	2.757917e-03	1.424182e-04	1.424182e-04
3.300000e+00	3.400000e+00	2.213688e-03	1.275948e-04	1.275948e-04
3.400000e+00	3.500000e+00	1.993054e-03	1.210694e-04	1.210694e-04
3.500000e+00	3.600000e+00	1.728294e-03	1.127415e-04	1.127415e-04
3.600000e+00	3.700000e+00	1.485598e-03	1.045263e-04	1.045263e-04
3.700000e+00	3.800000e+00	1.147293e-03	9.185698e-05	9.185698e-05
3.800000e+00	3.900000e+00	9.560778e-04	8.385357e-05	8.385357e-05
3.900000e+00	4.000000e+00	8.089889e-04	7.713407e-05	7.713407e-05
4.000000e+00	4.100000e+00	6.692545e-04	7.015693e-05	7.015693e-05
4.100000e+00	4.200000e+00	4.853933e-04	5.974779e-05	5.974779e-05
4.200000e+00	4.300000e+00	3.456589e-04	5.041953e-05	5.041953e-05
4.300000e+00	4.400000e+00	3.235956e-04	4.878387e-05	4.878387e-05
4.400000e+00	4.500000e+00	2.941778e-04	4.651359e-05	4.651359e-05
4.500000e+00	4.600000e+00	2.426967e-04	4.224807e-05	4.224807e-05
4.600000e+00	4.700000e+00	1.617978e-04	3.449541e-05	3.449541e-05
4.700000e+00	4.800000e+00	9.560778e-05	2.651683e-05	2.651683e-05
4.800000e+00	4.900000e+00	1.617978e-04	3.449541e-05	3.449541e-05
4.900000e+00	5.000000e+00	1.029622e-04	2.751781e-05	2.751781e-05
# END HISTO1D

