# BEGIN PLOT
Legend=1
LogY=1
Title=Energy of all particles
XLabel=$E$ [GeV]
YLabel=$1/\sigma \; \mathrm{d}\sigma/\mathrm{d}E$ [GeV$^{-1}$]
DrawOnly=//mt/home/mbridge/Work/e+e-/Analysis.yoda/MC_GENERIC/E
LegendOnly=//mt/home/mbridge/Work/e+e-/Analysis.yoda/MC_GENERIC/E
# END PLOT

# BEGIN HISTO1D //mt/home/mbridge/Work/e+e-/Analysis.yoda/MC_GENERIC/E
LineColor=red
LineStyle=solid
Path=//mt/home/mbridge/Work/e+e-/Analysis.yoda/MC_GENERIC/E
ScaledBy=2.43442321930015880e-12
Title=Analysis
# xlow	 xhigh	 val	 errminus	 errplus
0.000000e+00	2.000000e+00	2.467359e-01	7.112503e-04	7.112503e-04
2.000000e+00	4.000000e+00	1.228616e-01	5.018501e-04	5.018501e-04
4.000000e+00	6.000000e+00	5.336475e-02	3.308073e-04	3.308073e-04
6.000000e+00	8.000000e+00	2.875433e-02	2.427832e-04	2.427832e-04
8.000000e+00	1.000000e+01	1.729916e-02	1.883088e-04	1.883088e-04
1.000000e+01	1.200000e+01	1.051974e-02	1.468680e-04	1.468680e-04
1.200000e+01	1.400000e+01	6.672240e-03	1.169174e-04	1.169174e-04
1.400000e+01	1.600000e+01	4.508168e-03	9.612208e-05	9.612208e-05
1.600000e+01	1.800000e+01	3.048245e-03	7.902413e-05	7.902413e-05
1.800000e+01	2.000000e+01	2.164209e-03	6.660657e-05	6.660657e-05
2.000000e+01	2.200000e+01	1.449598e-03	5.452972e-05	5.452972e-05
2.200000e+01	2.400000e+01	9.798085e-04	4.481952e-05	4.481952e-05
2.400000e+01	2.600000e+01	5.979575e-04	3.499281e-05	3.499281e-05
2.600000e+01	2.800000e+01	4.505159e-04	3.037378e-05	3.037378e-05
2.800000e+01	3.000000e+01	2.703096e-04	2.352743e-05	2.352743e-05
3.000000e+01	3.200000e+01	1.515372e-04	1.761584e-05	1.761584e-05
3.200000e+01	3.400000e+01	7.372080e-05	1.228680e-05	1.228680e-05
3.400000e+01	3.600000e+01	4.505159e-05	9.605031e-06	9.605031e-06
3.600000e+01	3.800000e+01	2.866919e-05	7.662164e-06	7.662164e-06
3.800000e+01	4.000000e+01	1.228680e-05	5.016064e-06	5.016064e-06
4.000000e+01	4.200000e+01	1.023899e-05	4.579019e-06	4.579019e-06
4.200000e+01	4.400000e+01	2.047799e-06	2.047799e-06	2.047799e-06
4.400000e+01	4.600000e+01	0.000000e+00	0.000000e+00	0.000000e+00
4.600000e+01	4.800000e+01	0.000000e+00	0.000000e+00	0.000000e+00
4.800000e+01	5.000000e+01	0.000000e+00	0.000000e+00	0.000000e+00
5.000000e+01	5.200000e+01	0.000000e+00	0.000000e+00	0.000000e+00
5.200000e+01	5.400000e+01	0.000000e+00	0.000000e+00	0.000000e+00
5.400000e+01	5.600000e+01	0.000000e+00	0.000000e+00	0.000000e+00
5.600000e+01	5.800000e+01	0.000000e+00	0.000000e+00	0.000000e+00
5.800000e+01	6.000000e+01	0.000000e+00	0.000000e+00	0.000000e+00
6.000000e+01	6.200000e+01	0.000000e+00	0.000000e+00	0.000000e+00
6.200000e+01	6.400000e+01	0.000000e+00	0.000000e+00	0.000000e+00
6.400000e+01	6.600000e+01	0.000000e+00	0.000000e+00	0.000000e+00
6.600000e+01	6.800000e+01	0.000000e+00	0.000000e+00	0.000000e+00
6.800000e+01	7.000000e+01	0.000000e+00	0.000000e+00	0.000000e+00
7.000000e+01	7.200000e+01	0.000000e+00	0.000000e+00	0.000000e+00
7.200000e+01	7.400000e+01	0.000000e+00	0.000000e+00	0.000000e+00
7.400000e+01	7.600000e+01	0.000000e+00	0.000000e+00	0.000000e+00
7.600000e+01	7.800000e+01	0.000000e+00	0.000000e+00	0.000000e+00
7.800000e+01	8.000000e+01	0.000000e+00	0.000000e+00	0.000000e+00
8.000000e+01	8.200000e+01	0.000000e+00	0.000000e+00	0.000000e+00
8.200000e+01	8.400000e+01	0.000000e+00	0.000000e+00	0.000000e+00
8.400000e+01	8.600000e+01	0.000000e+00	0.000000e+00	0.000000e+00
8.600000e+01	8.800000e+01	0.000000e+00	0.000000e+00	0.000000e+00
8.800000e+01	9.000000e+01	0.000000e+00	0.000000e+00	0.000000e+00
9.000000e+01	9.200000e+01	0.000000e+00	0.000000e+00	0.000000e+00
9.200000e+01	9.400000e+01	0.000000e+00	0.000000e+00	0.000000e+00
9.400000e+01	9.600000e+01	0.000000e+00	0.000000e+00	0.000000e+00
9.600000e+01	9.800000e+01	0.000000e+00	0.000000e+00	0.000000e+00
9.800000e+01	1.000000e+02	0.000000e+00	0.000000e+00	0.000000e+00
1.000000e+02	1.020000e+02	0.000000e+00	0.000000e+00	0.000000e+00
1.020000e+02	1.040000e+02	0.000000e+00	0.000000e+00	0.000000e+00
1.040000e+02	1.060000e+02	0.000000e+00	0.000000e+00	0.000000e+00
1.060000e+02	1.080000e+02	0.000000e+00	0.000000e+00	0.000000e+00
1.080000e+02	1.100000e+02	0.000000e+00	0.000000e+00	0.000000e+00
1.100000e+02	1.120000e+02	0.000000e+00	0.000000e+00	0.000000e+00
1.120000e+02	1.140000e+02	0.000000e+00	0.000000e+00	0.000000e+00
1.140000e+02	1.160000e+02	0.000000e+00	0.000000e+00	0.000000e+00
1.160000e+02	1.180000e+02	0.000000e+00	0.000000e+00	0.000000e+00
1.180000e+02	1.200000e+02	0.000000e+00	0.000000e+00	0.000000e+00
1.200000e+02	1.220000e+02	0.000000e+00	0.000000e+00	0.000000e+00
1.220000e+02	1.240000e+02	0.000000e+00	0.000000e+00	0.000000e+00
1.240000e+02	1.260000e+02	0.000000e+00	0.000000e+00	0.000000e+00
1.260000e+02	1.280000e+02	0.000000e+00	0.000000e+00	0.000000e+00
1.280000e+02	1.300000e+02	0.000000e+00	0.000000e+00	0.000000e+00
1.300000e+02	1.320000e+02	0.000000e+00	0.000000e+00	0.000000e+00
1.320000e+02	1.340000e+02	0.000000e+00	0.000000e+00	0.000000e+00
1.340000e+02	1.360000e+02	0.000000e+00	0.000000e+00	0.000000e+00
1.360000e+02	1.380000e+02	0.000000e+00	0.000000e+00	0.000000e+00
1.380000e+02	1.400000e+02	0.000000e+00	0.000000e+00	0.000000e+00
1.400000e+02	1.420000e+02	0.000000e+00	0.000000e+00	0.000000e+00
1.420000e+02	1.440000e+02	0.000000e+00	0.000000e+00	0.000000e+00
1.440000e+02	1.460000e+02	0.000000e+00	0.000000e+00	0.000000e+00
1.460000e+02	1.480000e+02	0.000000e+00	0.000000e+00	0.000000e+00
1.480000e+02	1.500000e+02	0.000000e+00	0.000000e+00	0.000000e+00
1.500000e+02	1.520000e+02	0.000000e+00	0.000000e+00	0.000000e+00
1.520000e+02	1.540000e+02	0.000000e+00	0.000000e+00	0.000000e+00
1.540000e+02	1.560000e+02	0.000000e+00	0.000000e+00	0.000000e+00
1.560000e+02	1.580000e+02	0.000000e+00	0.000000e+00	0.000000e+00
1.580000e+02	1.600000e+02	0.000000e+00	0.000000e+00	0.000000e+00
1.600000e+02	1.620000e+02	0.000000e+00	0.000000e+00	0.000000e+00
1.620000e+02	1.640000e+02	0.000000e+00	0.000000e+00	0.000000e+00
1.640000e+02	1.660000e+02	0.000000e+00	0.000000e+00	0.000000e+00
1.660000e+02	1.680000e+02	0.000000e+00	0.000000e+00	0.000000e+00
1.680000e+02	1.700000e+02	0.000000e+00	0.000000e+00	0.000000e+00
1.700000e+02	1.720000e+02	0.000000e+00	0.000000e+00	0.000000e+00
1.720000e+02	1.740000e+02	0.000000e+00	0.000000e+00	0.000000e+00
1.740000e+02	1.760000e+02	0.000000e+00	0.000000e+00	0.000000e+00
1.760000e+02	1.780000e+02	0.000000e+00	0.000000e+00	0.000000e+00
1.780000e+02	1.800000e+02	0.000000e+00	0.000000e+00	0.000000e+00
1.800000e+02	1.820000e+02	0.000000e+00	0.000000e+00	0.000000e+00
1.820000e+02	1.840000e+02	0.000000e+00	0.000000e+00	0.000000e+00
1.840000e+02	1.860000e+02	0.000000e+00	0.000000e+00	0.000000e+00
1.860000e+02	1.880000e+02	0.000000e+00	0.000000e+00	0.000000e+00
1.880000e+02	1.900000e+02	0.000000e+00	0.000000e+00	0.000000e+00
1.900000e+02	1.920000e+02	0.000000e+00	0.000000e+00	0.000000e+00
1.920000e+02	1.940000e+02	0.000000e+00	0.000000e+00	0.000000e+00
1.940000e+02	1.960000e+02	0.000000e+00	0.000000e+00	0.000000e+00
1.960000e+02	1.980000e+02	0.000000e+00	0.000000e+00	0.000000e+00
1.980000e+02	2.000000e+02	0.000000e+00	0.000000e+00	0.000000e+00
# END HISTO1D

