# BEGIN PLOT
Legend=1
LogY=1
DrawOnly=//mt/home/mbridge/Work/MyHiggsstrahlungV2/tmp/Analysisbgwzc.yoda/MyFSAnalysis/E
LegendOnly=//mt/home/mbridge/Work/MyHiggsstrahlungV2/tmp/Analysisbgwzc.yoda/MyFSAnalysis/E
# END PLOT

# BEGIN HISTO1D //mt/home/mbridge/Work/MyHiggsstrahlungV2/tmp/Analysisbgwzc.yoda/MyFSAnalysis/E
ErrorBars=1
LineColor=red
LineStyle=solid
Path=//mt/home/mbridge/Work/MyHiggsstrahlungV2/tmp/Analysisbgwzc.yoda/MyFSAnalysis/E
ScaledBy=5.28345184745567220e-06
Title=Analysisbgwzc
# xlow	 xhigh	 val	 errminus	 errplus
0.000000e+00	1.500000e+00	4.060163e-01	1.042101e-04	1.042101e-04
1.500000e+00	3.000000e+00	1.109351e-01	5.458049e-05	5.458049e-05
3.000000e+00	4.500000e+00	5.208719e-02	3.748080e-05	3.748080e-05
4.500000e+00	6.000000e+00	3.009153e-02	2.853533e-05	2.853533e-05
6.000000e+00	7.500000e+00	1.910746e-02	2.276071e-05	2.276071e-05
7.500000e+00	9.000000e+00	1.290992e-02	1.872348e-05	1.872348e-05
9.000000e+00	1.050000e+01	9.019987e-03	1.566121e-05	1.566121e-05
1.050000e+01	1.200000e+01	6.494101e-03	1.329548e-05	1.329548e-05
1.200000e+01	1.350000e+01	4.722935e-03	1.134195e-05	1.134195e-05
1.350000e+01	1.500000e+01	3.499914e-03	9.768166e-06	9.768166e-06
1.500000e+01	1.650000e+01	2.623416e-03	8.458587e-06	8.458587e-06
1.650000e+01	1.800000e+01	2.007565e-03	7.398531e-06	7.398531e-06
1.800000e+01	1.950000e+01	1.535729e-03	6.471737e-06	6.471737e-06
1.950000e+01	2.100000e+01	1.196762e-03	5.717049e-06	5.717049e-06
2.100000e+01	2.250000e+01	9.255640e-04	5.029210e-06	5.029210e-06
2.250000e+01	2.400000e+01	7.273793e-04	4.461022e-06	4.461022e-06
2.400000e+01	2.550000e+01	5.723055e-04	3.958777e-06	3.958777e-06
2.550000e+01	2.700000e+01	4.493132e-04	3.506095e-06	3.506095e-06
2.700000e+01	2.850000e+01	3.637651e-04	3.158376e-06	3.158376e-06
2.850000e+01	3.000000e+01	2.880169e-04	2.811726e-06	2.811726e-06
3.000000e+01	3.150000e+01	2.250881e-04	2.485317e-06	2.485317e-06
3.150000e+01	3.300000e+01	1.836933e-04	2.247050e-06	2.247050e-06
3.300000e+01	3.450000e+01	1.423843e-04	1.981110e-06	1.981110e-06
3.450000e+01	3.600000e+01	1.144226e-04	1.775605e-06	1.775605e-06
3.600000e+01	3.750000e+01	9.103080e-05	1.584895e-06	1.584895e-06
3.750000e+01	3.900000e+01	7.083173e-05	1.398980e-06	1.398980e-06
3.900000e+01	4.050000e+01	5.821195e-05	1.266806e-06	1.266806e-06
4.050000e+01	4.200000e+01	4.528827e-05	1.118692e-06	1.118692e-06
4.200000e+01	4.350000e+01	3.545239e-05	9.898821e-07	9.898821e-07
4.350000e+01	4.500000e+01	2.697231e-05	8.637255e-07	8.637255e-07
4.500000e+01	4.650000e+01	2.306908e-05	7.998216e-07	7.998216e-07
4.650000e+01	4.800000e+01	1.866864e-05	7.173625e-07	7.173625e-07
4.800000e+01	4.950000e+01	1.354042e-05	6.137611e-07	6.137611e-07
4.950000e+01	5.100000e+01	1.040017e-05	5.388540e-07	5.388540e-07
5.100000e+01	5.250000e+01	8.415000e-06	4.814355e-07	4.814355e-07
5.250000e+01	5.400000e+01	6.402183e-06	4.224585e-07	4.224585e-07
5.400000e+01	5.550000e+01	4.548385e-06	3.566897e-07	3.566897e-07
5.550000e+01	5.700000e+01	3.902267e-06	3.293152e-07	3.293152e-07
5.700000e+01	5.850000e+01	2.941738e-06	2.859491e-07	2.859491e-07
5.850000e+01	6.000000e+01	2.000684e-06	2.332140e-07	2.332140e-07
6.000000e+01	6.150000e+01	1.275259e-06	1.873950e-07	1.873950e-07
6.150000e+01	6.300000e+01	1.218523e-06	1.845114e-07	1.845114e-07
6.300000e+01	6.450000e+01	8.467547e-07	1.530742e-07	1.530742e-07
6.450000e+01	6.600000e+01	6.004092e-07	1.288281e-07	1.288281e-07
6.600000e+01	6.750000e+01	3.707203e-07	1.028193e-07	1.028193e-07
6.750000e+01	6.900000e+01	3.041824e-07	9.216102e-08	9.216102e-08
6.900000e+01	7.050000e+01	1.528391e-07	6.328311e-08	6.328311e-08
7.050000e+01	7.200000e+01	0.000000e+00	0.000000e+00	0.000000e+00
7.200000e+01	7.350000e+01	1.615977e-07	6.654001e-08	6.654001e-08
7.350000e+01	7.500000e+01	2.851695e-08	2.851695e-08	2.851695e-08
7.500000e+01	7.650000e+01	7.679233e-08	4.490911e-08	4.490911e-08
7.650000e+01	7.800000e+01	2.851695e-08	2.851695e-08	2.851695e-08
7.800000e+01	7.950000e+01	0.000000e+00	0.000000e+00	0.000000e+00
7.950000e+01	8.100000e+01	0.000000e+00	0.000000e+00	0.000000e+00
8.100000e+01	8.250000e+01	0.000000e+00	0.000000e+00	0.000000e+00
8.250000e+01	8.400000e+01	0.000000e+00	0.000000e+00	0.000000e+00
8.400000e+01	8.550000e+01	0.000000e+00	0.000000e+00	0.000000e+00
8.550000e+01	8.700000e+01	0.000000e+00	0.000000e+00	0.000000e+00
8.700000e+01	8.850000e+01	0.000000e+00	0.000000e+00	0.000000e+00
8.850000e+01	9.000000e+01	0.000000e+00	0.000000e+00	0.000000e+00
9.000000e+01	9.150000e+01	0.000000e+00	0.000000e+00	0.000000e+00
9.150000e+01	9.300000e+01	0.000000e+00	0.000000e+00	0.000000e+00
9.300000e+01	9.450000e+01	0.000000e+00	0.000000e+00	0.000000e+00
9.450000e+01	9.600000e+01	0.000000e+00	0.000000e+00	0.000000e+00
9.600000e+01	9.750000e+01	0.000000e+00	0.000000e+00	0.000000e+00
9.750000e+01	9.900000e+01	0.000000e+00	0.000000e+00	0.000000e+00
9.900000e+01	1.005000e+02	0.000000e+00	0.000000e+00	0.000000e+00
1.005000e+02	1.020000e+02	0.000000e+00	0.000000e+00	0.000000e+00
1.020000e+02	1.035000e+02	0.000000e+00	0.000000e+00	0.000000e+00
1.035000e+02	1.050000e+02	0.000000e+00	0.000000e+00	0.000000e+00
1.050000e+02	1.065000e+02	0.000000e+00	0.000000e+00	0.000000e+00
1.065000e+02	1.080000e+02	0.000000e+00	0.000000e+00	0.000000e+00
1.080000e+02	1.095000e+02	0.000000e+00	0.000000e+00	0.000000e+00
1.095000e+02	1.110000e+02	0.000000e+00	0.000000e+00	0.000000e+00
1.110000e+02	1.125000e+02	0.000000e+00	0.000000e+00	0.000000e+00
1.125000e+02	1.140000e+02	0.000000e+00	0.000000e+00	0.000000e+00
1.140000e+02	1.155000e+02	0.000000e+00	0.000000e+00	0.000000e+00
1.155000e+02	1.170000e+02	0.000000e+00	0.000000e+00	0.000000e+00
1.170000e+02	1.185000e+02	0.000000e+00	0.000000e+00	0.000000e+00
1.185000e+02	1.200000e+02	0.000000e+00	0.000000e+00	0.000000e+00
1.200000e+02	1.215000e+02	0.000000e+00	0.000000e+00	0.000000e+00
1.215000e+02	1.230000e+02	0.000000e+00	0.000000e+00	0.000000e+00
1.230000e+02	1.245000e+02	0.000000e+00	0.000000e+00	0.000000e+00
1.245000e+02	1.260000e+02	0.000000e+00	0.000000e+00	0.000000e+00
1.260000e+02	1.275000e+02	0.000000e+00	0.000000e+00	0.000000e+00
1.275000e+02	1.290000e+02	0.000000e+00	0.000000e+00	0.000000e+00
1.290000e+02	1.305000e+02	0.000000e+00	0.000000e+00	0.000000e+00
1.305000e+02	1.320000e+02	0.000000e+00	0.000000e+00	0.000000e+00
1.320000e+02	1.335000e+02	0.000000e+00	0.000000e+00	0.000000e+00
1.335000e+02	1.350000e+02	0.000000e+00	0.000000e+00	0.000000e+00
1.350000e+02	1.365000e+02	0.000000e+00	0.000000e+00	0.000000e+00
1.365000e+02	1.380000e+02	0.000000e+00	0.000000e+00	0.000000e+00
1.380000e+02	1.395000e+02	0.000000e+00	0.000000e+00	0.000000e+00
1.395000e+02	1.410000e+02	0.000000e+00	0.000000e+00	0.000000e+00
1.410000e+02	1.425000e+02	0.000000e+00	0.000000e+00	0.000000e+00
1.425000e+02	1.440000e+02	0.000000e+00	0.000000e+00	0.000000e+00
1.440000e+02	1.455000e+02	0.000000e+00	0.000000e+00	0.000000e+00
1.455000e+02	1.470000e+02	0.000000e+00	0.000000e+00	0.000000e+00
1.470000e+02	1.485000e+02	0.000000e+00	0.000000e+00	0.000000e+00
1.485000e+02	1.500000e+02	0.000000e+00	0.000000e+00	0.000000e+00
# END HISTO1D

