# BEGIN PLOT
Legend=1
LogY=1
DrawOnly=//mt/home/mbridge/Work/MyHiggsstrahlungV2/tmp/Analysisbgwzc.yoda/MyFSAnalysis/PtCh
LegendOnly=//mt/home/mbridge/Work/MyHiggsstrahlungV2/tmp/Analysisbgwzc.yoda/MyFSAnalysis/PtCh
# END PLOT

# BEGIN HISTO1D //mt/home/mbridge/Work/MyHiggsstrahlungV2/tmp/Analysisbgwzc.yoda/MyFSAnalysis/PtCh
ErrorBars=1
LineColor=red
LineStyle=solid
Path=//mt/home/mbridge/Work/MyHiggsstrahlungV2/tmp/Analysisbgwzc.yoda/MyFSAnalysis/PtCh
ScaledBy=1.14591906100417951e-05
Title=Analysisbgwzc
# xlow	 xhigh	 val	 errminus	 errplus
0.000000e+00	1.500000e+00	3.794399e-01	1.480876e-04	1.480876e-04
1.500000e+00	3.000000e+00	1.245426e-01	8.517451e-05	8.517451e-05
3.000000e+00	4.500000e+00	5.921143e-02	5.888120e-05	5.888120e-05
4.500000e+00	6.000000e+00	3.383679e-02	4.457778e-05	4.457778e-05
6.000000e+00	7.500000e+00	2.106028e-02	3.519726e-05	3.519726e-05
7.500000e+00	9.000000e+00	1.387173e-02	2.858708e-05	2.858708e-05
9.000000e+00	1.050000e+01	9.477647e-03	2.363909e-05	2.363909e-05
1.050000e+01	1.200000e+01	6.615685e-03	1.976155e-05	1.976155e-05
1.200000e+01	1.350000e+01	4.712067e-03	1.667714e-05	1.667714e-05
1.350000e+01	1.500000e+01	3.420978e-03	1.421553e-05	1.421553e-05
1.500000e+01	1.650000e+01	2.509177e-03	1.217635e-05	1.217635e-05
1.650000e+01	1.800000e+01	1.861263e-03	1.049112e-05	1.049112e-05
1.800000e+01	1.950000e+01	1.413709e-03	9.146878e-06	9.146878e-06
1.950000e+01	2.100000e+01	1.067479e-03	7.951897e-06	7.951897e-06
2.100000e+01	2.250000e+01	8.203160e-04	6.971724e-06	6.971724e-06
2.250000e+01	2.400000e+01	6.282981e-04	6.106857e-06	6.106857e-06
2.400000e+01	2.550000e+01	4.781211e-04	5.324458e-06	5.324458e-06
2.550000e+01	2.700000e+01	3.767437e-04	4.730366e-06	4.730366e-06
2.700000e+01	2.850000e+01	2.911334e-04	4.161173e-06	4.161173e-06
2.850000e+01	3.000000e+01	2.236352e-04	3.647849e-06	3.647849e-06
3.000000e+01	3.150000e+01	1.751985e-04	3.231878e-06	3.231878e-06
3.150000e+01	3.300000e+01	1.384626e-04	2.874604e-06	2.874604e-06
3.300000e+01	3.450000e+01	1.102395e-04	2.568530e-06	2.568530e-06
3.450000e+01	3.600000e+01	8.404967e-05	2.241043e-06	2.241043e-06
3.600000e+01	3.750000e+01	6.727820e-05	2.005287e-06	2.005287e-06
3.750000e+01	3.900000e+01	5.257796e-05	1.778841e-06	1.778841e-06
3.900000e+01	4.050000e+01	3.890813e-05	1.527889e-06	1.527889e-06
4.050000e+01	4.200000e+01	3.057335e-05	1.355589e-06	1.355589e-06
4.200000e+01	4.350000e+01	2.596073e-05	1.251543e-06	1.251543e-06
4.350000e+01	4.500000e+01	2.072758e-05	1.116294e-06	1.116294e-06
4.500000e+01	4.650000e+01	1.523159e-05	9.576070e-07	9.576070e-07
4.650000e+01	4.800000e+01	1.170915e-05	8.361465e-07	8.361465e-07
4.800000e+01	4.950000e+01	9.312720e-06	7.495762e-07	7.495762e-07
4.950000e+01	5.100000e+01	8.229320e-06	7.062961e-07	7.062961e-07
5.100000e+01	5.250000e+01	4.434231e-06	5.155508e-07	5.155508e-07
5.250000e+01	5.400000e+01	3.903035e-06	4.862573e-07	4.862573e-07
5.400000e+01	5.550000e+01	2.475625e-06	3.880762e-07	3.880762e-07
5.550000e+01	5.700000e+01	2.329685e-06	3.784717e-07	3.784717e-07
5.700000e+01	5.850000e+01	1.422549e-06	2.966219e-07	2.966219e-07
5.850000e+01	6.000000e+01	1.279853e-06	2.799013e-07	2.799013e-07
6.000000e+01	6.150000e+01	7.215860e-07	2.092368e-07	2.092368e-07
6.150000e+01	6.300000e+01	1.240243e-06	2.724533e-07	2.724533e-07
6.300000e+01	6.450000e+01	1.665536e-07	9.740262e-08	9.740262e-08
6.450000e+01	6.600000e+01	4.329495e-07	1.636395e-07	1.636395e-07
6.600000e+01	6.750000e+01	3.710996e-07	1.515008e-07	1.515008e-07
6.750000e+01	6.900000e+01	2.267866e-07	1.147899e-07	1.147899e-07
6.900000e+01	7.050000e+01	1.236999e-07	8.746900e-08	8.746900e-08
7.050000e+01	7.200000e+01	0.000000e+00	0.000000e+00	0.000000e+00
7.200000e+01	7.350000e+01	6.184993e-08	6.184993e-08	6.184993e-08
7.350000e+01	7.500000e+01	0.000000e+00	0.000000e+00	0.000000e+00
7.500000e+01	7.650000e+01	0.000000e+00	0.000000e+00	0.000000e+00
7.650000e+01	7.800000e+01	0.000000e+00	0.000000e+00	0.000000e+00
7.800000e+01	7.950000e+01	0.000000e+00	0.000000e+00	0.000000e+00
7.950000e+01	8.100000e+01	0.000000e+00	0.000000e+00	0.000000e+00
8.100000e+01	8.250000e+01	0.000000e+00	0.000000e+00	0.000000e+00
8.250000e+01	8.400000e+01	0.000000e+00	0.000000e+00	0.000000e+00
8.400000e+01	8.550000e+01	0.000000e+00	0.000000e+00	0.000000e+00
8.550000e+01	8.700000e+01	0.000000e+00	0.000000e+00	0.000000e+00
8.700000e+01	8.850000e+01	0.000000e+00	0.000000e+00	0.000000e+00
8.850000e+01	9.000000e+01	0.000000e+00	0.000000e+00	0.000000e+00
9.000000e+01	9.150000e+01	0.000000e+00	0.000000e+00	0.000000e+00
9.150000e+01	9.300000e+01	0.000000e+00	0.000000e+00	0.000000e+00
9.300000e+01	9.450000e+01	0.000000e+00	0.000000e+00	0.000000e+00
9.450000e+01	9.600000e+01	0.000000e+00	0.000000e+00	0.000000e+00
9.600000e+01	9.750000e+01	0.000000e+00	0.000000e+00	0.000000e+00
9.750000e+01	9.900000e+01	0.000000e+00	0.000000e+00	0.000000e+00
9.900000e+01	1.005000e+02	0.000000e+00	0.000000e+00	0.000000e+00
1.005000e+02	1.020000e+02	0.000000e+00	0.000000e+00	0.000000e+00
1.020000e+02	1.035000e+02	0.000000e+00	0.000000e+00	0.000000e+00
1.035000e+02	1.050000e+02	0.000000e+00	0.000000e+00	0.000000e+00
1.050000e+02	1.065000e+02	0.000000e+00	0.000000e+00	0.000000e+00
1.065000e+02	1.080000e+02	0.000000e+00	0.000000e+00	0.000000e+00
1.080000e+02	1.095000e+02	0.000000e+00	0.000000e+00	0.000000e+00
1.095000e+02	1.110000e+02	0.000000e+00	0.000000e+00	0.000000e+00
1.110000e+02	1.125000e+02	0.000000e+00	0.000000e+00	0.000000e+00
1.125000e+02	1.140000e+02	0.000000e+00	0.000000e+00	0.000000e+00
1.140000e+02	1.155000e+02	0.000000e+00	0.000000e+00	0.000000e+00
1.155000e+02	1.170000e+02	0.000000e+00	0.000000e+00	0.000000e+00
1.170000e+02	1.185000e+02	0.000000e+00	0.000000e+00	0.000000e+00
1.185000e+02	1.200000e+02	0.000000e+00	0.000000e+00	0.000000e+00
1.200000e+02	1.215000e+02	0.000000e+00	0.000000e+00	0.000000e+00
1.215000e+02	1.230000e+02	0.000000e+00	0.000000e+00	0.000000e+00
1.230000e+02	1.245000e+02	0.000000e+00	0.000000e+00	0.000000e+00
1.245000e+02	1.260000e+02	0.000000e+00	0.000000e+00	0.000000e+00
1.260000e+02	1.275000e+02	0.000000e+00	0.000000e+00	0.000000e+00
1.275000e+02	1.290000e+02	0.000000e+00	0.000000e+00	0.000000e+00
1.290000e+02	1.305000e+02	0.000000e+00	0.000000e+00	0.000000e+00
1.305000e+02	1.320000e+02	0.000000e+00	0.000000e+00	0.000000e+00
1.320000e+02	1.335000e+02	0.000000e+00	0.000000e+00	0.000000e+00
1.335000e+02	1.350000e+02	0.000000e+00	0.000000e+00	0.000000e+00
1.350000e+02	1.365000e+02	0.000000e+00	0.000000e+00	0.000000e+00
1.365000e+02	1.380000e+02	0.000000e+00	0.000000e+00	0.000000e+00
1.380000e+02	1.395000e+02	0.000000e+00	0.000000e+00	0.000000e+00
1.395000e+02	1.410000e+02	0.000000e+00	0.000000e+00	0.000000e+00
1.410000e+02	1.425000e+02	0.000000e+00	0.000000e+00	0.000000e+00
1.425000e+02	1.440000e+02	0.000000e+00	0.000000e+00	0.000000e+00
1.440000e+02	1.455000e+02	0.000000e+00	0.000000e+00	0.000000e+00
1.455000e+02	1.470000e+02	0.000000e+00	0.000000e+00	0.000000e+00
1.470000e+02	1.485000e+02	0.000000e+00	0.000000e+00	0.000000e+00
1.485000e+02	1.500000e+02	0.000000e+00	0.000000e+00	0.000000e+00
# END HISTO1D

