# BEGIN PLOT
Legend=1
LogY=1
Title=Durham jet resolution $5 \to 4$ ($E_\mathrm{CMS}=91.2$ GeV)
XLabel=$-\ln(y_{45})$
YLabel=$1/\sigma \; \mathrm{d}\sigma/\mathrm{d}\ln(y_{45})$
LegendXPos=0.25
LegendYPos=0.4
DrawOnly=/ALEPH_2004_S5765862/d173-x01-y01 //mt/home/mbridge/Work/e+e-/Analysis.yoda/ALEPH_2004_S5765862/d173-x01-y01
LegendOnly=/ALEPH_2004_S5765862/d173-x01-y01 //mt/home/mbridge/Work/e+e-/Analysis.yoda/ALEPH_2004_S5765862/d173-x01-y01
RatioPlot=1
RatioPlotReference=/ALEPH_2004_S5765862/d173-x01-y01
# END PLOT

# BEGIN HISTO1D /ALEPH_2004_S5765862/d173-x01-y01
ConnectBins=0
ErrorBars=1
IsRef=1
Path=/ALEPH_2004_S5765862/d173-x01-y01
PolyMarker=*
Title=Data
# xlow	 xhigh	 val	 errminus	 errplus
3.200000e+00	3.400000e+00	7.000000e-05	3.464102e-05	3.464102e-05
3.400000e+00	3.600000e+00	3.000000e-04	1.500000e-04	1.500000e-04
3.600000e+00	3.800000e+00	5.800000e-04	2.894823e-04	2.894823e-04
3.800000e+00	4.000000e+00	1.540000e-03	1.989975e-04	1.989975e-04
4.000000e+00	4.200000e+00	2.540000e-03	2.861818e-04	2.861818e-04
4.200000e+00	4.400000e+00	4.530000e-03	5.908468e-04	5.908468e-04
4.400000e+00	4.600000e+00	7.310000e-03	7.801282e-04	7.801282e-04
4.600000e+00	4.800000e+00	1.153000e-02	1.344842e-03	1.344842e-03
4.800000e+00	5.000000e+00	1.691000e-02	1.852782e-03	1.852782e-03
5.000000e+00	5.200000e+00	2.486000e-02	2.698537e-03	2.698537e-03
5.200000e+00	5.400000e+00	3.563000e-02	3.956084e-03	3.956084e-03
5.400000e+00	5.600000e+00	5.206000e-02	5.650398e-03	5.650398e-03
5.600000e+00	5.800000e+00	7.552000e-02	5.607477e-03	5.607477e-03
5.800000e+00	6.000000e+00	1.076600e-01	8.021097e-03	8.021097e-03
6.000000e+00	6.200000e+00	1.486300e-01	1.063263e-02	1.063263e-02
6.200000e+00	6.400000e+00	2.003700e-01	5.646424e-03	5.646424e-03
6.400000e+00	6.600000e+00	2.525500e-01	7.943456e-03	7.943456e-03
6.600000e+00	6.800000e+00	3.090400e-01	1.031393e-02	1.031393e-02
6.800000e+00	7.000000e+00	3.630600e-01	4.148084e-03	4.148084e-03
7.000000e+00	7.200000e+00	4.063100e-01	4.384119e-03	4.384119e-03
7.200000e+00	7.400000e+00	4.316600e-01	5.173664e-03	5.173664e-03
7.400000e+00	7.600000e+00	4.426500e-01	6.217403e-03	6.217403e-03
7.600000e+00	7.800000e+00	4.299400e-01	5.504489e-03	5.504489e-03
7.800000e+00	8.000000e+00	3.995400e-01	5.270636e-03	5.270636e-03
8.000000e+00	8.200000e+00	3.483500e-01	1.287081e-02	1.287081e-02
8.200000e+00	8.400000e+00	2.902600e-01	1.086794e-02	1.086794e-02
8.400000e+00	8.600000e+00	2.274600e-01	9.425381e-03	9.425381e-03
8.600000e+00	8.800000e+00	1.623300e-01	8.918498e-03	8.918498e-03
8.800000e+00	9.000000e+00	1.071100e-01	5.714000e-03	5.714000e-03
9.000000e+00	9.200000e+00	6.511000e-02	3.683327e-03	3.683327e-03
9.200000e+00	9.400000e+00	3.520000e-02	1.213507e-03	1.213507e-03
9.400000e+00	9.600000e+00	1.856000e-02	1.038894e-03	1.038894e-03
9.600000e+00	9.800000e+00	8.980000e-03	7.632169e-04	7.632169e-04
9.800000e+00	1.000000e+01	4.540000e-03	1.203370e-03	1.203370e-03
1.000000e+01	1.020000e+01	2.140000e-03	8.678133e-04	8.678133e-04
1.020000e+01	1.040000e+01	1.240000e-03	6.836666e-04	6.836666e-04
1.040000e+01	1.060000e+01	9.000000e-04	7.009280e-04	7.009280e-04
1.060000e+01	1.080000e+01	6.200000e-04	5.758472e-04	5.758472e-04
1.080000e+01	1.100000e+01	5.500000e-04	6.010824e-04	6.010824e-04
1.100000e+01	1.120000e+01	5.500000e-04	5.467175e-04	5.467175e-04
1.120000e+01	1.140000e+01	4.500000e-04	4.771792e-04	4.771792e-04
1.140000e+01	1.160000e+01	2.100000e-04	2.887906e-04	2.887906e-04
1.160000e+01	1.180000e+01	5.000000e-04	7.491996e-04	7.491996e-04
1.180000e+01	1.200000e+01	1.200000e-04	1.714643e-04	1.714643e-04
# END HISTO1D


# BEGIN HISTO1D //mt/home/mbridge/Work/e+e-/Analysis.yoda/ALEPH_2004_S5765862/d173-x01-y01
LineColor=red
LineStyle=solid
Path=//mt/home/mbridge/Work/e+e-/Analysis.yoda/ALEPH_2004_S5765862/d173-x01-y01
ScaledBy=5.93892007962991086e-11
Title=Analysis
# xlow	 xhigh	 val	 errminus	 errplus
3.200000e+00	3.400000e+00	9.991455e-04	7.065027e-04	7.065027e-04
3.400000e+00	3.600000e+00	0.000000e+00	0.000000e+00	0.000000e+00
3.600000e+00	3.800000e+00	4.995729e-04	4.995728e-04	4.995728e-04
3.800000e+00	4.000000e+00	9.991455e-04	7.065027e-04	7.065027e-04
4.000000e+00	4.200000e+00	1.998291e-03	9.991456e-04	9.991456e-04
4.200000e+00	4.400000e+00	4.995728e-03	1.579788e-03	1.579788e-03
4.400000e+00	4.600000e+00	6.994020e-03	1.869230e-03	1.869230e-03
4.600000e+00	4.800000e+00	7.993165e-03	1.998291e-03	1.998291e-03
4.800000e+00	5.000000e+00	1.498718e-02	2.736273e-03	2.736273e-03
5.000000e+00	5.200000e+00	1.948334e-02	3.119831e-03	3.119831e-03
5.200000e+00	5.400000e+00	3.696839e-02	4.297488e-03	4.297488e-03
5.400000e+00	5.600000e+00	5.451665e-02	5.222126e-03	5.222126e-03
5.600000e+00	5.800000e+00	7.693420e-02	6.199536e-03	6.199536e-03
5.800000e+00	6.000000e+00	9.298210e-02	6.818055e-03	6.818055e-03
6.000000e+00	6.200000e+00	1.396303e-01	8.363035e-03	8.363035e-03
6.200000e+00	6.400000e+00	1.775411e-01	9.424870e-03	9.424870e-03
6.400000e+00	6.600000e+00	2.455751e-01	1.108406e-02	1.108406e-02
6.600000e+00	6.800000e+00	3.242574e-01	1.272824e-02	1.272824e-02
6.800000e+00	7.000000e+00	3.585515e-01	1.339138e-02	1.339138e-02
7.000000e+00	7.200000e+00	4.065578e-01	1.426057e-02	1.426057e-02
7.200000e+00	7.400000e+00	4.532986e-01	1.505215e-02	1.505215e-02
7.400000e+00	7.600000e+00	4.423656e-01	1.487137e-02	1.487137e-02
7.600000e+00	7.800000e+00	4.329720e-01	1.473552e-02	1.473552e-02
7.800000e+00	8.000000e+00	3.927367e-01	1.400856e-02	1.400856e-02
8.000000e+00	8.200000e+00	3.387549e-01	1.300987e-02	1.300987e-02
8.200000e+00	8.400000e+00	2.940187e-01	1.212669e-02	1.212669e-02
8.400000e+00	8.600000e+00	2.045495e-01	1.011680e-02	1.011680e-02
8.600000e+00	8.800000e+00	1.648590e-01	9.075191e-03	9.075191e-03
8.800000e+00	9.000000e+00	1.134680e-01	7.531414e-03	7.531414e-03
9.000000e+00	9.200000e+00	7.843295e-02	6.259631e-03	6.259631e-03
9.200000e+00	9.400000e+00	4.296326e-02	4.632848e-03	4.632848e-03
9.400000e+00	9.600000e+00	3.097352e-02	3.933640e-03	3.933640e-03
9.600000e+00	9.800000e+00	1.698547e-02	2.912985e-03	2.912985e-03
9.800000e+00	1.000000e+01	8.992310e-03	2.119508e-03	2.119508e-03
1.000000e+01	1.020000e+01	5.495300e-03	1.656895e-03	1.656895e-03
1.020000e+01	1.040000e+01	1.998291e-03	9.991456e-04	9.991456e-04
1.040000e+01	1.060000e+01	1.998292e-03	9.991456e-04	9.991456e-04
1.060000e+01	1.080000e+01	9.991455e-04	7.065027e-04	7.065027e-04
1.080000e+01	1.100000e+01	4.995729e-04	4.995728e-04	4.995728e-04
1.100000e+01	1.120000e+01	0.000000e+00	0.000000e+00	0.000000e+00
1.120000e+01	1.140000e+01	0.000000e+00	0.000000e+00	0.000000e+00
1.140000e+01	1.160000e+01	1.174505e-03	1.174504e-03	1.174504e-03
1.160000e+01	1.180000e+01	0.000000e+00	0.000000e+00	0.000000e+00
1.180000e+01	1.200000e+01	0.000000e+00	0.000000e+00	0.000000e+00
# END HISTO1D

