# BEGIN PLOT
Legend=1
LogY=1
DrawOnly=//mt/home/mbridge/Work/MyHiggsstrahlungV2/MyHiggsstrahlung/Analysis.yoda/MyFSAnalysis/EtaCh
LegendOnly=//mt/home/mbridge/Work/MyHiggsstrahlungV2/MyHiggsstrahlung/Analysis.yoda/MyFSAnalysis/EtaCh
# END PLOT

# BEGIN HISTO1D //mt/home/mbridge/Work/MyHiggsstrahlungV2/MyHiggsstrahlung/Analysis.yoda/MyFSAnalysis/EtaCh
LineColor=red
LineStyle=solid
Path=//mt/home/mbridge/Work/MyHiggsstrahlungV2/MyHiggsstrahlung/Analysis.yoda/MyFSAnalysis/EtaCh
ScaledBy=5.07289600340326587e-03
Title=Analysis
# xlow	 xhigh	 val	 errminus	 errplus
-5.000000e+00	-4.900000e+00	0.000000e+00	0.000000e+00	0.000000e+00
-4.900000e+00	-4.800000e+00	0.000000e+00	0.000000e+00	0.000000e+00
-4.800000e+00	-4.700000e+00	4.848744e-04	4.848743e-04	4.848743e-04
-4.700000e+00	-4.600000e+00	1.667999e-05	1.667999e-05	1.667999e-05
-4.600000e+00	-4.500000e+00	0.000000e+00	0.000000e+00	0.000000e+00
-4.500000e+00	-4.400000e+00	0.000000e+00	0.000000e+00	0.000000e+00
-4.400000e+00	-4.300000e+00	0.000000e+00	0.000000e+00	0.000000e+00
-4.300000e+00	-4.200000e+00	4.848744e-04	4.848743e-04	4.848743e-04
-4.200000e+00	-4.100000e+00	0.000000e+00	0.000000e+00	0.000000e+00
-4.100000e+00	-4.000000e+00	0.000000e+00	0.000000e+00	0.000000e+00
-4.000000e+00	-3.900000e+00	1.454623e-03	8.398270e-04	8.398270e-04
-3.900000e+00	-3.800000e+00	4.848744e-04	4.848743e-04	4.848743e-04
-3.800000e+00	-3.700000e+00	9.697487e-04	6.857159e-04	6.857159e-04
-3.700000e+00	-3.600000e+00	0.000000e+00	0.000000e+00	0.000000e+00
-3.600000e+00	-3.500000e+00	2.424372e-03	1.084212e-03	1.084212e-03
-3.500000e+00	-3.400000e+00	9.697487e-04	6.857159e-04	6.857159e-04
-3.400000e+00	-3.300000e+00	9.697487e-04	6.857159e-04	6.857159e-04
-3.300000e+00	-3.200000e+00	3.394120e-03	1.282857e-03	1.282857e-03
-3.200000e+00	-3.100000e+00	3.878995e-03	1.371432e-03	1.371432e-03
-3.100000e+00	-3.000000e+00	5.350298e-03	1.608233e-03	1.608233e-03
-3.000000e+00	-2.900000e+00	5.350298e-03	1.608233e-03	1.608233e-03
-2.900000e+00	-2.800000e+00	9.212613e-03	2.113518e-03	2.113518e-03
-2.800000e+00	-2.700000e+00	9.212613e-03	2.113518e-03	2.113518e-03
-2.700000e+00	-2.600000e+00	1.407804e-02	2.611182e-03	2.611182e-03
-2.600000e+00	-2.500000e+00	1.406136e-02	2.611128e-03	2.611128e-03
-2.500000e+00	-2.400000e+00	1.260673e-02	2.472384e-03	2.472384e-03
-2.400000e+00	-2.300000e+00	1.506447e-02	2.699769e-03	2.699769e-03
-2.300000e+00	-2.200000e+00	1.987985e-02	3.104711e-03	3.104711e-03
-2.200000e+00	-2.100000e+00	2.862427e-02	3.724427e-03	3.724427e-03
-2.100000e+00	-2.000000e+00	3.544587e-02	4.142869e-03	4.142869e-03
-2.000000e+00	-1.900000e+00	4.373910e-02	4.600104e-03	4.600104e-03
-1.900000e+00	-1.800000e+00	5.393781e-02	5.108659e-03	5.108659e-03
-1.800000e+00	-1.700000e+00	6.403678e-02	5.570832e-03	5.570832e-03
-1.700000e+00	-1.600000e+00	8.120754e-02	6.266268e-03	6.266268e-03
-1.600000e+00	-1.500000e+00	8.640868e-02	6.469185e-03	6.469185e-03
-1.500000e+00	-1.400000e+00	9.767723e-02	6.874566e-03	6.874566e-03
-1.400000e+00	-1.300000e+00	1.136941e-01	7.417414e-03	7.417414e-03
-1.300000e+00	-1.200000e+00	1.480708e-01	8.468183e-03	8.468183e-03
-1.200000e+00	-1.100000e+00	1.632187e-01	8.888177e-03	8.888177e-03
-1.100000e+00	-1.000000e+00	1.947349e-01	9.709859e-03	9.709859e-03
-1.000000e+00	-9.000000e-01	2.228409e-01	1.038832e-02	1.038832e-02
-9.000000e-01	-8.000000e-01	2.548430e-01	1.111008e-02	1.111008e-02
-8.000000e-01	-7.000000e-01	2.675831e-01	1.138195e-02	1.138195e-02
-7.000000e-01	-6.000000e-01	3.516829e-01	1.304704e-02	1.304704e-02
-6.000000e-01	-5.000000e-01	3.938346e-01	1.380866e-02	1.380866e-02
-5.000000e-01	-4.000000e-01	3.907749e-01	1.375739e-02	1.375739e-02
-4.000000e-01	-3.000000e-01	4.287448e-01	1.440855e-02	1.440855e-02
-3.000000e-01	-2.000000e-01	4.569006e-01	1.487423e-02	1.487423e-02
-2.000000e-01	-1.000000e-01	4.884850e-01	1.537940e-02	1.537940e-02
-1.000000e-01	0.000000e+00	5.019452e-01	1.559189e-02	1.559189e-02
0.000000e+00	1.000000e-01	4.598289e-01	1.492162e-02	1.492162e-02
1.000000e-01	2.000000e-01	4.757126e-01	1.517931e-02	1.517931e-02
2.000000e-01	3.000000e-01	4.888542e-01	1.538700e-02	1.538700e-02
3.000000e-01	4.000000e-01	4.359679e-01	1.453038e-02	1.453038e-02
4.000000e-01	5.000000e-01	4.287284e-01	1.440853e-02	1.440853e-02
5.000000e-01	6.000000e-01	3.823307e-01	1.360289e-02	1.360289e-02
6.000000e-01	7.000000e-01	3.321721e-01	1.268147e-02	1.268147e-02
7.000000e-01	8.000000e-01	2.953207e-01	1.195622e-02	1.195622e-02
8.000000e-01	9.000000e-01	2.836006e-01	1.171784e-02	1.171784e-02
9.000000e-01	1.000000e+00	2.413829e-01	1.080985e-02	1.080985e-02
1.000000e+00	1.100000e+00	2.005707e-01	9.854096e-03	9.854096e-03
1.100000e+00	1.200000e+00	1.763600e-01	9.238414e-03	9.238414e-03
1.200000e+00	1.300000e+00	1.451445e-01	8.384445e-03	8.384445e-03
1.300000e+00	1.400000e+00	1.121394e-01	7.369603e-03	7.369603e-03
1.400000e+00	1.500000e+00	8.886545e-02	6.559428e-03	6.559428e-03
1.500000e+00	1.600000e+00	7.918464e-02	6.190664e-03	6.190664e-03
1.600000e+00	1.700000e+00	7.719510e-02	6.114170e-03	6.114170e-03
1.700000e+00	1.800000e+00	5.484084e-02	5.154366e-03	5.154366e-03
1.800000e+00	1.900000e+00	5.097853e-02	4.968595e-03	4.968595e-03
1.900000e+00	2.000000e+00	3.444276e-02	4.085658e-03	4.085658e-03
2.000000e+00	2.100000e+00	3.738537e-02	4.254854e-03	4.254854e-03
2.100000e+00	2.200000e+00	2.623326e-02	3.563201e-03	3.563201e-03
2.200000e+00	2.300000e+00	1.994657e-02	3.104890e-03	3.104890e-03
2.300000e+00	2.400000e+00	1.600085e-02	2.785391e-03	2.785391e-03
2.400000e+00	2.500000e+00	1.407835e-02	2.611240e-03	2.611240e-03
2.500000e+00	2.600000e+00	9.764536e-03	2.168683e-03	2.168683e-03
2.600000e+00	2.700000e+00	1.066724e-02	2.274262e-03	2.274262e-03
2.700000e+00	2.800000e+00	5.868861e-03	1.679906e-03	1.679906e-03
2.800000e+00	2.900000e+00	3.394120e-03	1.282857e-03	1.282857e-03
2.900000e+00	3.000000e+00	3.878995e-03	1.371432e-03	1.371432e-03
3.000000e+00	3.100000e+00	3.878995e-03	1.371432e-03	1.371432e-03
3.100000e+00	3.200000e+00	3.394120e-03	1.282857e-03	1.282857e-03
3.200000e+00	3.300000e+00	3.878995e-03	1.371432e-03	1.371432e-03
3.300000e+00	3.400000e+00	9.697487e-04	6.857159e-04	6.857159e-04
3.400000e+00	3.500000e+00	1.667999e-05	1.667999e-05	1.667999e-05
3.500000e+00	3.600000e+00	9.697487e-04	6.857159e-04	6.857159e-04
3.600000e+00	3.700000e+00	9.697487e-04	6.857159e-04	6.857159e-04
3.700000e+00	3.800000e+00	9.697487e-04	6.857159e-04	6.857159e-04
3.800000e+00	3.900000e+00	4.848744e-04	4.848743e-04	4.848743e-04
3.900000e+00	4.000000e+00	0.000000e+00	0.000000e+00	0.000000e+00
4.000000e+00	4.100000e+00	9.697487e-04	6.857159e-04	6.857159e-04
4.100000e+00	4.200000e+00	0.000000e+00	0.000000e+00	0.000000e+00
4.200000e+00	4.300000e+00	4.848744e-04	4.848743e-04	4.848743e-04
4.300000e+00	4.400000e+00	0.000000e+00	0.000000e+00	0.000000e+00
4.400000e+00	4.500000e+00	4.848744e-04	4.848743e-04	4.848743e-04
4.500000e+00	4.600000e+00	4.848744e-04	4.848743e-04	4.848743e-04
4.600000e+00	4.700000e+00	0.000000e+00	0.000000e+00	0.000000e+00
4.700000e+00	4.800000e+00	0.000000e+00	0.000000e+00	0.000000e+00
4.800000e+00	4.900000e+00	4.848744e-04	4.848743e-04	4.848743e-04
4.900000e+00	5.000000e+00	0.000000e+00	0.000000e+00	0.000000e+00
# END HISTO1D

