# BEGIN PLOT
Legend=1
LogY=1
DrawOnly=//mt/home/mbridge/Work/MyHiggsstrahlungV2/MyHiggsstrahlung/Analysis.yoda/MyFSAnalysis/EtaSumEt
LegendOnly=//mt/home/mbridge/Work/MyHiggsstrahlungV2/MyHiggsstrahlung/Analysis.yoda/MyFSAnalysis/EtaSumEt
# END PLOT

# BEGIN HISTO1D //mt/home/mbridge/Work/MyHiggsstrahlungV2/MyHiggsstrahlung/Analysis.yoda/MyFSAnalysis/EtaSumEt
LineColor=red
LineStyle=solid
Path=//mt/home/mbridge/Work/MyHiggsstrahlungV2/MyHiggsstrahlung/Analysis.yoda/MyFSAnalysis/EtaSumEt
Title=Analysis
# xlow	 xhigh	 val	 errminus	 errplus
0.000000e+00	5.000000e-02	2.313994e+00	9.945065e-02	9.945065e-02
5.000000e-02	1.000000e-01	2.317273e+00	8.685278e-02	8.685278e-02
1.000000e-01	1.500000e-01	2.341693e+00	1.015011e-01	1.015011e-01
1.500000e-01	2.000000e-01	2.282664e+00	9.206520e-02	9.206520e-02
2.000000e-01	2.500000e-01	2.213891e+00	8.303906e-02	8.303906e-02
2.500000e-01	3.000000e-01	2.308612e+00	9.630263e-02	9.630263e-02
3.000000e-01	3.500000e-01	2.327911e+00	1.010864e-01	1.010864e-01
3.500000e-01	4.000000e-01	2.188013e+00	9.462963e-02	9.462963e-02
4.000000e-01	4.500000e-01	2.181521e+00	9.505449e-02	9.505449e-02
4.500000e-01	5.000000e-01	2.309226e+00	1.054808e-01	1.054808e-01
5.000000e-01	5.500000e-01	2.202468e+00	1.045578e-01	1.045578e-01
5.500000e-01	6.000000e-01	2.051575e+00	8.359634e-02	8.359634e-02
6.000000e-01	6.500000e-01	1.851916e+00	8.733944e-02	8.733944e-02
6.500000e-01	7.000000e-01	2.161383e+00	1.134083e-01	1.134083e-01
7.000000e-01	7.500000e-01	1.838530e+00	9.080354e-02	9.080354e-02
7.500000e-01	8.000000e-01	1.962292e+00	9.873854e-02	9.873854e-02
8.000000e-01	8.500000e-01	1.609081e+00	8.406601e-02	8.406601e-02
8.500000e-01	9.000000e-01	1.653353e+00	8.389865e-02	8.389865e-02
9.000000e-01	9.500000e-01	1.546743e+00	8.630977e-02	8.630977e-02
9.500000e-01	1.000000e+00	1.485945e+00	9.341236e-02	9.341236e-02
1.000000e+00	1.050000e+00	1.387802e+00	7.451795e-02	7.451795e-02
1.050000e+00	1.100000e+00	1.566877e+00	9.173420e-02	9.173420e-02
1.100000e+00	1.150000e+00	1.320458e+00	9.802473e-02	9.802473e-02
1.150000e+00	1.200000e+00	1.386164e+00	9.050012e-02	9.050012e-02
1.200000e+00	1.250000e+00	1.349767e+00	9.727801e-02	9.727801e-02
1.250000e+00	1.300000e+00	1.288860e+00	9.505317e-02	9.505317e-02
1.300000e+00	1.350000e+00	1.196271e+00	8.744700e-02	8.744700e-02
1.350000e+00	1.400000e+00	1.080518e+00	9.459180e-02	9.459180e-02
1.400000e+00	1.450000e+00	1.007423e+00	8.528146e-02	8.528146e-02
1.450000e+00	1.500000e+00	9.510566e-01	8.283745e-02	8.283745e-02
1.500000e+00	1.550000e+00	1.058264e+00	1.304748e-01	1.304748e-01
1.550000e+00	1.600000e+00	8.377620e-01	6.809697e-02	6.809697e-02
1.600000e+00	1.650000e+00	9.623118e-01	1.106760e-01	1.106760e-01
1.650000e+00	1.700000e+00	9.038882e-01	1.057301e-01	1.057301e-01
1.700000e+00	1.750000e+00	7.969712e-01	6.811256e-02	6.811256e-02
1.750000e+00	1.800000e+00	6.574914e-01	5.495547e-02	5.495547e-02
1.800000e+00	1.850000e+00	7.873643e-01	8.210779e-02	8.210779e-02
1.850000e+00	1.900000e+00	6.167472e-01	6.905605e-02	6.905605e-02
1.900000e+00	1.950000e+00	6.111192e-01	6.917785e-02	6.917785e-02
1.950000e+00	2.000000e+00	6.377693e-01	9.757677e-02	9.757677e-02
2.000000e+00	2.050000e+00	7.243499e-01	9.542992e-02	9.542992e-02
2.050000e+00	2.100000e+00	6.724718e-01	9.497231e-02	9.497231e-02
2.100000e+00	2.150000e+00	8.339359e-01	1.822020e-01	1.822020e-01
2.150000e+00	2.200000e+00	5.881704e-01	9.744628e-02	9.744628e-02
2.200000e+00	2.250000e+00	7.764971e-01	1.747511e-01	1.747511e-01
2.250000e+00	2.300000e+00	7.061183e-01	1.419891e-01	1.419891e-01
2.300000e+00	2.350000e+00	4.268031e-01	7.130802e-02	7.130802e-02
2.350000e+00	2.400000e+00	4.559158e-01	7.778487e-02	7.778487e-02
2.400000e+00	2.450000e+00	3.340255e-01	6.256539e-02	6.256539e-02
2.450000e+00	2.500000e+00	2.930233e-01	7.186319e-02	7.186319e-02
2.500000e+00	2.550000e+00	4.462051e-01	1.227833e-01	1.227833e-01
2.550000e+00	2.600000e+00	5.608880e-01	2.314388e-01	2.314388e-01
2.600000e+00	2.650000e+00	3.565050e-01	1.044537e-01	1.044537e-01
2.650000e+00	2.700000e+00	3.889417e-01	1.403483e-01	1.403483e-01
2.700000e+00	2.750000e+00	2.485934e-01	6.228498e-02	6.228498e-02
2.750000e+00	2.800000e+00	3.698893e-01	8.611914e-02	8.611914e-02
2.800000e+00	2.850000e+00	1.487766e-01	3.687173e-02	3.687173e-02
2.850000e+00	2.900000e+00	2.829207e-01	1.045942e-01	1.045942e-01
2.900000e+00	2.950000e+00	1.302271e-01	5.944548e-02	5.944548e-02
2.950000e+00	3.000000e+00	8.047071e-02	1.744956e-02	1.744956e-02
3.000000e+00	3.050000e+00	2.342841e-01	1.074175e-01	1.074175e-01
3.050000e+00	3.100000e+00	4.823589e-01	1.394858e-01	1.394858e-01
3.100000e+00	3.150000e+00	1.787875e-01	7.855577e-02	7.855577e-02
3.150000e+00	3.200000e+00	3.073164e-01	1.501344e-01	1.501344e-01
3.200000e+00	3.250000e+00	7.264688e-02	2.729071e-02	2.729071e-02
3.250000e+00	3.300000e+00	1.015493e-01	3.299880e-02	3.299880e-02
3.300000e+00	3.350000e+00	9.426330e-02	3.608459e-02	3.608459e-02
3.350000e+00	3.400000e+00	7.098932e-02	2.589804e-02	2.589804e-02
3.400000e+00	3.450000e+00	5.369330e-02	1.269414e-01	1.269414e-01
3.450000e+00	3.500000e+00	4.774522e-02	3.735471e-02	3.735471e-02
3.500000e+00	3.550000e+00	1.141405e-01	4.754224e-02	4.754224e-02
3.550000e+00	3.600000e+00	3.574955e-02	1.200594e-02	1.200594e-02
3.600000e+00	3.650000e+00	1.739611e-02	6.056012e-03	6.056012e-03
3.650000e+00	3.700000e+00	1.886758e-02	nan	nan
3.700000e+00	3.750000e+00	5.137049e-02	2.192071e-02	2.192071e-02
3.750000e+00	3.800000e+00	1.530776e-02	4.828170e-03	4.828170e-03
3.800000e+00	3.850000e+00	8.593240e-02	9.365517e-03	9.365517e-03
3.850000e+00	3.900000e+00	3.487489e-02	3.007869e-02	3.007869e-02
3.900000e+00	3.950000e+00	1.631021e-02	6.625015e-03	6.625015e-03
3.950000e+00	4.000000e+00	1.759997e-02	1.197606e-02	1.197606e-02
4.000000e+00	4.050000e+00	nan	nan	nan
4.050000e+00	4.100000e+00	1.411041e-01	8.391874e-02	8.391874e-02
4.100000e+00	4.150000e+00	nan	nan	nan
4.150000e+00	4.200000e+00	nan	nan	nan
4.200000e+00	4.250000e+00	2.916967e-02	8.165173e-03	8.165173e-03
4.250000e+00	4.300000e+00	5.105677e-03	nan	nan
4.300000e+00	4.350000e+00	1.284105e-01	nan	nan
4.350000e+00	4.400000e+00	3.143736e-03	nan	nan
4.400000e+00	4.450000e+00	5.130513e-02	4.736237e-02	4.736237e-02
4.450000e+00	4.500000e+00	3.156446e-02	nan	nan
4.500000e+00	4.550000e+00	4.074976e-03	nan	nan
4.550000e+00	4.600000e+00	nan	nan	nan
4.600000e+00	4.650000e+00	nan	nan	nan
4.650000e+00	4.700000e+00	7.144715e-01	nan	nan
4.700000e+00	4.750000e+00	5.138996e-02	nan	nan
4.750000e+00	4.800000e+00	2.332875e-02	nan	nan
4.800000e+00	4.850000e+00	2.785605e-02	2.631560e-02	2.631560e-02
4.850000e+00	4.900000e+00	7.819213e-03	nan	nan
4.900000e+00	4.950000e+00	nan	nan	nan
4.950000e+00	5.000000e+00	nan	nan	nan
# END HISTO1D

