# BEGIN PLOT
Legend=1
LogY=1
DrawOnly=//mt/home/mbridge/Work/MyHiggsstrahlungV2/MyHiggsstrahlung/Analysis.yoda/MyFSAnalysis/Mass
LegendOnly=//mt/home/mbridge/Work/MyHiggsstrahlungV2/MyHiggsstrahlung/Analysis.yoda/MyFSAnalysis/Mass
# END PLOT

# BEGIN HISTO1D //mt/home/mbridge/Work/MyHiggsstrahlungV2/MyHiggsstrahlung/Analysis.yoda/MyFSAnalysis/Mass
LineColor=red
LineStyle=solid
Path=//mt/home/mbridge/Work/MyHiggsstrahlungV2/MyHiggsstrahlung/Analysis.yoda/MyFSAnalysis/Mass
ScaledBy=1.31203706187202063e-01
Title=Analysis
# xlow	 xhigh	 val	 errminus	 errplus
0.000000e+00	3.000000e+00	0.000000e+00	0.000000e+00	0.000000e+00
3.000000e+00	6.000000e+00	8.360420e-04	5.911710e-04	5.911710e-04
6.000000e+00	9.000000e+00	1.588480e-02	2.576854e-03	2.576854e-03
9.000000e+00	1.200000e+01	3.803990e-02	3.987666e-03	3.987666e-03
1.200000e+01	1.500000e+01	5.476077e-02	4.784469e-03	4.784469e-03
1.500000e+01	1.800000e+01	5.308867e-02	4.710857e-03	4.710857e-03
1.800000e+01	2.100000e+01	4.096607e-02	4.138197e-03	4.138197e-03
2.100000e+01	2.400000e+01	3.385997e-02	3.762219e-03	3.762219e-03
2.400000e+01	2.700000e+01	2.299116e-02	3.100127e-03	3.100127e-03
2.700000e+01	3.000000e+01	1.421271e-02	2.437460e-03	2.437460e-03
3.000000e+01	3.300000e+01	1.130095e-02	2.172148e-03	2.172148e-03
3.300000e+01	3.600000e+01	8.792820e-03	1.915667e-03	1.915667e-03
3.600000e+01	3.900000e+01	6.702717e-03	1.672146e-03	1.672146e-03
3.900000e+01	4.200000e+01	3.372930e-03	1.182517e-03	1.182517e-03
4.200000e+01	4.500000e+01	3.819710e-03	1.254393e-03	1.254393e-03
4.500000e+01	4.800000e+01	2.133246e-03	9.350552e-04	9.350552e-04
4.800000e+01	5.100000e+01	2.969288e-03	1.106260e-03	1.106260e-03
5.100000e+01	5.400000e+01	3.416353e-03	1.182783e-03	1.182783e-03
5.400000e+01	5.700000e+01	2.262983e-03	9.360547e-04	9.360547e-04
5.700000e+01	6.000000e+01	3.488120e-03	1.183218e-03	1.183218e-03
6.000000e+01	6.300000e+01	1.859027e-03	8.376482e-04	8.376482e-04
6.300000e+01	6.600000e+01	2.262667e-03	9.360499e-04	9.360499e-04
6.600000e+01	6.900000e+01	1.844646e-03	8.375248e-04	8.375248e-04
6.900000e+01	7.200000e+01	1.340344e-03	7.248900e-04	7.248900e-04
7.200000e+01	7.500000e+01	8.791827e-04	5.916954e-04	5.916954e-04
7.500000e+01	7.800000e+01	9.367033e-04	5.923940e-04	5.923940e-04
7.800000e+01	8.100000e+01	4.611617e-04	4.187623e-04	4.187623e-04
8.100000e+01	8.400000e+01	4.324013e-04	4.182683e-04	4.182683e-04
8.400000e+01	8.700000e+01	4.180210e-04	4.180210e-04	4.180210e-04
8.700000e+01	9.000000e+01	0.000000e+00	0.000000e+00	0.000000e+00
9.000000e+01	9.300000e+01	0.000000e+00	0.000000e+00	0.000000e+00
9.300000e+01	9.600000e+01	0.000000e+00	0.000000e+00	0.000000e+00
9.600000e+01	9.900000e+01	0.000000e+00	0.000000e+00	0.000000e+00
9.900000e+01	1.020000e+02	0.000000e+00	0.000000e+00	0.000000e+00
1.020000e+02	1.050000e+02	0.000000e+00	0.000000e+00	0.000000e+00
1.050000e+02	1.080000e+02	0.000000e+00	0.000000e+00	0.000000e+00
1.080000e+02	1.110000e+02	0.000000e+00	0.000000e+00	0.000000e+00
1.110000e+02	1.140000e+02	0.000000e+00	0.000000e+00	0.000000e+00
1.140000e+02	1.170000e+02	0.000000e+00	0.000000e+00	0.000000e+00
1.170000e+02	1.200000e+02	0.000000e+00	0.000000e+00	0.000000e+00
1.200000e+02	1.230000e+02	0.000000e+00	0.000000e+00	0.000000e+00
1.230000e+02	1.260000e+02	0.000000e+00	0.000000e+00	0.000000e+00
1.260000e+02	1.290000e+02	0.000000e+00	0.000000e+00	0.000000e+00
1.290000e+02	1.320000e+02	0.000000e+00	0.000000e+00	0.000000e+00
1.320000e+02	1.350000e+02	0.000000e+00	0.000000e+00	0.000000e+00
1.350000e+02	1.380000e+02	0.000000e+00	0.000000e+00	0.000000e+00
1.380000e+02	1.410000e+02	0.000000e+00	0.000000e+00	0.000000e+00
1.410000e+02	1.440000e+02	0.000000e+00	0.000000e+00	0.000000e+00
1.440000e+02	1.470000e+02	0.000000e+00	0.000000e+00	0.000000e+00
1.470000e+02	1.500000e+02	0.000000e+00	0.000000e+00	0.000000e+00
1.500000e+02	1.530000e+02	0.000000e+00	0.000000e+00	0.000000e+00
1.530000e+02	1.560000e+02	0.000000e+00	0.000000e+00	0.000000e+00
1.560000e+02	1.590000e+02	0.000000e+00	0.000000e+00	0.000000e+00
1.590000e+02	1.620000e+02	0.000000e+00	0.000000e+00	0.000000e+00
1.620000e+02	1.650000e+02	0.000000e+00	0.000000e+00	0.000000e+00
1.650000e+02	1.680000e+02	0.000000e+00	0.000000e+00	0.000000e+00
1.680000e+02	1.710000e+02	0.000000e+00	0.000000e+00	0.000000e+00
1.710000e+02	1.740000e+02	0.000000e+00	0.000000e+00	0.000000e+00
1.740000e+02	1.770000e+02	0.000000e+00	0.000000e+00	0.000000e+00
1.770000e+02	1.800000e+02	0.000000e+00	0.000000e+00	0.000000e+00
1.800000e+02	1.830000e+02	0.000000e+00	0.000000e+00	0.000000e+00
1.830000e+02	1.860000e+02	0.000000e+00	0.000000e+00	0.000000e+00
1.860000e+02	1.890000e+02	0.000000e+00	0.000000e+00	0.000000e+00
1.890000e+02	1.920000e+02	0.000000e+00	0.000000e+00	0.000000e+00
1.920000e+02	1.950000e+02	0.000000e+00	0.000000e+00	0.000000e+00
1.950000e+02	1.980000e+02	0.000000e+00	0.000000e+00	0.000000e+00
1.980000e+02	2.010000e+02	0.000000e+00	0.000000e+00	0.000000e+00
2.010000e+02	2.040000e+02	0.000000e+00	0.000000e+00	0.000000e+00
2.040000e+02	2.070000e+02	0.000000e+00	0.000000e+00	0.000000e+00
2.070000e+02	2.100000e+02	0.000000e+00	0.000000e+00	0.000000e+00
2.100000e+02	2.130000e+02	0.000000e+00	0.000000e+00	0.000000e+00
2.130000e+02	2.160000e+02	0.000000e+00	0.000000e+00	0.000000e+00
2.160000e+02	2.190000e+02	0.000000e+00	0.000000e+00	0.000000e+00
2.190000e+02	2.220000e+02	0.000000e+00	0.000000e+00	0.000000e+00
2.220000e+02	2.250000e+02	0.000000e+00	0.000000e+00	0.000000e+00
2.250000e+02	2.280000e+02	0.000000e+00	0.000000e+00	0.000000e+00
2.280000e+02	2.310000e+02	0.000000e+00	0.000000e+00	0.000000e+00
2.310000e+02	2.340000e+02	0.000000e+00	0.000000e+00	0.000000e+00
2.340000e+02	2.370000e+02	0.000000e+00	0.000000e+00	0.000000e+00
2.370000e+02	2.400000e+02	0.000000e+00	0.000000e+00	0.000000e+00
2.400000e+02	2.430000e+02	0.000000e+00	0.000000e+00	0.000000e+00
2.430000e+02	2.460000e+02	0.000000e+00	0.000000e+00	0.000000e+00
2.460000e+02	2.490000e+02	0.000000e+00	0.000000e+00	0.000000e+00
2.490000e+02	2.520000e+02	0.000000e+00	0.000000e+00	0.000000e+00
2.520000e+02	2.550000e+02	0.000000e+00	0.000000e+00	0.000000e+00
2.550000e+02	2.580000e+02	0.000000e+00	0.000000e+00	0.000000e+00
2.580000e+02	2.610000e+02	0.000000e+00	0.000000e+00	0.000000e+00
2.610000e+02	2.640000e+02	0.000000e+00	0.000000e+00	0.000000e+00
2.640000e+02	2.670000e+02	0.000000e+00	0.000000e+00	0.000000e+00
2.670000e+02	2.700000e+02	0.000000e+00	0.000000e+00	0.000000e+00
2.700000e+02	2.730000e+02	0.000000e+00	0.000000e+00	0.000000e+00
2.730000e+02	2.760000e+02	0.000000e+00	0.000000e+00	0.000000e+00
2.760000e+02	2.790000e+02	0.000000e+00	0.000000e+00	0.000000e+00
2.790000e+02	2.820000e+02	0.000000e+00	0.000000e+00	0.000000e+00
2.820000e+02	2.850000e+02	0.000000e+00	0.000000e+00	0.000000e+00
2.850000e+02	2.880000e+02	0.000000e+00	0.000000e+00	0.000000e+00
2.880000e+02	2.910000e+02	0.000000e+00	0.000000e+00	0.000000e+00
2.910000e+02	2.940000e+02	0.000000e+00	0.000000e+00	0.000000e+00
2.940000e+02	2.970000e+02	0.000000e+00	0.000000e+00	0.000000e+00
2.970000e+02	3.000000e+02	0.000000e+00	0.000000e+00	0.000000e+00
# END HISTO1D

