# BEGIN PLOT
Legend=1
LogY=1
DrawOnly=//mt/home/mbridge/Work/MyHiggsstrahlungV2/MyHiggsstrahlung/Analysis.yoda/MyFSAnalysis/PhiCh
LegendOnly=//mt/home/mbridge/Work/MyHiggsstrahlungV2/MyHiggsstrahlung/Analysis.yoda/MyFSAnalysis/PhiCh
# END PLOT

# BEGIN HISTO1D //mt/home/mbridge/Work/MyHiggsstrahlungV2/MyHiggsstrahlung/Analysis.yoda/MyFSAnalysis/PhiCh
LineColor=red
LineStyle=solid
Path=//mt/home/mbridge/Work/MyHiggsstrahlungV2/MyHiggsstrahlung/Analysis.yoda/MyFSAnalysis/PhiCh
ScaledBy=1.00000000000000000e+00
Title=Analysis
# xlow	 xhigh	 val	 errminus	 errplus
0.000000e+00	6.283185e-02	3.279560e+01	2.230671e+00	2.230671e+00
6.283185e-02	1.256637e-01	2.955907e+01	2.118886e+00	2.118886e+00
1.256637e-01	1.884956e-01	3.383396e+01	2.266645e+00	2.266645e+00
1.884956e-01	2.513274e-01	2.972167e+01	2.124355e+00	2.124355e+00
2.513274e-01	3.141593e-01	2.696762e+01	2.023918e+00	2.023918e+00
3.141593e-01	3.769911e-01	3.276432e+01	2.230643e+00	2.230643e+00
3.769911e-01	4.398230e-01	3.200869e+01	2.204537e+00	2.204537e+00
4.398230e-01	5.026548e-01	2.741870e+01	2.040986e+00	2.040986e+00
5.026548e-01	5.654867e-01	2.834186e+01	2.074732e+00	2.074732e+00
5.654867e-01	6.283185e-01	2.910786e+01	2.102442e+00	2.102442e+00
6.283185e-01	6.911504e-01	2.925982e+01	2.107934e+00	2.107934e+00
6.911504e-01	7.539822e-01	2.911298e+01	2.102448e+00	2.102448e+00
7.539822e-01	8.168141e-01	2.816880e+01	2.069121e+00	2.069121e+00
8.168141e-01	8.796459e-01	2.999443e+01	2.135175e+00	2.135175e+00
8.796459e-01	9.424778e-01	2.969003e+01	2.124306e+00	2.124306e+00
9.424778e-01	1.005310e+00	2.881422e+01	2.091413e+00	2.091413e+00
1.005310e+00	1.068142e+00	3.151544e+01	2.188687e+00	2.188687e+00
1.068142e+00	1.130973e+00	2.708863e+01	2.029608e+00	2.029608e+00
1.130973e+00	1.193805e+00	2.896077e+01	2.096931e+00	2.096931e+00
1.193805e+00	1.256637e+00	3.185644e+01	2.199279e+00	2.199279e+00
1.256637e+00	1.319469e+00	2.849927e+01	2.080305e+00	2.080305e+00
1.319469e+00	1.382301e+00	3.261181e+01	2.225423e+00	2.225423e+00
1.382301e+00	1.445133e+00	3.320472e+01	2.246106e+00	2.246106e+00
1.445133e+00	1.507964e+00	3.442213e+01	2.286981e+00	2.286981e+00
1.507964e+00	1.570796e+00	3.655117e+01	2.356712e+00	2.356712e+00
1.570796e+00	1.633628e+00	3.335138e+01	2.251245e+00	2.251245e+00
1.633628e+00	1.696460e+00	3.076541e+01	2.162106e+00	2.162106e+00
1.696460e+00	1.759292e+00	2.817922e+01	2.069131e+00	2.069131e+00
1.759292e+00	1.822124e+00	3.549155e+01	2.322096e+00	2.322096e+00
1.822124e+00	1.884956e+00	3.351919e+01	2.256396e+00	2.256396e+00
1.884956e+00	1.947787e+00	2.863604e+01	2.085873e+00	2.085873e+00
1.947787e+00	2.010619e+00	3.247527e+01	2.220235e+00	2.220235e+00
2.010619e+00	2.073451e+00	3.032986e+01	2.146017e+00	2.146017e+00
2.073451e+00	2.136283e+00	2.999946e+01	2.135174e+00	2.135174e+00
2.136283e+00	2.199115e+00	2.817399e+01	2.069124e+00	2.069124e+00
2.199115e+00	2.261947e+00	2.331132e+01	1.881698e+00	1.881698e+00
2.261947e+00	2.324779e+00	2.787519e+01	2.057917e+00	2.057917e+00
2.324779e+00	2.387610e+00	2.865175e+01	2.085892e+00	2.085892e+00
2.387610e+00	2.450442e+00	2.815306e+01	2.069098e+00	2.069098e+00
2.450442e+00	2.513274e+00	3.426410e+01	2.281874e+00	2.281874e+00
2.513274e+00	2.576106e+00	2.835227e+01	2.074741e+00	2.074741e+00
2.576106e+00	2.638938e+00	2.821063e+01	2.069170e+00	2.069170e+00
2.638938e+00	2.701770e+00	3.334091e+01	2.251232e+00	2.251232e+00
2.701770e+00	2.764602e+00	2.832089e+01	2.074702e+00	2.074702e+00
2.764602e+00	2.827433e+00	3.093371e+01	2.167505e+00	2.167505e+00
2.827433e+00	2.890265e+00	3.139996e+01	2.183438e+00	2.183438e+00
2.890265e+00	2.953097e+00	3.623124e+01	2.346855e+00	2.346855e+00
2.953097e+00	3.015929e+00	3.016727e+01	2.140605e+00	2.140605e+00
3.015929e+00	3.078761e+00	2.640619e+01	2.000978e+00	2.000978e+00
3.078761e+00	3.141593e+00	2.834715e+01	2.074742e+00	2.074742e+00
3.141593e+00	3.204425e+00	3.457359e+01	2.291999e+00	2.291999e+00
3.204425e+00	3.267256e+00	3.017310e+01	2.140646e+00	2.140646e+00
3.267256e+00	3.330088e+00	3.186166e+01	2.199285e+00	2.199285e+00
3.330088e+00	3.392920e+00	3.199807e+01	2.204528e+00	2.204528e+00
3.392920e+00	3.455752e+00	3.472057e+01	2.297036e+00	2.297036e+00
3.455752e+00	3.518584e+00	3.231288e+01	2.215019e+00	2.215019e+00
3.518584e+00	3.581416e+00	3.170420e+01	2.194011e+00	2.194011e+00
3.581416e+00	3.644247e+00	3.076076e+01	2.162141e+00	2.162141e+00
3.644247e+00	3.707079e+00	3.443203e+01	2.286963e+00	2.286963e+00
3.707079e+00	3.769911e+00	3.502491e+01	2.307101e+00	2.307101e+00
3.769911e+00	3.832743e+00	3.721199e+01	2.376327e+00	2.376327e+00
3.832743e+00	3.895575e+00	3.546538e+01	2.322067e+00	2.322067e+00
3.895575e+00	3.958407e+00	3.305769e+01	2.240960e+00	2.240960e+00
3.958407e+00	4.021239e+00	3.823498e+01	2.410125e+00	2.410125e+00
4.021239e+00	4.084070e+00	3.077645e+01	2.162167e+00	2.162167e+00
4.084070e+00	4.146902e+00	3.275371e+01	2.230623e+00	2.230623e+00
4.146902e+00	4.209734e+00	3.001022e+01	2.135208e+00	2.135208e+00
4.209734e+00	4.272566e+00	3.259610e+01	2.225411e+00	2.225411e+00
4.272566e+00	4.335398e+00	3.395986e+01	2.271710e+00	2.271710e+00
4.335398e+00	4.398230e+00	3.336184e+01	2.251256e+00	2.251256e+00
4.398230e+00	4.461062e+00	2.923361e+01	2.107898e+00	2.107898e+00
4.461062e+00	4.523893e+00	3.211921e+01	2.209762e+00	2.209762e+00
4.523893e+00	4.586725e+00	3.256984e+01	2.225373e+00	2.225373e+00
4.586725e+00	4.649557e+00	2.833134e+01	2.074715e+00	2.074715e+00
4.649557e+00	4.712389e+00	2.986303e+01	2.129768e+00	2.129768e+00
4.712389e+00	4.775221e+00	2.724556e+01	2.035275e+00	2.035275e+00
4.775221e+00	4.838053e+00	2.577144e+01	1.977671e+00	1.977671e+00
4.838053e+00	4.900885e+00	2.740292e+01	2.040959e+00	2.040959e+00
4.900885e+00	4.963716e+00	2.771283e+01	2.052305e+00	2.052305e+00
4.963716e+00	5.026548e+00	3.320458e+01	2.246111e+00	2.246111e+00
5.026548e+00	5.089380e+00	3.016205e+01	2.140599e+00	2.140599e+00
5.089380e+00	5.152212e+00	3.060272e+01	2.156735e+00	2.156735e+00
5.152212e+00	5.215044e+00	3.563321e+01	2.327062e+00	2.327062e+00
5.215044e+00	5.277876e+00	3.625740e+01	2.346884e+00	2.346884e+00
5.277876e+00	5.340708e+00	3.992402e+01	2.462384e+00	2.462384e+00
5.340708e+00	5.403539e+00	3.336237e+01	2.251292e+00	2.251292e+00
5.403539e+00	5.466371e+00	3.425888e+01	2.281868e+00	2.281868e+00
5.466371e+00	5.529203e+00	3.427991e+01	2.281892e+00	2.281892e+00
5.529203e+00	5.592035e+00	3.762126e+01	2.390839e+00	2.390839e+00
5.592035e+00	5.654867e+00	3.016738e+01	2.140606e+00	2.140606e+00
5.654867e+00	5.717699e+00	3.548631e+01	2.322091e+00	2.322091e+00
5.717699e+00	5.780530e+00	3.414916e+01	2.276876e+00	2.276876e+00
5.780530e+00	5.843362e+00	3.352976e+01	2.256415e+00	2.256415e+00
5.843362e+00	5.906194e+00	3.213974e+01	2.209751e+00	2.209751e+00
5.906194e+00	5.969026e+00	3.078624e+01	2.162131e+00	2.162131e+00
5.969026e+00	6.031858e+00	3.092271e+01	2.167457e+00	2.167457e+00
6.031858e+00	6.094690e+00	2.864082e+01	2.085846e+00	2.085846e+00
6.094690e+00	6.157522e+00	2.832611e+01	2.074708e+00	2.074708e+00
6.157522e+00	6.220353e+00	2.956450e+01	2.118914e+00	2.118914e+00
6.220353e+00	6.283185e+00	3.594269e+01	2.336991e+00	2.336991e+00
# END HISTO1D

