# BEGIN PLOT
Legend=1
LogY=1
DrawOnly=//mt/home/mbridge/Work/MyHiggsstrahlungV2/MyHiggsstrahlung/Analysis.yoda/MyFSAnalysis/PtCh
LegendOnly=//mt/home/mbridge/Work/MyHiggsstrahlungV2/MyHiggsstrahlung/Analysis.yoda/MyFSAnalysis/PtCh
# END PLOT

# BEGIN HISTO1D //mt/home/mbridge/Work/MyHiggsstrahlungV2/MyHiggsstrahlung/Analysis.yoda/MyFSAnalysis/PtCh
LineColor=red
LineStyle=solid
Path=//mt/home/mbridge/Work/MyHiggsstrahlungV2/MyHiggsstrahlung/Analysis.yoda/MyFSAnalysis/PtCh
ScaledBy=5.07289600340326587e-03
Title=Analysis
# xlow	 xhigh	 val	 errminus	 errplus
0.000000e+00	1.500000e+00	3.961140e-01	3.576049e-03	3.576049e-03
1.500000e+00	3.000000e+00	1.203869e-01	1.971598e-03	1.971598e-03
3.000000e+00	4.500000e+00	5.512738e-02	1.334380e-03	1.334380e-03
4.500000e+00	6.000000e+00	3.066191e-02	9.952847e-04	9.952847e-04
6.000000e+00	7.500000e+00	1.959564e-02	7.957512e-04	7.957512e-04
7.500000e+00	9.000000e+00	1.135607e-02	6.056171e-04	6.056171e-04
9.000000e+00	1.050000e+01	8.055587e-03	5.100865e-04	5.100865e-04
1.050000e+01	1.200000e+01	5.885366e-03	4.360904e-04	4.360904e-04
1.200000e+01	1.350000e+01	4.790765e-03	3.932595e-04	3.932595e-04
1.350000e+01	1.500000e+01	3.043015e-03	3.134121e-04	3.134121e-04
1.500000e+01	1.650000e+01	2.330733e-03	2.742931e-04	2.742931e-04
1.650000e+01	1.800000e+01	1.781209e-03	2.397361e-04	2.397361e-04
1.800000e+01	1.950000e+01	1.295222e-03	2.044470e-04	2.044470e-04
1.950000e+01	2.100000e+01	1.264009e-03	2.018785e-04	2.018785e-04
2.100000e+01	2.250000e+01	1.005410e-03	1.799880e-04	1.799880e-04
2.250000e+01	2.400000e+01	6.186222e-04	1.409188e-04	1.409188e-04
2.400000e+01	2.550000e+01	5.272073e-04	1.293429e-04	1.293429e-04
2.550000e+01	2.700000e+01	3.678065e-04	1.072732e-04	1.072732e-04
2.700000e+01	2.850000e+01	3.611345e-04	1.072386e-04	1.072386e-04
2.850000e+01	3.000000e+01	2.663837e-04	9.147612e-05	9.147612e-05
3.000000e+01	3.150000e+01	1.995097e-04	7.921868e-05	7.921868e-05
3.150000e+01	3.300000e+01	2.351707e-04	8.558162e-05	8.558162e-05
3.300000e+01	3.450000e+01	1.682968e-04	7.233210e-05	7.233210e-05
3.450000e+01	3.600000e+01	1.705208e-04	7.234918e-05	7.234918e-05
3.600000e+01	3.750000e+01	3.677295e-05	3.240137e-05	3.240137e-05
3.750000e+01	3.900000e+01	2.329467e-04	8.556715e-05	8.556715e-05
3.900000e+01	4.050000e+01	1.014343e-04	5.603285e-05	5.603285e-05
4.050000e+01	4.200000e+01	6.798593e-05	4.575495e-05	4.575495e-05
4.200000e+01	4.350000e+01	6.672000e-06	2.723831e-06	2.723831e-06
4.350000e+01	4.500000e+01	7.132193e-05	4.579547e-05	4.579547e-05
4.500000e+01	4.650000e+01	1.036688e-04	5.605512e-05	5.605512e-05
4.650000e+01	4.800000e+01	1.003237e-05	3.344201e-06	3.344201e-06
4.800000e+01	4.950000e+01	6.798593e-05	4.575495e-05	4.575495e-05
4.950000e+01	5.100000e+01	7.243393e-05	4.580897e-05	4.580897e-05
5.100000e+01	5.250000e+01	3.343696e-05	3.234408e-05	3.234408e-05
5.250000e+01	5.400000e+01	7.805913e-06	2.950429e-06	2.950429e-06
5.400000e+01	5.550000e+01	1.003353e-04	5.602208e-05	5.602208e-05
5.550000e+01	5.700000e+01	8.907487e-06	3.149290e-06	3.149290e-06
5.700000e+01	5.850000e+01	2.223999e-06	1.572605e-06	1.572605e-06
5.850000e+01	6.000000e+01	5.559998e-06	2.486507e-06	2.486507e-06
6.000000e+01	6.150000e+01	7.020993e-05	4.578197e-05	4.578197e-05
6.150000e+01	6.300000e+01	3.454895e-05	3.236319e-05	3.236319e-05
6.300000e+01	6.450000e+01	5.559998e-06	2.486507e-06	2.486507e-06
6.450000e+01	6.600000e+01	5.559998e-06	2.486507e-06	2.486507e-06
6.600000e+01	6.750000e+01	5.559998e-06	2.486507e-06	2.486507e-06
6.750000e+01	6.900000e+01	3.335999e-06	1.926040e-06	1.926040e-06
6.900000e+01	7.050000e+01	0.000000e+00	0.000000e+00	0.000000e+00
7.050000e+01	7.200000e+01	1.111999e-06	1.112000e-06	1.112000e-06
7.200000e+01	7.350000e+01	0.000000e+00	0.000000e+00	0.000000e+00
7.350000e+01	7.500000e+01	1.111999e-06	1.112000e-06	1.112000e-06
7.500000e+01	7.650000e+01	1.111999e-06	1.112000e-06	1.112000e-06
7.650000e+01	7.800000e+01	0.000000e+00	0.000000e+00	0.000000e+00
7.800000e+01	7.950000e+01	1.111999e-06	1.112000e-06	1.112000e-06
7.950000e+01	8.100000e+01	0.000000e+00	0.000000e+00	0.000000e+00
8.100000e+01	8.250000e+01	0.000000e+00	0.000000e+00	0.000000e+00
8.250000e+01	8.400000e+01	0.000000e+00	0.000000e+00	0.000000e+00
8.400000e+01	8.550000e+01	0.000000e+00	0.000000e+00	0.000000e+00
8.550000e+01	8.700000e+01	0.000000e+00	0.000000e+00	0.000000e+00
8.700000e+01	8.850000e+01	0.000000e+00	0.000000e+00	0.000000e+00
8.850000e+01	9.000000e+01	0.000000e+00	0.000000e+00	0.000000e+00
9.000000e+01	9.150000e+01	0.000000e+00	0.000000e+00	0.000000e+00
9.150000e+01	9.300000e+01	0.000000e+00	0.000000e+00	0.000000e+00
9.300000e+01	9.450000e+01	0.000000e+00	0.000000e+00	0.000000e+00
9.450000e+01	9.600000e+01	0.000000e+00	0.000000e+00	0.000000e+00
9.600000e+01	9.750000e+01	0.000000e+00	0.000000e+00	0.000000e+00
9.750000e+01	9.900000e+01	0.000000e+00	0.000000e+00	0.000000e+00
9.900000e+01	1.005000e+02	0.000000e+00	0.000000e+00	0.000000e+00
1.005000e+02	1.020000e+02	0.000000e+00	0.000000e+00	0.000000e+00
1.020000e+02	1.035000e+02	0.000000e+00	0.000000e+00	0.000000e+00
1.035000e+02	1.050000e+02	0.000000e+00	0.000000e+00	0.000000e+00
1.050000e+02	1.065000e+02	0.000000e+00	0.000000e+00	0.000000e+00
1.065000e+02	1.080000e+02	0.000000e+00	0.000000e+00	0.000000e+00
1.080000e+02	1.095000e+02	0.000000e+00	0.000000e+00	0.000000e+00
1.095000e+02	1.110000e+02	0.000000e+00	0.000000e+00	0.000000e+00
1.110000e+02	1.125000e+02	0.000000e+00	0.000000e+00	0.000000e+00
1.125000e+02	1.140000e+02	0.000000e+00	0.000000e+00	0.000000e+00
1.140000e+02	1.155000e+02	0.000000e+00	0.000000e+00	0.000000e+00
1.155000e+02	1.170000e+02	0.000000e+00	0.000000e+00	0.000000e+00
1.170000e+02	1.185000e+02	0.000000e+00	0.000000e+00	0.000000e+00
1.185000e+02	1.200000e+02	0.000000e+00	0.000000e+00	0.000000e+00
1.200000e+02	1.215000e+02	0.000000e+00	0.000000e+00	0.000000e+00
1.215000e+02	1.230000e+02	0.000000e+00	0.000000e+00	0.000000e+00
1.230000e+02	1.245000e+02	0.000000e+00	0.000000e+00	0.000000e+00
1.245000e+02	1.260000e+02	0.000000e+00	0.000000e+00	0.000000e+00
1.260000e+02	1.275000e+02	0.000000e+00	0.000000e+00	0.000000e+00
1.275000e+02	1.290000e+02	0.000000e+00	0.000000e+00	0.000000e+00
1.290000e+02	1.305000e+02	0.000000e+00	0.000000e+00	0.000000e+00
1.305000e+02	1.320000e+02	0.000000e+00	0.000000e+00	0.000000e+00
1.320000e+02	1.335000e+02	0.000000e+00	0.000000e+00	0.000000e+00
1.335000e+02	1.350000e+02	0.000000e+00	0.000000e+00	0.000000e+00
1.350000e+02	1.365000e+02	0.000000e+00	0.000000e+00	0.000000e+00
1.365000e+02	1.380000e+02	0.000000e+00	0.000000e+00	0.000000e+00
1.380000e+02	1.395000e+02	0.000000e+00	0.000000e+00	0.000000e+00
1.395000e+02	1.410000e+02	0.000000e+00	0.000000e+00	0.000000e+00
1.410000e+02	1.425000e+02	0.000000e+00	0.000000e+00	0.000000e+00
1.425000e+02	1.440000e+02	0.000000e+00	0.000000e+00	0.000000e+00
1.440000e+02	1.455000e+02	0.000000e+00	0.000000e+00	0.000000e+00
1.455000e+02	1.470000e+02	0.000000e+00	0.000000e+00	0.000000e+00
1.470000e+02	1.485000e+02	0.000000e+00	0.000000e+00	0.000000e+00
1.485000e+02	1.500000e+02	0.000000e+00	0.000000e+00	0.000000e+00
# END HISTO1D

