# BEGIN PLOT
Legend=1
LogY=1
DrawOnly=//mt/home/mbridge/Work/my_higgsstrahlung/Analysis.yoda/MyAnalysis/Pt
LegendOnly=//mt/home/mbridge/Work/my_higgsstrahlung/Analysis.yoda/MyAnalysis/Pt
# END PLOT

# BEGIN HISTO1D //mt/home/mbridge/Work/my_higgsstrahlung/Analysis.yoda/MyAnalysis/Pt
LineColor=red
LineStyle=solid
Path=//mt/home/mbridge/Work/my_higgsstrahlung/Analysis.yoda/MyAnalysis/Pt
ScaledBy=4.07776170622790399e-05
Title=Analysis
# xlow	 xhigh	 val	 errminus	 errplus
0.000000e+00	5.000000e-01	7.879160e-01	7.486687e-04	7.486687e-04
5.000000e-01	1.000000e+00	3.430452e-01	4.942275e-04	4.942275e-04
1.000000e+00	1.500000e+00	1.878808e-01	3.658155e-04	3.658155e-04
1.500000e+00	2.000000e+00	1.200632e-01	2.924745e-04	2.924745e-04
2.000000e+00	2.500000e+00	8.286900e-02	2.430233e-04	2.430233e-04
2.500000e+00	3.000000e+00	6.078400e-02	2.081744e-04	2.081744e-04
3.000000e+00	3.500000e+00	4.690612e-02	1.828868e-04	1.828868e-04
3.500000e+00	4.000000e+00	3.607048e-02	1.603951e-04	1.603951e-04
4.000000e+00	4.500000e+00	2.945438e-02	1.449542e-04	1.449542e-04
4.500000e+00	5.000000e+00	2.410038e-02	1.311249e-04	1.311249e-04
5.000000e+00	5.500000e+00	1.999665e-02	1.194462e-04	1.194462e-04
5.500000e+00	6.000000e+00	1.690109e-02	1.098108e-04	1.098108e-04
6.000000e+00	6.500000e+00	1.435965e-02	1.012193e-04	1.012193e-04
6.500000e+00	7.000000e+00	1.249346e-02	9.441710e-05	9.441710e-05
7.000000e+00	7.500000e+00	1.084474e-02	8.797784e-05	8.797784e-05
7.500000e+00	8.000000e+00	9.512116e-03	8.237038e-05	8.237038e-05
8.000000e+00	8.500000e+00	8.427066e-03	7.753709e-05	7.753709e-05
8.500000e+00	9.000000e+00	7.371998e-03	7.250335e-05	7.250335e-05
9.000000e+00	9.500000e+00	6.672720e-03	6.897797e-05	6.897797e-05
9.500000e+00	1.000000e+01	5.885766e-03	6.476857e-05	6.476857e-05
1.000000e+01	1.050000e+01	5.323758e-03	6.159463e-05	6.159463e-05
1.050000e+01	1.100000e+01	4.906782e-03	5.912856e-05	5.912856e-05
1.100000e+01	1.150000e+01	4.500262e-03	5.661437e-05	5.661437e-05
1.150000e+01	1.200000e+01	4.165840e-03	5.446649e-05	5.446649e-05
1.200000e+01	1.250000e+01	3.876516e-03	5.253477e-05	5.253477e-05
1.250000e+01	1.300000e+01	3.531482e-03	5.011607e-05	5.011607e-05
1.300000e+01	1.350000e+01	3.393498e-03	4.913648e-05	4.913648e-05
1.350000e+01	1.400000e+01	3.142644e-03	4.727007e-05	4.727007e-05
1.400000e+01	1.450000e+01	2.909862e-03	4.546846e-05	4.546846e-05
1.450000e+01	1.500000e+01	2.762528e-03	4.429426e-05	4.429426e-05
1.500000e+01	1.550000e+01	2.554646e-03	4.258390e-05	4.258390e-05
1.550000e+01	1.600000e+01	2.470754e-03	4.185983e-05	4.185983e-05
1.600000e+01	1.650000e+01	2.357246e-03	4.089621e-05	4.089621e-05
1.650000e+01	1.700000e+01	2.258004e-03	4.001933e-05	4.001933e-05
1.700000e+01	1.750000e+01	2.142562e-03	3.895236e-05	3.895236e-05
1.750000e+01	1.800000e+01	2.028928e-03	3.790179e-05	3.790179e-05
1.800000e+01	1.850000e+01	1.941232e-03	3.707176e-05	3.707176e-05
1.850000e+01	1.900000e+01	1.936287e-03	3.702322e-05	3.702322e-05
1.900000e+01	1.950000e+01	1.888744e-03	3.657561e-05	3.657561e-05
1.950000e+01	2.000000e+01	1.824309e-03	3.591683e-05	3.591683e-05
2.000000e+01	2.050000e+01	1.782773e-03	3.550631e-05	3.550631e-05
2.050000e+01	2.100000e+01	1.797409e-03	3.565091e-05	3.565091e-05
2.100000e+01	2.150000e+01	1.738022e-03	3.505448e-05	3.505448e-05
2.150000e+01	2.200000e+01	1.763040e-03	3.528908e-05	3.528908e-05
2.200000e+01	2.250000e+01	1.738067e-03	3.502616e-05	3.502616e-05
2.250000e+01	2.300000e+01	1.643844e-03	3.406567e-05	3.406567e-05
2.300000e+01	2.350000e+01	1.646019e-03	3.408103e-05	3.408103e-05
2.350000e+01	2.400000e+01	1.614371e-03	3.374014e-05	3.374014e-05
2.400000e+01	2.450000e+01	1.646190e-03	3.406652e-05	3.406652e-05
2.450000e+01	2.500000e+01	1.547067e-03	3.299370e-05	3.299370e-05
2.500000e+01	2.550000e+01	1.586330e-03	3.341939e-05	3.341939e-05
2.550000e+01	2.600000e+01	1.615728e-03	3.374063e-05	3.374063e-05
2.600000e+01	2.650000e+01	1.624972e-03	3.381749e-05	3.381749e-05
2.650000e+01	2.700000e+01	1.653528e-03	3.411286e-05	3.411286e-05
2.700000e+01	2.750000e+01	1.631177e-03	3.387841e-05	3.387841e-05
2.750000e+01	2.800000e+01	1.617354e-03	3.371915e-05	3.371915e-05
2.800000e+01	2.850000e+01	1.638000e-03	3.393946e-05	3.393946e-05
2.850000e+01	2.900000e+01	1.607785e-03	3.361243e-05	3.361243e-05
2.900000e+01	2.950000e+01	1.602445e-03	3.355874e-05	3.355874e-05
2.950000e+01	3.000000e+01	1.605831e-03	3.358216e-05	3.358216e-05
3.000000e+01	3.050000e+01	1.597922e-03	3.352007e-05	3.352007e-05
3.050000e+01	3.100000e+01	1.531486e-03	3.279166e-05	3.279166e-05
3.100000e+01	3.150000e+01	1.546320e-03	3.294825e-05	3.294825e-05
3.150000e+01	3.200000e+01	1.510715e-03	3.254830e-05	3.254830e-05
3.200000e+01	3.250000e+01	1.466657e-03	3.207054e-05	3.207054e-05
3.250000e+01	3.300000e+01	1.436172e-03	3.172415e-05	3.172415e-05
3.300000e+01	3.350000e+01	1.463543e-03	3.203837e-05	3.203837e-05
3.350000e+01	3.400000e+01	1.426799e-03	3.160292e-05	3.160292e-05
3.400000e+01	3.450000e+01	1.363308e-03	3.088672e-05	3.088672e-05
3.450000e+01	3.500000e+01	1.360343e-03	3.086946e-05	3.086946e-05
3.500000e+01	3.550000e+01	1.384276e-03	3.114315e-05	3.114315e-05
3.550000e+01	3.600000e+01	1.357601e-03	3.085228e-05	3.085228e-05
3.600000e+01	3.650000e+01	1.300090e-03	3.016186e-05	3.016186e-05
3.650000e+01	3.700000e+01	1.341084e-03	3.065194e-05	3.065194e-05
3.700000e+01	3.750000e+01	1.310747e-03	3.029758e-05	3.029758e-05
3.750000e+01	3.800000e+01	1.253114e-03	2.960257e-05	2.960257e-05
3.800000e+01	3.850000e+01	1.217112e-03	2.913956e-05	2.913956e-05
3.850000e+01	3.900000e+01	1.201317e-03	2.897911e-05	2.897911e-05
3.900000e+01	3.950000e+01	1.272127e-03	2.983596e-05	2.983596e-05
3.950000e+01	4.000000e+01	1.206732e-03	2.904985e-05	2.904985e-05
4.000000e+01	4.050000e+01	1.163861e-03	2.852276e-05	2.852276e-05
4.050000e+01	4.100000e+01	1.151722e-03	2.837790e-05	2.837790e-05
4.100000e+01	4.150000e+01	1.119085e-03	2.795828e-05	2.795828e-05
4.150000e+01	4.200000e+01	1.163219e-03	2.852248e-05	2.852248e-05
4.200000e+01	4.250000e+01	1.180647e-03	2.872077e-05	2.872077e-05
4.250000e+01	4.300000e+01	1.077176e-03	2.740157e-05	2.740157e-05
4.300000e+01	4.350000e+01	1.057621e-03	2.716529e-05	2.716529e-05
4.350000e+01	4.400000e+01	1.023626e-03	2.672601e-05	2.672601e-05
4.400000e+01	4.450000e+01	9.975906e-04	2.636797e-05	2.636797e-05
4.450000e+01	4.500000e+01	1.043081e-03	2.695688e-05	2.695688e-05
4.500000e+01	4.550000e+01	1.014579e-03	2.661946e-05	2.661946e-05
4.550000e+01	4.600000e+01	1.071665e-03	2.735376e-05	2.735376e-05
4.600000e+01	4.650000e+01	9.565502e-04	2.582546e-05	2.582546e-05
4.650000e+01	4.700000e+01	9.433962e-04	2.563587e-05	2.563587e-05
4.700000e+01	4.750000e+01	9.483186e-04	2.572522e-05	2.572522e-05
4.750000e+01	4.800000e+01	9.634264e-04	2.594380e-05	2.594380e-05
4.800000e+01	4.850000e+01	9.767534e-04	2.613124e-05	2.613124e-05
4.850000e+01	4.900000e+01	8.855458e-04	2.486047e-05	2.486047e-05
4.900000e+01	4.950000e+01	8.937528e-04	2.496417e-05	2.496417e-05
4.950000e+01	5.000000e+01	8.761260e-04	2.472564e-05	2.472564e-05
5.000000e+01	5.050000e+01	8.961786e-04	2.502495e-05	2.502495e-05
5.050000e+01	5.100000e+01	8.823322e-04	2.481890e-05	2.481890e-05
5.100000e+01	5.150000e+01	8.479146e-04	2.430648e-05	2.430648e-05
5.150000e+01	5.200000e+01	8.585248e-04	2.449494e-05	2.449494e-05
5.200000e+01	5.250000e+01	8.643586e-04	2.456870e-05	2.456870e-05
5.250000e+01	5.300000e+01	7.853640e-04	2.338944e-05	2.338944e-05
5.300000e+01	5.350000e+01	7.628414e-04	2.305684e-05	2.305684e-05
5.350000e+01	5.400000e+01	8.164456e-04	2.388866e-05	2.388866e-05
5.400000e+01	5.450000e+01	7.960226e-04	2.357473e-05	2.357473e-05
5.450000e+01	5.500000e+01	7.524340e-04	2.291086e-05	2.291086e-05
5.500000e+01	5.550000e+01	7.154716e-04	2.233112e-05	2.233112e-05
5.550000e+01	5.600000e+01	7.230142e-04	2.246824e-05	2.246824e-05
5.600000e+01	5.650000e+01	7.039500e-04	2.214614e-05	2.214614e-05
5.650000e+01	5.700000e+01	7.107284e-04	2.229512e-05	2.229512e-05
5.700000e+01	5.750000e+01	6.787590e-04	2.177027e-05	2.177027e-05
5.750000e+01	5.800000e+01	6.734448e-04	2.169874e-05	2.169874e-05
5.800000e+01	5.850000e+01	6.556430e-04	2.140060e-05	2.140060e-05
5.850000e+01	5.900000e+01	6.253042e-04	2.086612e-05	2.086612e-05
5.900000e+01	5.950000e+01	6.086176e-04	2.060481e-05	2.060481e-05
5.950000e+01	6.000000e+01	5.909156e-04	2.030291e-05	2.030291e-05
6.000000e+01	6.050000e+01	6.108460e-04	2.067830e-05	2.067830e-05
6.050000e+01	6.100000e+01	5.654016e-04	1.986706e-05	1.986706e-05
6.100000e+01	6.150000e+01	5.959122e-04	2.041565e-05	2.041565e-05
6.150000e+01	6.200000e+01	5.433740e-04	1.948745e-05	1.948745e-05
6.200000e+01	6.250000e+01	5.105138e-04	1.885785e-05	1.885785e-05
6.250000e+01	6.300000e+01	4.978330e-04	1.865099e-05	1.865099e-05
6.300000e+01	6.350000e+01	5.001816e-04	1.869242e-05	1.869242e-05
6.350000e+01	6.400000e+01	4.748886e-04	1.820461e-05	1.820461e-05
6.400000e+01	6.450000e+01	4.747416e-04	1.821814e-05	1.821814e-05
6.450000e+01	6.500000e+01	4.518456e-04	1.774695e-05	1.774695e-05
6.500000e+01	6.550000e+01	4.442332e-04	1.762938e-05	1.762938e-05
6.550000e+01	6.600000e+01	4.460858e-04	1.764475e-05	1.764475e-05
6.600000e+01	6.650000e+01	3.961936e-04	1.662378e-05	1.662378e-05
6.650000e+01	6.700000e+01	4.224030e-04	1.720059e-05	1.720059e-05
6.700000e+01	6.750000e+01	4.197078e-04	1.714083e-05	1.714083e-05
6.750000e+01	6.800000e+01	3.565378e-04	1.578168e-05	1.578168e-05
6.800000e+01	6.850000e+01	3.659096e-04	1.600758e-05	1.600758e-05
6.850000e+01	6.900000e+01	3.682098e-04	1.607125e-05	1.607125e-05
6.900000e+01	6.950000e+01	3.534240e-04	1.573199e-05	1.573199e-05
6.950000e+01	7.000000e+01	3.208624e-04	1.497843e-05	1.497843e-05
7.000000e+01	7.050000e+01	3.133724e-04	1.482231e-05	1.482231e-05
7.050000e+01	7.100000e+01	3.049658e-04	1.461289e-05	1.461289e-05
7.100000e+01	7.150000e+01	2.728988e-04	1.381677e-05	1.381677e-05
7.150000e+01	7.200000e+01	2.479032e-04	1.316846e-05	1.316846e-05
7.200000e+01	7.250000e+01	2.694136e-04	1.374159e-05	1.374159e-05
7.250000e+01	7.300000e+01	2.561124e-04	1.340029e-05	1.340029e-05
7.300000e+01	7.350000e+01	2.561382e-04	1.341882e-05	1.341882e-05
7.350000e+01	7.400000e+01	2.380894e-04	1.293094e-05	1.293094e-05
7.400000e+01	7.450000e+01	1.946738e-04	1.167703e-05	1.167703e-05
7.450000e+01	7.500000e+01	1.746480e-04	1.106597e-05	1.106597e-05
7.500000e+01	7.550000e+01	1.515555e-04	1.029567e-05	1.029567e-05
7.550000e+01	7.600000e+01	1.678492e-04	1.085451e-05	1.085451e-05
7.600000e+01	7.650000e+01	1.198342e-04	9.131037e-06	9.131037e-06
7.650000e+01	7.700000e+01	1.125664e-04	8.872925e-06	8.872925e-06
7.700000e+01	7.750000e+01	7.916530e-05	7.454263e-06	7.454263e-06
7.750000e+01	7.800000e+01	6.569020e-05	6.767694e-06	6.767694e-06
7.800000e+01	7.850000e+01	2.514258e-05	4.123353e-06	4.123353e-06
7.850000e+01	7.900000e+01	1.102563e-05	2.687350e-06	2.687350e-06
7.900000e+01	7.950000e+01	8.973344e-06	2.383689e-06	2.383689e-06
7.950000e+01	8.000000e+01	5.660936e-06	1.901205e-06	1.901205e-06
8.000000e+01	8.050000e+01	2.768204e-06	1.248019e-06	1.248019e-06
8.050000e+01	8.100000e+01	4.152854e-06	1.607651e-06	1.607651e-06
8.100000e+01	8.150000e+01	4.152854e-06	1.607651e-06	1.607651e-06
8.150000e+01	8.200000e+01	3.411156e-06	1.438690e-06	1.438690e-06
8.200000e+01	8.250000e+01	4.647684e-06	1.758739e-06	1.758739e-06
8.250000e+01	8.300000e+01	5.924836e-07	1.209402e-07	1.209402e-07
8.300000e+01	8.350000e+01	1.037940e-06	7.225151e-07	7.225151e-07
8.350000e+01	8.400000e+01	2.496650e-06	1.245330e-06	1.245330e-06
8.400000e+01	8.450000e+01	2.447276e-06	1.244841e-06	1.244841e-06
8.450000e+01	8.500000e+01	9.638796e-07	7.212486e-07	7.212486e-07
8.500000e+01	8.550000e+01	8.651322e-07	7.195568e-07	7.195568e-07
8.550000e+01	8.600000e+01	1.631517e-06	1.016408e-06	1.016408e-06
8.600000e+01	8.650000e+01	2.468682e-07	7.806659e-08	7.806659e-08
8.650000e+01	8.700000e+01	1.974946e-07	6.982487e-08	6.982487e-08
8.700000e+01	8.750000e+01	1.481209e-07	6.047011e-08	6.047011e-08
8.750000e+01	8.800000e+01	8.157586e-07	7.187091e-07	7.187091e-07
8.800000e+01	8.850000e+01	2.468682e-08	2.468682e-08	2.468682e-08
8.850000e+01	8.900000e+01	7.406046e-08	4.275883e-08	4.275883e-08
8.900000e+01	8.950000e+01	2.468682e-08	2.468682e-08	2.468682e-08
8.950000e+01	9.000000e+01	4.937364e-08	3.491243e-08	3.491243e-08
9.000000e+01	9.050000e+01	2.468682e-08	2.468682e-08	2.468682e-08
9.050000e+01	9.100000e+01	2.468682e-08	2.468682e-08	2.468682e-08
9.100000e+01	9.150000e+01	0.000000e+00	0.000000e+00	0.000000e+00
9.150000e+01	9.200000e+01	2.468682e-08	2.468682e-08	2.468682e-08
9.200000e+01	9.250000e+01	2.468682e-08	2.468682e-08	2.468682e-08
9.250000e+01	9.300000e+01	0.000000e+00	0.000000e+00	0.000000e+00
9.300000e+01	9.350000e+01	0.000000e+00	0.000000e+00	0.000000e+00
9.350000e+01	9.400000e+01	0.000000e+00	0.000000e+00	0.000000e+00
9.400000e+01	9.450000e+01	0.000000e+00	0.000000e+00	0.000000e+00
9.450000e+01	9.500000e+01	0.000000e+00	0.000000e+00	0.000000e+00
9.500000e+01	9.550000e+01	2.468682e-08	2.468682e-08	2.468682e-08
9.550000e+01	9.600000e+01	2.468682e-08	2.468682e-08	2.468682e-08
9.600000e+01	9.650000e+01	2.468682e-08	2.468682e-08	2.468682e-08
9.650000e+01	9.700000e+01	2.468682e-08	2.468682e-08	2.468682e-08
9.700000e+01	9.750000e+01	0.000000e+00	0.000000e+00	0.000000e+00
9.750000e+01	9.800000e+01	2.468682e-08	2.468682e-08	2.468682e-08
9.800000e+01	9.850000e+01	0.000000e+00	0.000000e+00	0.000000e+00
9.850000e+01	9.900000e+01	2.468682e-08	2.468682e-08	2.468682e-08
9.900000e+01	9.950000e+01	0.000000e+00	0.000000e+00	0.000000e+00
9.950000e+01	1.000000e+02	0.000000e+00	0.000000e+00	0.000000e+00
1.000000e+02	1.005000e+02	0.000000e+00	0.000000e+00	0.000000e+00
1.005000e+02	1.010000e+02	2.468682e-08	2.468682e-08	2.468682e-08
1.010000e+02	1.015000e+02	0.000000e+00	0.000000e+00	0.000000e+00
1.015000e+02	1.020000e+02	0.000000e+00	0.000000e+00	0.000000e+00
1.020000e+02	1.025000e+02	2.468682e-08	2.468682e-08	2.468682e-08
1.025000e+02	1.030000e+02	0.000000e+00	0.000000e+00	0.000000e+00
1.030000e+02	1.035000e+02	0.000000e+00	0.000000e+00	0.000000e+00
1.035000e+02	1.040000e+02	2.468682e-08	2.468682e-08	2.468682e-08
1.040000e+02	1.045000e+02	0.000000e+00	0.000000e+00	0.000000e+00
1.045000e+02	1.050000e+02	0.000000e+00	0.000000e+00	0.000000e+00
1.050000e+02	1.055000e+02	0.000000e+00	0.000000e+00	0.000000e+00
1.055000e+02	1.060000e+02	0.000000e+00	0.000000e+00	0.000000e+00
1.060000e+02	1.065000e+02	0.000000e+00	0.000000e+00	0.000000e+00
1.065000e+02	1.070000e+02	0.000000e+00	0.000000e+00	0.000000e+00
1.070000e+02	1.075000e+02	0.000000e+00	0.000000e+00	0.000000e+00
1.075000e+02	1.080000e+02	0.000000e+00	0.000000e+00	0.000000e+00
1.080000e+02	1.085000e+02	0.000000e+00	0.000000e+00	0.000000e+00
1.085000e+02	1.090000e+02	0.000000e+00	0.000000e+00	0.000000e+00
1.090000e+02	1.095000e+02	0.000000e+00	0.000000e+00	0.000000e+00
1.095000e+02	1.100000e+02	0.000000e+00	0.000000e+00	0.000000e+00
1.100000e+02	1.105000e+02	0.000000e+00	0.000000e+00	0.000000e+00
1.105000e+02	1.110000e+02	0.000000e+00	0.000000e+00	0.000000e+00
1.110000e+02	1.115000e+02	0.000000e+00	0.000000e+00	0.000000e+00
1.115000e+02	1.120000e+02	0.000000e+00	0.000000e+00	0.000000e+00
1.120000e+02	1.125000e+02	0.000000e+00	0.000000e+00	0.000000e+00
1.125000e+02	1.130000e+02	0.000000e+00	0.000000e+00	0.000000e+00
1.130000e+02	1.135000e+02	0.000000e+00	0.000000e+00	0.000000e+00
1.135000e+02	1.140000e+02	0.000000e+00	0.000000e+00	0.000000e+00
1.140000e+02	1.145000e+02	0.000000e+00	0.000000e+00	0.000000e+00
1.145000e+02	1.150000e+02	0.000000e+00	0.000000e+00	0.000000e+00
1.150000e+02	1.155000e+02	0.000000e+00	0.000000e+00	0.000000e+00
1.155000e+02	1.160000e+02	0.000000e+00	0.000000e+00	0.000000e+00
1.160000e+02	1.165000e+02	0.000000e+00	0.000000e+00	0.000000e+00
1.165000e+02	1.170000e+02	0.000000e+00	0.000000e+00	0.000000e+00
1.170000e+02	1.175000e+02	0.000000e+00	0.000000e+00	0.000000e+00
1.175000e+02	1.180000e+02	0.000000e+00	0.000000e+00	0.000000e+00
1.180000e+02	1.185000e+02	0.000000e+00	0.000000e+00	0.000000e+00
1.185000e+02	1.190000e+02	0.000000e+00	0.000000e+00	0.000000e+00
1.190000e+02	1.195000e+02	0.000000e+00	0.000000e+00	0.000000e+00
1.195000e+02	1.200000e+02	0.000000e+00	0.000000e+00	0.000000e+00
1.200000e+02	1.205000e+02	0.000000e+00	0.000000e+00	0.000000e+00
1.205000e+02	1.210000e+02	0.000000e+00	0.000000e+00	0.000000e+00
1.210000e+02	1.215000e+02	0.000000e+00	0.000000e+00	0.000000e+00
1.215000e+02	1.220000e+02	0.000000e+00	0.000000e+00	0.000000e+00
1.220000e+02	1.225000e+02	0.000000e+00	0.000000e+00	0.000000e+00
1.225000e+02	1.230000e+02	0.000000e+00	0.000000e+00	0.000000e+00
1.230000e+02	1.235000e+02	0.000000e+00	0.000000e+00	0.000000e+00
1.235000e+02	1.240000e+02	0.000000e+00	0.000000e+00	0.000000e+00
1.240000e+02	1.245000e+02	0.000000e+00	0.000000e+00	0.000000e+00
1.245000e+02	1.250000e+02	0.000000e+00	0.000000e+00	0.000000e+00
1.250000e+02	1.255000e+02	0.000000e+00	0.000000e+00	0.000000e+00
1.255000e+02	1.260000e+02	0.000000e+00	0.000000e+00	0.000000e+00
1.260000e+02	1.265000e+02	0.000000e+00	0.000000e+00	0.000000e+00
1.265000e+02	1.270000e+02	0.000000e+00	0.000000e+00	0.000000e+00
1.270000e+02	1.275000e+02	0.000000e+00	0.000000e+00	0.000000e+00
1.275000e+02	1.280000e+02	0.000000e+00	0.000000e+00	0.000000e+00
1.280000e+02	1.285000e+02	0.000000e+00	0.000000e+00	0.000000e+00
1.285000e+02	1.290000e+02	0.000000e+00	0.000000e+00	0.000000e+00
1.290000e+02	1.295000e+02	0.000000e+00	0.000000e+00	0.000000e+00
1.295000e+02	1.300000e+02	0.000000e+00	0.000000e+00	0.000000e+00
1.300000e+02	1.305000e+02	0.000000e+00	0.000000e+00	0.000000e+00
1.305000e+02	1.310000e+02	0.000000e+00	0.000000e+00	0.000000e+00
1.310000e+02	1.315000e+02	0.000000e+00	0.000000e+00	0.000000e+00
1.315000e+02	1.320000e+02	0.000000e+00	0.000000e+00	0.000000e+00
1.320000e+02	1.325000e+02	0.000000e+00	0.000000e+00	0.000000e+00
1.325000e+02	1.330000e+02	0.000000e+00	0.000000e+00	0.000000e+00
1.330000e+02	1.335000e+02	0.000000e+00	0.000000e+00	0.000000e+00
1.335000e+02	1.340000e+02	0.000000e+00	0.000000e+00	0.000000e+00
1.340000e+02	1.345000e+02	0.000000e+00	0.000000e+00	0.000000e+00
1.345000e+02	1.350000e+02	0.000000e+00	0.000000e+00	0.000000e+00
1.350000e+02	1.355000e+02	0.000000e+00	0.000000e+00	0.000000e+00
1.355000e+02	1.360000e+02	0.000000e+00	0.000000e+00	0.000000e+00
1.360000e+02	1.365000e+02	0.000000e+00	0.000000e+00	0.000000e+00
1.365000e+02	1.370000e+02	0.000000e+00	0.000000e+00	0.000000e+00
1.370000e+02	1.375000e+02	0.000000e+00	0.000000e+00	0.000000e+00
1.375000e+02	1.380000e+02	0.000000e+00	0.000000e+00	0.000000e+00
1.380000e+02	1.385000e+02	0.000000e+00	0.000000e+00	0.000000e+00
1.385000e+02	1.390000e+02	0.000000e+00	0.000000e+00	0.000000e+00
1.390000e+02	1.395000e+02	0.000000e+00	0.000000e+00	0.000000e+00
1.395000e+02	1.400000e+02	0.000000e+00	0.000000e+00	0.000000e+00
1.400000e+02	1.405000e+02	0.000000e+00	0.000000e+00	0.000000e+00
1.405000e+02	1.410000e+02	0.000000e+00	0.000000e+00	0.000000e+00
1.410000e+02	1.415000e+02	0.000000e+00	0.000000e+00	0.000000e+00
1.415000e+02	1.420000e+02	0.000000e+00	0.000000e+00	0.000000e+00
1.420000e+02	1.425000e+02	0.000000e+00	0.000000e+00	0.000000e+00
1.425000e+02	1.430000e+02	0.000000e+00	0.000000e+00	0.000000e+00
1.430000e+02	1.435000e+02	0.000000e+00	0.000000e+00	0.000000e+00
1.435000e+02	1.440000e+02	0.000000e+00	0.000000e+00	0.000000e+00
1.440000e+02	1.445000e+02	0.000000e+00	0.000000e+00	0.000000e+00
1.445000e+02	1.450000e+02	0.000000e+00	0.000000e+00	0.000000e+00
1.450000e+02	1.455000e+02	0.000000e+00	0.000000e+00	0.000000e+00
1.455000e+02	1.460000e+02	0.000000e+00	0.000000e+00	0.000000e+00
1.460000e+02	1.465000e+02	0.000000e+00	0.000000e+00	0.000000e+00
1.465000e+02	1.470000e+02	0.000000e+00	0.000000e+00	0.000000e+00
1.470000e+02	1.475000e+02	0.000000e+00	0.000000e+00	0.000000e+00
1.475000e+02	1.480000e+02	0.000000e+00	0.000000e+00	0.000000e+00
1.480000e+02	1.485000e+02	0.000000e+00	0.000000e+00	0.000000e+00
1.485000e+02	1.490000e+02	0.000000e+00	0.000000e+00	0.000000e+00
1.490000e+02	1.495000e+02	0.000000e+00	0.000000e+00	0.000000e+00
1.495000e+02	1.500000e+02	0.000000e+00	0.000000e+00	0.000000e+00
# END HISTO1D

