# BEGIN PLOT
Legend=1
LogY=1
DrawOnly=//mt/home/mbridge/Work/my_higgsstrahlungHWW/Analysis.yoda/MyAnalysis/PhiCh
LegendOnly=//mt/home/mbridge/Work/my_higgsstrahlungHWW/Analysis.yoda/MyAnalysis/PhiCh
# END PLOT

# BEGIN HISTO1D //mt/home/mbridge/Work/my_higgsstrahlungHWW/Analysis.yoda/MyAnalysis/PhiCh
LineColor=red
LineStyle=solid
Path=//mt/home/mbridge/Work/my_higgsstrahlungHWW/Analysis.yoda/MyAnalysis/PhiCh
ScaledBy=3.52771764596302952e-05
Title=Analysis
# xlow	 xhigh	 val	 errminus	 errplus
0.000000e+00	6.283185e-02	1.584508e-01	3.045087e-04	3.045087e-04
6.283185e-02	1.256637e-01	1.585444e-01	3.045986e-04	3.045986e-04
1.256637e-01	1.884956e-01	1.589118e-01	3.049512e-04	3.049512e-04
1.884956e-01	2.513274e-01	1.584222e-01	3.044813e-04	3.044813e-04
2.513274e-01	3.141593e-01	1.587409e-01	3.047872e-04	3.047872e-04
3.141593e-01	3.769911e-01	1.587716e-01	3.048169e-04	3.048169e-04
3.769911e-01	4.398230e-01	1.585636e-01	3.046169e-04	3.046169e-04
4.398230e-01	5.026548e-01	1.590618e-01	3.050954e-04	3.050954e-04
5.026548e-01	5.654867e-01	1.587772e-01	3.048220e-04	3.048220e-04
5.654867e-01	6.283185e-01	1.583877e-01	3.044482e-04	3.044482e-04
6.283185e-01	6.911504e-01	1.596304e-01	3.056400e-04	3.056400e-04
6.911504e-01	7.539822e-01	1.593281e-01	3.053507e-04	3.053507e-04
7.539822e-01	8.168141e-01	1.590165e-01	3.050517e-04	3.050517e-04
8.168141e-01	8.796459e-01	1.593322e-01	3.053546e-04	3.053546e-04
8.796459e-01	9.424778e-01	1.591172e-01	3.051482e-04	3.051482e-04
9.424778e-01	1.005310e+00	1.588338e-01	3.048756e-04	3.048756e-04
1.005310e+00	1.068142e+00	1.584896e-01	3.045456e-04	3.045456e-04
1.068142e+00	1.130973e+00	1.589222e-01	3.049635e-04	3.049635e-04
1.130973e+00	1.193805e+00	1.587365e-01	3.047828e-04	3.047828e-04
1.193805e+00	1.256637e+00	1.589138e-01	3.049529e-04	3.049529e-04
1.256637e+00	1.319469e+00	1.586406e-01	3.046906e-04	3.046906e-04
1.319469e+00	1.382301e+00	1.590484e-01	3.050821e-04	3.050821e-04
1.382301e+00	1.445133e+00	1.589168e-01	3.049558e-04	3.049558e-04
1.445133e+00	1.507964e+00	1.584313e-01	3.044920e-04	3.044920e-04
1.507964e+00	1.570796e+00	1.593306e-01	3.053525e-04	3.053525e-04
1.570796e+00	1.633628e+00	1.588688e-01	3.049097e-04	3.049097e-04
1.633628e+00	1.696460e+00	1.590561e-01	3.050894e-04	3.050894e-04
1.696460e+00	1.759292e+00	1.585680e-01	3.046209e-04	3.046209e-04
1.759292e+00	1.822124e+00	1.593486e-01	3.053699e-04	3.053699e-04
1.822124e+00	1.884956e+00	1.585265e-01	3.045810e-04	3.045810e-04
1.884956e+00	1.947787e+00	1.587865e-01	3.048331e-04	3.048331e-04
1.947787e+00	2.010619e+00	1.590215e-01	3.050563e-04	3.050563e-04
2.010619e+00	2.073451e+00	1.585305e-01	3.045850e-04	3.045850e-04
2.073451e+00	2.136283e+00	1.592106e-01	3.052375e-04	3.052375e-04
2.136283e+00	2.199115e+00	1.589683e-01	3.050052e-04	3.050052e-04
2.199115e+00	2.261947e+00	1.584018e-01	3.044613e-04	3.044613e-04
2.261947e+00	2.324779e+00	1.584738e-01	3.045305e-04	3.045305e-04
2.324779e+00	2.387610e+00	1.583803e-01	3.044430e-04	3.044430e-04
2.387610e+00	2.450442e+00	1.584861e-01	3.045422e-04	3.045422e-04
2.450442e+00	2.513274e+00	1.592345e-01	3.052605e-04	3.052605e-04
2.513274e+00	2.576106e+00	1.583895e-01	3.044495e-04	3.044495e-04
2.576106e+00	2.638938e+00	1.585850e-01	3.046372e-04	3.046372e-04
2.638938e+00	2.701770e+00	1.590742e-01	3.051068e-04	3.051068e-04
2.701770e+00	2.764602e+00	1.590590e-01	3.050922e-04	3.050922e-04
2.764602e+00	2.827433e+00	1.588596e-01	3.049034e-04	3.049034e-04
2.827433e+00	2.890265e+00	1.591796e-01	3.052078e-04	3.052078e-04
2.890265e+00	2.953097e+00	1.590695e-01	3.051023e-04	3.051023e-04
2.953097e+00	3.015929e+00	1.595447e-01	3.055577e-04	3.055577e-04
3.015929e+00	3.078761e+00	1.590326e-01	3.050669e-04	3.050669e-04
3.078761e+00	3.141593e+00	1.590098e-01	3.050451e-04	3.050451e-04
3.141593e+00	3.204425e+00	1.592836e-01	3.053076e-04	3.053076e-04
3.204425e+00	3.267256e+00	1.592523e-01	3.052800e-04	3.052800e-04
3.267256e+00	3.330088e+00	1.594808e-01	3.054966e-04	3.054966e-04
3.330088e+00	3.392920e+00	1.589636e-01	3.050007e-04	3.050007e-04
3.392920e+00	3.455752e+00	1.601375e-01	3.061248e-04	3.061248e-04
3.455752e+00	3.518584e+00	1.601257e-01	3.061136e-04	3.061136e-04
3.518584e+00	3.581416e+00	1.596793e-01	3.056865e-04	3.056865e-04
3.581416e+00	3.644247e+00	1.596344e-01	3.056460e-04	3.056460e-04
3.644247e+00	3.707079e+00	1.596004e-01	3.056109e-04	3.056109e-04
3.707079e+00	3.769911e+00	1.603815e-01	3.063580e-04	3.063580e-04
3.769911e+00	3.832743e+00	1.596378e-01	3.056467e-04	3.056467e-04
3.832743e+00	3.895575e+00	1.597906e-01	3.057929e-04	3.057929e-04
3.895575e+00	3.958407e+00	1.594692e-01	3.054854e-04	3.054854e-04
3.958407e+00	4.021239e+00	1.594797e-01	3.054954e-04	3.054954e-04
4.021239e+00	4.084070e+00	1.595127e-01	3.055295e-04	3.055295e-04
4.084070e+00	4.146902e+00	1.594054e-01	3.054243e-04	3.054243e-04
4.146902e+00	4.209734e+00	1.596758e-01	3.056832e-04	3.056832e-04
4.209734e+00	4.272566e+00	1.593627e-01	3.053833e-04	3.053833e-04
4.272566e+00	4.335398e+00	1.593066e-01	3.053295e-04	3.053295e-04
4.335398e+00	4.398230e+00	1.595652e-01	3.055773e-04	3.055773e-04
4.398230e+00	4.461062e+00	1.599742e-01	3.059687e-04	3.059687e-04
4.461062e+00	4.523893e+00	1.595566e-01	3.055715e-04	3.055715e-04
4.523893e+00	4.586725e+00	1.589443e-01	3.049821e-04	3.049821e-04
4.586725e+00	4.649557e+00	1.591444e-01	3.051741e-04	3.051741e-04
4.649557e+00	4.712389e+00	1.594323e-01	3.054500e-04	3.054500e-04
4.712389e+00	4.775221e+00	1.592762e-01	3.053003e-04	3.053003e-04
4.775221e+00	4.838053e+00	1.596898e-01	3.056966e-04	3.056966e-04
4.838053e+00	4.900885e+00	1.588588e-01	3.049002e-04	3.049002e-04
4.900885e+00	4.963716e+00	1.589433e-01	3.049836e-04	3.049836e-04
4.963716e+00	5.026548e+00	1.592926e-01	3.053160e-04	3.053160e-04
5.026548e+00	5.089380e+00	1.596067e-01	3.056171e-04	3.056171e-04
5.089380e+00	5.152212e+00	1.598619e-01	3.058612e-04	3.058612e-04
5.152212e+00	5.215044e+00	1.595722e-01	3.055840e-04	3.055840e-04
5.215044e+00	5.277876e+00	1.592930e-01	3.053166e-04	3.053166e-04
5.277876e+00	5.340708e+00	1.591380e-01	3.051679e-04	3.051679e-04
5.340708e+00	5.403539e+00	1.597339e-01	3.057413e-04	3.057413e-04
5.403539e+00	5.466371e+00	1.596367e-01	3.056456e-04	3.056456e-04
5.466371e+00	5.529203e+00	1.599578e-01	3.059530e-04	3.059530e-04
5.529203e+00	5.592035e+00	1.589402e-01	3.049782e-04	3.049782e-04
5.592035e+00	5.654867e+00	1.592926e-01	3.053160e-04	3.053160e-04
5.654867e+00	5.717699e+00	1.597466e-01	3.057509e-04	3.057509e-04
5.717699e+00	5.780530e+00	1.587069e-01	3.047567e-04	3.047567e-04
5.780530e+00	5.843362e+00	1.590584e-01	3.050916e-04	3.050916e-04
5.843362e+00	5.906194e+00	1.596670e-01	3.056747e-04	3.056747e-04
5.906194e+00	5.969026e+00	1.590344e-01	3.050686e-04	3.050686e-04
5.969026e+00	6.031858e+00	1.594318e-01	3.054495e-04	3.054495e-04
6.031858e+00	6.094690e+00	1.597659e-01	3.057694e-04	3.057694e-04
6.094690e+00	6.157522e+00	1.590467e-01	3.050804e-04	3.050804e-04
6.157522e+00	6.220353e+00	1.588661e-01	3.049095e-04	3.049095e-04
6.220353e+00	6.283185e+00	1.592961e-01	3.053194e-04	3.053194e-04
# END HISTO1D

