# BEGIN PLOT
Legend=1
LogY=1
DrawOnly=//mt/home/mbridge/Work/my_higgsstrahlungHWW/Analysis.yoda/MyAnalysis/PtCh
LegendOnly=//mt/home/mbridge/Work/my_higgsstrahlungHWW/Analysis.yoda/MyAnalysis/PtCh
# END PLOT

# BEGIN HISTO1D //mt/home/mbridge/Work/my_higgsstrahlungHWW/Analysis.yoda/MyAnalysis/PtCh
LineColor=red
LineStyle=solid
Path=//mt/home/mbridge/Work/my_higgsstrahlungHWW/Analysis.yoda/MyAnalysis/PtCh
ScaledBy=3.52771764596302952e-05
Title=Analysis
# xlow	 xhigh	 val	 errminus	 errplus
0.000000e+00	1.500000e+00	4.098456e-01	1.002321e-04	1.002321e-04
1.500000e+00	3.000000e+00	1.203783e-01	5.432139e-05	5.432139e-05
3.000000e+00	4.500000e+00	5.300739e-02	3.604666e-05	3.604666e-05
4.500000e+00	6.000000e+00	2.886561e-02	2.660033e-05	2.660033e-05
6.000000e+00	7.500000e+00	1.744969e-02	2.068191e-05	2.068191e-05
7.500000e+00	9.000000e+00	1.117800e-02	1.655308e-05	1.655308e-05
9.000000e+00	1.050000e+01	7.454133e-03	1.351747e-05	1.351747e-05
1.050000e+01	1.200000e+01	5.131713e-03	1.121574e-05	1.121574e-05
1.200000e+01	1.350000e+01	3.606819e-03	9.402839e-06	9.402839e-06
1.350000e+01	1.500000e+01	2.557179e-03	7.917306e-06	7.917306e-06
1.500000e+01	1.650000e+01	1.845179e-03	6.725368e-06	6.725368e-06
1.650000e+01	1.800000e+01	1.356859e-03	5.767189e-06	5.767189e-06
1.800000e+01	1.950000e+01	9.972800e-04	4.944307e-06	4.944307e-06
1.950000e+01	2.100000e+01	7.486713e-04	4.283930e-06	4.283930e-06
2.100000e+01	2.250000e+01	5.526909e-04	3.680764e-06	3.680764e-06
2.250000e+01	2.400000e+01	4.200275e-04	3.208748e-06	3.208748e-06
2.400000e+01	2.550000e+01	3.094991e-04	2.754397e-06	2.754397e-06
2.550000e+01	2.700000e+01	2.399317e-04	2.425161e-06	2.425161e-06
2.700000e+01	2.850000e+01	1.744824e-04	2.068105e-06	2.068105e-06
2.850000e+01	3.000000e+01	1.340607e-04	1.812790e-06	1.812790e-06
3.000000e+01	3.150000e+01	1.014587e-04	1.577035e-06	1.577035e-06
3.150000e+01	3.300000e+01	7.567113e-05	1.361952e-06	1.361952e-06
3.300000e+01	3.450000e+01	5.841409e-05	1.196618e-06	1.196618e-06
3.450000e+01	3.600000e+01	4.444177e-05	1.043740e-06	1.043740e-06
3.600000e+01	3.750000e+01	3.245500e-05	8.919439e-07	8.919439e-07
3.750000e+01	3.900000e+01	2.551787e-05	7.908951e-07	7.908951e-07
3.900000e+01	4.050000e+01	1.907099e-05	6.837280e-07	6.837280e-07
4.050000e+01	4.200000e+01	1.507539e-05	6.078986e-07	6.078986e-07
4.200000e+01	4.350000e+01	1.061406e-05	5.100791e-07	5.100791e-07
4.350000e+01	4.500000e+01	7.966673e-06	4.419115e-07	4.419115e-07
4.500000e+01	4.650000e+01	6.422363e-06	3.967749e-07	3.967749e-07
4.650000e+01	4.800000e+01	4.829029e-06	3.440541e-07	3.440541e-07
4.800000e+01	4.950000e+01	3.480823e-06	2.921042e-07	2.921042e-07
4.950000e+01	5.100000e+01	2.206155e-06	2.325492e-07	2.325492e-07
5.100000e+01	5.250000e+01	1.912001e-06	2.164915e-07	2.164915e-07
5.250000e+01	5.400000e+01	1.250155e-06	1.750567e-07	1.750567e-07
5.400000e+01	5.550000e+01	8.089233e-07	1.408155e-07	1.408155e-07
5.550000e+01	5.700000e+01	7.353853e-07	1.342623e-07	1.342623e-07
5.700000e+01	5.850000e+01	2.941541e-07	8.491496e-08	8.491496e-08
5.850000e+01	6.000000e+01	3.431797e-07	9.171863e-08	9.171863e-08
6.000000e+01	6.150000e+01	1.715899e-07	6.485487e-08	6.485487e-08
6.150000e+01	6.300000e+01	1.961027e-07	6.933279e-08	6.933279e-08
6.300000e+01	6.450000e+01	1.225642e-07	5.481237e-08	5.481237e-08
6.450000e+01	6.600000e+01	7.353853e-08	4.245748e-08	4.245748e-08
6.600000e+01	6.750000e+01	0.000000e+00	0.000000e+00	0.000000e+00
6.750000e+01	6.900000e+01	0.000000e+00	0.000000e+00	0.000000e+00
6.900000e+01	7.050000e+01	4.902567e-08	3.466638e-08	3.466638e-08
7.050000e+01	7.200000e+01	0.000000e+00	0.000000e+00	0.000000e+00
7.200000e+01	7.350000e+01	0.000000e+00	0.000000e+00	0.000000e+00
7.350000e+01	7.500000e+01	0.000000e+00	0.000000e+00	0.000000e+00
7.500000e+01	7.650000e+01	0.000000e+00	0.000000e+00	0.000000e+00
7.650000e+01	7.800000e+01	0.000000e+00	0.000000e+00	0.000000e+00
7.800000e+01	7.950000e+01	0.000000e+00	0.000000e+00	0.000000e+00
7.950000e+01	8.100000e+01	0.000000e+00	0.000000e+00	0.000000e+00
8.100000e+01	8.250000e+01	0.000000e+00	0.000000e+00	0.000000e+00
8.250000e+01	8.400000e+01	0.000000e+00	0.000000e+00	0.000000e+00
8.400000e+01	8.550000e+01	0.000000e+00	0.000000e+00	0.000000e+00
8.550000e+01	8.700000e+01	0.000000e+00	0.000000e+00	0.000000e+00
8.700000e+01	8.850000e+01	0.000000e+00	0.000000e+00	0.000000e+00
8.850000e+01	9.000000e+01	0.000000e+00	0.000000e+00	0.000000e+00
9.000000e+01	9.150000e+01	0.000000e+00	0.000000e+00	0.000000e+00
9.150000e+01	9.300000e+01	0.000000e+00	0.000000e+00	0.000000e+00
9.300000e+01	9.450000e+01	0.000000e+00	0.000000e+00	0.000000e+00
9.450000e+01	9.600000e+01	0.000000e+00	0.000000e+00	0.000000e+00
9.600000e+01	9.750000e+01	0.000000e+00	0.000000e+00	0.000000e+00
9.750000e+01	9.900000e+01	0.000000e+00	0.000000e+00	0.000000e+00
9.900000e+01	1.005000e+02	0.000000e+00	0.000000e+00	0.000000e+00
1.005000e+02	1.020000e+02	0.000000e+00	0.000000e+00	0.000000e+00
1.020000e+02	1.035000e+02	0.000000e+00	0.000000e+00	0.000000e+00
1.035000e+02	1.050000e+02	0.000000e+00	0.000000e+00	0.000000e+00
1.050000e+02	1.065000e+02	0.000000e+00	0.000000e+00	0.000000e+00
1.065000e+02	1.080000e+02	0.000000e+00	0.000000e+00	0.000000e+00
1.080000e+02	1.095000e+02	0.000000e+00	0.000000e+00	0.000000e+00
1.095000e+02	1.110000e+02	0.000000e+00	0.000000e+00	0.000000e+00
1.110000e+02	1.125000e+02	0.000000e+00	0.000000e+00	0.000000e+00
1.125000e+02	1.140000e+02	0.000000e+00	0.000000e+00	0.000000e+00
1.140000e+02	1.155000e+02	0.000000e+00	0.000000e+00	0.000000e+00
1.155000e+02	1.170000e+02	0.000000e+00	0.000000e+00	0.000000e+00
1.170000e+02	1.185000e+02	0.000000e+00	0.000000e+00	0.000000e+00
1.185000e+02	1.200000e+02	0.000000e+00	0.000000e+00	0.000000e+00
1.200000e+02	1.215000e+02	0.000000e+00	0.000000e+00	0.000000e+00
1.215000e+02	1.230000e+02	0.000000e+00	0.000000e+00	0.000000e+00
1.230000e+02	1.245000e+02	0.000000e+00	0.000000e+00	0.000000e+00
1.245000e+02	1.260000e+02	0.000000e+00	0.000000e+00	0.000000e+00
1.260000e+02	1.275000e+02	0.000000e+00	0.000000e+00	0.000000e+00
1.275000e+02	1.290000e+02	0.000000e+00	0.000000e+00	0.000000e+00
1.290000e+02	1.305000e+02	0.000000e+00	0.000000e+00	0.000000e+00
1.305000e+02	1.320000e+02	0.000000e+00	0.000000e+00	0.000000e+00
1.320000e+02	1.335000e+02	0.000000e+00	0.000000e+00	0.000000e+00
1.335000e+02	1.350000e+02	0.000000e+00	0.000000e+00	0.000000e+00
1.350000e+02	1.365000e+02	0.000000e+00	0.000000e+00	0.000000e+00
1.365000e+02	1.380000e+02	0.000000e+00	0.000000e+00	0.000000e+00
1.380000e+02	1.395000e+02	0.000000e+00	0.000000e+00	0.000000e+00
1.395000e+02	1.410000e+02	0.000000e+00	0.000000e+00	0.000000e+00
1.410000e+02	1.425000e+02	0.000000e+00	0.000000e+00	0.000000e+00
1.425000e+02	1.440000e+02	0.000000e+00	0.000000e+00	0.000000e+00
1.440000e+02	1.455000e+02	0.000000e+00	0.000000e+00	0.000000e+00
1.455000e+02	1.470000e+02	0.000000e+00	0.000000e+00	0.000000e+00
1.470000e+02	1.485000e+02	0.000000e+00	0.000000e+00	0.000000e+00
1.485000e+02	1.500000e+02	0.000000e+00	0.000000e+00	0.000000e+00
# END HISTO1D

