# BEGIN PLOT
Legend=1
LogY=1
DrawOnly=//mt/home/mbridge/Work/my_higgsstrahlungHcc/Analysis.yoda/MyAnalysis/EtaCh
LegendOnly=//mt/home/mbridge/Work/my_higgsstrahlungHcc/Analysis.yoda/MyAnalysis/EtaCh
# END PLOT

# BEGIN HISTO1D //mt/home/mbridge/Work/my_higgsstrahlungHcc/Analysis.yoda/MyAnalysis/EtaCh
LineColor=red
LineStyle=solid
Path=//mt/home/mbridge/Work/my_higgsstrahlungHcc/Analysis.yoda/MyAnalysis/EtaCh
ScaledBy=1.64372406147375827e-04
Title=Analysis
# xlow	 xhigh	 val	 errminus	 errplus
-5.000000e+00	-4.900000e+00	1.014805e-04	7.157884e-06	7.157884e-06
-4.900000e+00	-4.800000e+00	1.358122e-04	8.280619e-06	8.280619e-06
-4.800000e+00	-4.700000e+00	1.565123e-04	8.889299e-06	8.889299e-06
-4.700000e+00	-4.600000e+00	1.711537e-04	9.295794e-06	9.295794e-06
-4.600000e+00	-4.500000e+00	2.261854e-04	1.068626e-05	1.068626e-05
-4.500000e+00	-4.400000e+00	2.605172e-04	1.146863e-05	1.146863e-05
-4.400000e+00	-4.300000e+00	3.337245e-04	1.298038e-05	1.298038e-05
-4.300000e+00	-4.200000e+00	3.988538e-04	1.419058e-05	1.419058e-05
-4.200000e+00	-4.100000e+00	4.831685e-04	1.561862e-05	1.561862e-05
-4.100000e+00	-4.000000e+00	6.169612e-04	1.764909e-05	1.764909e-05
-4.000000e+00	-3.900000e+00	7.280344e-04	1.917208e-05	1.917208e-05
-3.900000e+00	-3.800000e+00	8.956540e-04	2.126491e-05	2.126491e-05
-3.800000e+00	-3.700000e+00	1.086498e-03	2.342113e-05	2.342113e-05
-3.700000e+00	-3.600000e+00	1.319247e-03	2.580812e-05	2.580812e-05
-3.600000e+00	-3.500000e+00	1.630757e-03	2.869379e-05	2.869379e-05
-3.500000e+00	-3.400000e+00	1.979628e-03	3.161441e-05	3.161441e-05
-3.400000e+00	-3.300000e+00	2.423920e-03	3.498264e-05	3.498264e-05
-3.300000e+00	-3.200000e+00	2.977267e-03	3.877057e-05	3.877057e-05
-3.200000e+00	-3.100000e+00	3.679048e-03	4.309839e-05	4.309839e-05
-3.100000e+00	-3.000000e+00	4.438889e-03	4.734025e-05	4.734025e-05
-3.000000e+00	-2.900000e+00	5.435519e-03	5.238583e-05	5.238583e-05
-2.900000e+00	-2.800000e+00	6.594719e-03	5.770208e-05	5.770208e-05
-2.800000e+00	-2.700000e+00	8.083101e-03	6.388256e-05	6.388256e-05
-2.700000e+00	-2.600000e+00	9.755257e-03	7.017989e-05	7.017989e-05
-2.600000e+00	-2.500000e+00	1.201610e-02	7.788882e-05	7.788882e-05
-2.500000e+00	-2.400000e+00	1.464753e-02	8.599545e-05	8.599545e-05
-2.400000e+00	-2.300000e+00	1.781513e-02	9.483920e-05	9.483920e-05
-2.300000e+00	-2.200000e+00	2.156083e-02	1.043340e-04	1.043340e-04
-2.200000e+00	-2.100000e+00	2.628699e-02	1.152030e-04	1.152030e-04
-2.100000e+00	-2.000000e+00	3.208350e-02	1.272724e-04	1.272724e-04
-2.000000e+00	-1.900000e+00	3.865954e-02	1.397081e-04	1.397081e-04
-1.900000e+00	-1.800000e+00	4.698902e-02	1.540251e-04	1.540251e-04
-1.800000e+00	-1.700000e+00	5.659382e-02	1.690355e-04	1.690355e-04
-1.700000e+00	-1.600000e+00	6.808636e-02	1.854058e-04	1.854058e-04
-1.600000e+00	-1.500000e+00	8.175897e-02	2.031707e-04	2.031707e-04
-1.500000e+00	-1.400000e+00	9.874459e-02	2.232801e-04	2.232801e-04
-1.400000e+00	-1.300000e+00	1.180006e-01	2.440819e-04	2.440819e-04
-1.300000e+00	-1.200000e+00	1.399881e-01	2.658513e-04	2.658513e-04
-1.200000e+00	-1.100000e+00	1.650927e-01	2.887069e-04	2.887069e-04
-1.100000e+00	-1.000000e+00	1.931659e-01	3.122903e-04	3.122903e-04
-1.000000e+00	-9.000000e-01	2.250974e-01	3.371154e-04	3.371154e-04
-9.000000e-01	-8.000000e-01	2.606893e-01	3.627897e-04	3.627897e-04
-8.000000e-01	-7.000000e-01	2.985471e-01	3.882395e-04	3.882395e-04
-7.000000e-01	-6.000000e-01	3.384194e-01	4.133529e-04	4.133529e-04
-6.000000e-01	-5.000000e-01	3.756213e-01	4.354802e-04	4.354802e-04
-5.000000e-01	-4.000000e-01	4.114434e-01	4.557728e-04	4.557728e-04
-4.000000e-01	-3.000000e-01	4.444918e-01	4.737238e-04	4.737238e-04
-3.000000e-01	-2.000000e-01	4.709938e-01	4.876418e-04	4.876418e-04
-2.000000e-01	-1.000000e-01	4.901171e-01	4.974430e-04	4.974430e-04
-1.000000e-01	0.000000e+00	5.000289e-01	5.024477e-04	5.024477e-04
0.000000e+00	1.000000e-01	5.006130e-01	5.027411e-04	5.027411e-04
1.000000e-01	2.000000e-01	4.896945e-01	4.972284e-04	4.972284e-04
2.000000e-01	3.000000e-01	4.710352e-01	4.876632e-04	4.876632e-04
3.000000e-01	4.000000e-01	4.446336e-01	4.737993e-04	4.737993e-04
4.000000e-01	5.000000e-01	4.102343e-01	4.551026e-04	4.551026e-04
5.000000e-01	6.000000e-01	3.750306e-01	4.351377e-04	4.351377e-04
6.000000e-01	7.000000e-01	3.370259e-01	4.125009e-04	4.125009e-04
7.000000e-01	8.000000e-01	2.973975e-01	3.874913e-04	3.874913e-04
8.000000e-01	9.000000e-01	2.610013e-01	3.630067e-04	3.630067e-04
9.000000e-01	1.000000e+00	2.261642e-01	3.379133e-04	3.379133e-04
1.000000e+00	1.100000e+00	1.940096e-01	3.129716e-04	3.129716e-04
1.100000e+00	1.200000e+00	1.649609e-01	2.885917e-04	2.885917e-04
1.200000e+00	1.300000e+00	1.396978e-01	2.655755e-04	2.655755e-04
1.300000e+00	1.400000e+00	1.177664e-01	2.438395e-04	2.438395e-04
1.400000e+00	1.500000e+00	9.862291e-02	2.231425e-04	2.231425e-04
1.500000e+00	1.600000e+00	8.200232e-02	2.034728e-04	2.034728e-04
1.600000e+00	1.700000e+00	6.842716e-02	1.858693e-04	1.858693e-04
1.700000e+00	1.800000e+00	5.668167e-02	1.691666e-04	1.691666e-04
1.800000e+00	1.900000e+00	4.663914e-02	1.534506e-04	1.534506e-04
1.900000e+00	2.000000e+00	3.864590e-02	1.396835e-04	1.396835e-04
2.000000e+00	2.100000e+00	3.191588e-02	1.269395e-04	1.269395e-04
2.100000e+00	2.200000e+00	2.638645e-02	1.154207e-04	1.154207e-04
2.200000e+00	2.300000e+00	2.153811e-02	1.042790e-04	1.042790e-04
2.300000e+00	2.400000e+00	1.762580e-02	9.433390e-05	9.433390e-05
2.400000e+00	2.500000e+00	1.464349e-02	8.598360e-05	8.598360e-05
2.500000e+00	2.600000e+00	1.187827e-02	7.744082e-05	7.744082e-05
2.600000e+00	2.700000e+00	9.827960e-03	7.044092e-05	7.044092e-05
2.700000e+00	2.800000e+00	8.057352e-03	6.378073e-05	6.378073e-05
2.800000e+00	2.900000e+00	6.610876e-03	5.777272e-05	5.777272e-05
2.900000e+00	3.000000e+00	5.299707e-03	5.172724e-05	5.172724e-05
3.000000e+00	3.100000e+00	4.469687e-03	4.750419e-05	4.750419e-05
3.100000e+00	3.200000e+00	3.598267e-03	4.262261e-05	4.262261e-05
3.200000e+00	3.300000e+00	2.928799e-03	3.845370e-05	3.845370e-05
3.300000e+00	3.400000e+00	2.485516e-03	3.542433e-05	3.542433e-05
3.400000e+00	3.500000e+00	2.068991e-03	3.232010e-05	3.232010e-05
3.500000e+00	3.600000e+00	1.630757e-03	2.869379e-05	2.869379e-05
3.600000e+00	3.700000e+00	1.359132e-03	2.619535e-05	2.619535e-05
3.700000e+00	3.800000e+00	1.174347e-03	2.434958e-05	2.434958e-05
3.800000e+00	3.900000e+00	8.623320e-04	2.086559e-05	2.086559e-05
3.900000e+00	4.000000e+00	7.416661e-04	1.935074e-05	1.935074e-05
4.000000e+00	4.100000e+00	5.856588e-04	1.719553e-05	1.719553e-05
4.100000e+00	4.200000e+00	5.013441e-04	1.590967e-05	1.590967e-05
4.200000e+00	4.300000e+00	3.877465e-04	1.399160e-05	1.399160e-05
4.300000e+00	4.400000e+00	3.231221e-04	1.277252e-05	1.277252e-05
4.400000e+00	4.500000e+00	2.908099e-04	1.211708e-05	1.211708e-05
4.500000e+00	4.600000e+00	2.201269e-04	1.054217e-05	1.054217e-05
4.600000e+00	4.700000e+00	1.994269e-04	1.003426e-05	1.003426e-05
4.700000e+00	4.800000e+00	1.509586e-04	8.730161e-06	8.730161e-06
4.800000e+00	4.900000e+00	1.120830e-04	7.522516e-06	7.522516e-06
4.900000e+00	5.000000e+00	9.441223e-05	6.904106e-06	6.904106e-06
# END HISTO1D

