# BEGIN PLOT
Legend=1
LogY=1
DrawOnly=//mt/home/mbridge/Work/my_higgsstrahlungHcc/Analysis.yoda/MyAnalysis/Mult
LegendOnly=//mt/home/mbridge/Work/my_higgsstrahlungHcc/Analysis.yoda/MyAnalysis/Mult
# END PLOT

# BEGIN HISTO1D //mt/home/mbridge/Work/my_higgsstrahlungHcc/Analysis.yoda/MyAnalysis/Mult
LineColor=red
LineStyle=solid
Path=//mt/home/mbridge/Work/my_higgsstrahlungHcc/Analysis.yoda/MyAnalysis/Mult
ScaledBy=3.72717131307522724e-03
Title=Analysis
# xlow	 xhigh	 val	 errminus	 errplus
0.000000e+00	1.000000e+00	0.000000e+00	0.000000e+00	0.000000e+00
1.000000e+00	2.000000e+00	0.000000e+00	0.000000e+00	0.000000e+00
2.000000e+00	3.000000e+00	0.000000e+00	0.000000e+00	0.000000e+00
3.000000e+00	4.000000e+00	0.000000e+00	0.000000e+00	0.000000e+00
4.000000e+00	5.000000e+00	0.000000e+00	0.000000e+00	0.000000e+00
5.000000e+00	6.000000e+00	0.000000e+00	0.000000e+00	0.000000e+00
6.000000e+00	7.000000e+00	0.000000e+00	0.000000e+00	0.000000e+00
7.000000e+00	8.000000e+00	0.000000e+00	0.000000e+00	0.000000e+00
8.000000e+00	9.000000e+00	0.000000e+00	0.000000e+00	0.000000e+00
9.000000e+00	1.000000e+01	0.000000e+00	0.000000e+00	0.000000e+00
1.000000e+01	1.100000e+01	0.000000e+00	0.000000e+00	0.000000e+00
1.100000e+01	1.200000e+01	0.000000e+00	0.000000e+00	0.000000e+00
1.200000e+01	1.300000e+01	3.434459e-06	1.982886e-06	1.982886e-06
1.300000e+01	1.400000e+01	1.259302e-05	3.796937e-06	3.796937e-06
1.400000e+01	1.500000e+01	2.747567e-05	5.608448e-06	5.608448e-06
1.500000e+01	1.600000e+01	7.097882e-05	9.014319e-06	9.014319e-06
1.600000e+01	1.700000e+01	1.637092e-04	1.369005e-05	1.369005e-05
1.700000e+01	1.800000e+01	2.610189e-04	1.728640e-05	1.728640e-05
1.800000e+01	1.900000e+01	4.934173e-04	2.376707e-05	2.376707e-05
1.900000e+01	2.000000e+01	8.048082e-04	3.035392e-05	3.035392e-05
2.000000e+01	2.100000e+01	1.204350e-03	3.713171e-05	3.713171e-05
2.100000e+01	2.200000e+01	1.789353e-03	4.526021e-05	4.526021e-05
2.200000e+01	2.300000e+01	2.620492e-03	5.477217e-05	5.477217e-05
2.300000e+01	2.400000e+01	3.389811e-03	6.229545e-05	6.229545e-05
2.400000e+01	2.500000e+01	4.546079e-03	7.214181e-05	7.214181e-05
2.500000e+01	2.600000e+01	5.759588e-03	8.120154e-05	8.120154e-05
2.600000e+01	2.700000e+01	7.401259e-03	9.204948e-05	9.204948e-05
2.700000e+01	2.800000e+01	9.040641e-03	1.017345e-04	1.017345e-04
2.800000e+01	2.900000e+01	1.079107e-02	1.111478e-04	1.111478e-04
2.900000e+01	3.000000e+01	1.260790e-02	1.201406e-04	1.201406e-04
3.000000e+01	3.100000e+01	1.495478e-02	1.308454e-04	1.308454e-04
3.100000e+01	3.200000e+01	1.684259e-02	1.388587e-04	1.388587e-04
3.200000e+01	3.300000e+01	1.861820e-02	1.459948e-04	1.459948e-04
3.300000e+01	3.400000e+01	2.089754e-02	1.546736e-04	1.546736e-04
3.400000e+01	3.500000e+01	2.273383e-02	1.613262e-04	1.613262e-04
3.500000e+01	3.600000e+01	2.431483e-02	1.668415e-04	1.668415e-04
3.600000e+01	3.700000e+01	2.595421e-02	1.723743e-04	1.723743e-04
3.700000e+01	3.800000e+01	2.734974e-02	1.769478e-04	1.769478e-04
3.800000e+01	3.900000e+01	2.886548e-02	1.817850e-04	1.817850e-04
3.900000e+01	4.000000e+01	2.950773e-02	1.837962e-04	1.837962e-04
4.000000e+01	4.100000e+01	3.018203e-02	1.858843e-04	1.858843e-04
4.100000e+01	4.200000e+01	3.037550e-02	1.864791e-04	1.864791e-04
4.200000e+01	4.300000e+01	3.086548e-02	1.879772e-04	1.879772e-04
4.300000e+01	4.400000e+01	3.073154e-02	1.875688e-04	1.875688e-04
4.400000e+01	4.500000e+01	3.045449e-02	1.867215e-04	1.867215e-04
4.500000e+01	4.600000e+01	3.036749e-02	1.864546e-04	1.864546e-04
4.600000e+01	4.700000e+01	2.978019e-02	1.846428e-04	1.846428e-04
4.700000e+01	4.800000e+01	2.895249e-02	1.820587e-04	1.820587e-04
4.800000e+01	4.900000e+01	2.857813e-02	1.808779e-04	1.808779e-04
4.900000e+01	5.000000e+01	2.763595e-02	1.778712e-04	1.778712e-04
5.000000e+01	5.100000e+01	2.644076e-02	1.739825e-04	1.739825e-04
5.100000e+01	5.200000e+01	2.548369e-02	1.708047e-04	1.708047e-04
5.200000e+01	5.300000e+01	2.444305e-02	1.672808e-04	1.672808e-04
5.300000e+01	5.400000e+01	2.318718e-02	1.629268e-04	1.629268e-04
5.400000e+01	5.500000e+01	2.246594e-02	1.603728e-04	1.603728e-04
5.500000e+01	5.600000e+01	2.130967e-02	1.561913e-04	1.561913e-04
5.600000e+01	5.700000e+01	2.014654e-02	1.518689e-04	1.518689e-04
5.700000e+01	5.800000e+01	1.880137e-02	1.467112e-04	1.467112e-04
5.800000e+01	5.900000e+01	1.778592e-02	1.426943e-04	1.426943e-04
5.900000e+01	6.000000e+01	1.676588e-02	1.385421e-04	1.385421e-04
6.000000e+01	6.100000e+01	1.585575e-02	1.347293e-04	1.347293e-04
6.100000e+01	6.200000e+01	1.450944e-02	1.288825e-04	1.288825e-04
6.200000e+01	6.300000e+01	1.361191e-02	1.248326e-04	1.248326e-04
6.300000e+01	6.400000e+01	1.280824e-02	1.210914e-04	1.210914e-04
6.400000e+01	6.500000e+01	1.189697e-02	1.167042e-04	1.167042e-04
6.500000e+01	6.600000e+01	1.111276e-02	1.127923e-04	1.127923e-04
6.600000e+01	6.700000e+01	1.023125e-02	1.082263e-04	1.082263e-04
6.700000e+01	6.800000e+01	9.526045e-03	1.044299e-04	1.044299e-04
6.800000e+01	6.900000e+01	8.560962e-03	9.899877e-05	9.899877e-05
6.900000e+01	7.000000e+01	8.185461e-03	9.680329e-05	9.680329e-05
7.000000e+01	7.100000e+01	7.376073e-03	9.189273e-05	9.189273e-05
7.100000e+01	7.200000e+01	6.841442e-03	8.849982e-05	8.849982e-05
7.200000e+01	7.300000e+01	6.074413e-03	8.339129e-05	8.339129e-05
7.300000e+01	7.400000e+01	5.663423e-03	8.052079e-05	8.052079e-05
7.400000e+01	7.500000e+01	5.147109e-03	7.676270e-05	7.676270e-05
7.500000e+01	7.600000e+01	4.939897e-03	7.520167e-05	7.520167e-05
7.600000e+01	7.700000e+01	4.334287e-03	7.044131e-05	7.044131e-05
7.700000e+01	7.800000e+01	3.931311e-03	6.708682e-05	6.708682e-05
7.800000e+01	7.900000e+01	3.539782e-03	6.365857e-05	6.365857e-05
7.900000e+01	8.000000e+01	3.247853e-03	6.097710e-05	6.097710e-05
8.000000e+01	8.100000e+01	2.788781e-03	5.650355e-05	5.650355e-05
8.100000e+01	8.200000e+01	2.572410e-03	5.426735e-05	5.426735e-05
8.200000e+01	8.300000e+01	2.386949e-03	5.227453e-05	5.227453e-05
8.300000e+01	8.400000e+01	2.144247e-03	4.954571e-05	4.954571e-05
8.400000e+01	8.500000e+01	1.948483e-03	4.722988e-05	4.722988e-05
8.500000e+01	8.600000e+01	1.708071e-03	4.422028e-05	4.422028e-05
8.600000e+01	8.700000e+01	1.563824e-03	4.231189e-05	4.231189e-05
8.700000e+01	8.800000e+01	1.378363e-03	3.972376e-05	3.972376e-05
8.800000e+01	8.900000e+01	1.235260e-03	3.760519e-05	3.760519e-05
8.900000e+01	9.000000e+01	1.082999e-03	3.521135e-05	3.521135e-05
9.000000e+01	9.100000e+01	1.017745e-03	3.413406e-05	3.413406e-05
9.100000e+01	9.200000e+01	8.368632e-04	3.095250e-05	3.095250e-05
9.200000e+01	9.300000e+01	7.452776e-04	2.920973e-05	2.920973e-05
9.300000e+01	9.400000e+01	6.868918e-04	2.804224e-05	2.804224e-05
9.400000e+01	9.500000e+01	6.056096e-04	2.633085e-05	2.633085e-05
9.500000e+01	9.600000e+01	5.323412e-04	2.468673e-05	2.468673e-05
9.600000e+01	9.700000e+01	4.842587e-04	2.354546e-05	2.354546e-05
9.700000e+01	9.800000e+01	4.041214e-04	2.150921e-05	2.150921e-05
9.800000e+01	9.900000e+01	3.709216e-04	2.060675e-05	2.060675e-05
9.900000e+01	1.000000e+02	2.999428e-04	1.853053e-05	1.853053e-05
# END HISTO1D

