# BEGIN PLOT
Legend=1
LogY=1
DrawOnly=//mt/home/mbridge/Work/my_higgsstrahlungHcc/Analysis.yoda/MyAnalysis/Z_mass
LegendOnly=//mt/home/mbridge/Work/my_higgsstrahlungHcc/Analysis.yoda/MyAnalysis/Z_mass
# END PLOT

# BEGIN HISTO1D //mt/home/mbridge/Work/my_higgsstrahlungHcc/Analysis.yoda/MyAnalysis/Z_mass
LineColor=red
LineStyle=solid
Path=//mt/home/mbridge/Work/my_higgsstrahlungHcc/Analysis.yoda/MyAnalysis/Z_mass
ScaledBy=3.72717131307522724e-03
Title=Analysis
# xlow	 xhigh	 val	 errminus	 errplus
7.100000e+01	7.140000e+01	0.000000e+00	0.000000e+00	0.000000e+00
7.140000e+01	7.180000e+01	0.000000e+00	0.000000e+00	0.000000e+00
7.180000e+01	7.220000e+01	0.000000e+00	0.000000e+00	0.000000e+00
7.220000e+01	7.260000e+01	0.000000e+00	0.000000e+00	0.000000e+00
7.260000e+01	7.300000e+01	0.000000e+00	0.000000e+00	0.000000e+00
7.300000e+01	7.340000e+01	0.000000e+00	0.000000e+00	0.000000e+00
7.340000e+01	7.380000e+01	0.000000e+00	0.000000e+00	0.000000e+00
7.380000e+01	7.420000e+01	0.000000e+00	0.000000e+00	0.000000e+00
7.420000e+01	7.460000e+01	0.000000e+00	0.000000e+00	0.000000e+00
7.460000e+01	7.500000e+01	0.000000e+00	0.000000e+00	0.000000e+00
7.500000e+01	7.540000e+01	0.000000e+00	0.000000e+00	0.000000e+00
7.540000e+01	7.580000e+01	0.000000e+00	0.000000e+00	0.000000e+00
7.580000e+01	7.620000e+01	0.000000e+00	0.000000e+00	0.000000e+00
7.620000e+01	7.660000e+01	0.000000e+00	0.000000e+00	0.000000e+00
7.660000e+01	7.700000e+01	0.000000e+00	0.000000e+00	0.000000e+00
7.700000e+01	7.740000e+01	0.000000e+00	0.000000e+00	0.000000e+00
7.740000e+01	7.780000e+01	0.000000e+00	0.000000e+00	0.000000e+00
7.780000e+01	7.820000e+01	0.000000e+00	0.000000e+00	0.000000e+00
7.820000e+01	7.860000e+01	0.000000e+00	0.000000e+00	0.000000e+00
7.860000e+01	7.900000e+01	0.000000e+00	0.000000e+00	0.000000e+00
7.900000e+01	7.940000e+01	0.000000e+00	0.000000e+00	0.000000e+00
7.940000e+01	7.980000e+01	0.000000e+00	0.000000e+00	0.000000e+00
7.980000e+01	8.020000e+01	0.000000e+00	0.000000e+00	0.000000e+00
8.020000e+01	8.060000e+01	0.000000e+00	0.000000e+00	0.000000e+00
8.060000e+01	8.100000e+01	0.000000e+00	0.000000e+00	0.000000e+00
8.100000e+01	8.140000e+01	0.000000e+00	0.000000e+00	0.000000e+00
8.140000e+01	8.180000e+01	0.000000e+00	0.000000e+00	0.000000e+00
8.180000e+01	8.220000e+01	0.000000e+00	0.000000e+00	0.000000e+00
8.220000e+01	8.260000e+01	0.000000e+00	0.000000e+00	0.000000e+00
8.260000e+01	8.300000e+01	0.000000e+00	0.000000e+00	0.000000e+00
8.300000e+01	8.340000e+01	0.000000e+00	0.000000e+00	0.000000e+00
8.340000e+01	8.380000e+01	0.000000e+00	0.000000e+00	0.000000e+00
8.380000e+01	8.420000e+01	0.000000e+00	0.000000e+00	0.000000e+00
8.420000e+01	8.460000e+01	0.000000e+00	0.000000e+00	0.000000e+00
8.460000e+01	8.500000e+01	0.000000e+00	0.000000e+00	0.000000e+00
8.500000e+01	8.540000e+01	0.000000e+00	0.000000e+00	0.000000e+00
8.540000e+01	8.580000e+01	0.000000e+00	0.000000e+00	0.000000e+00
8.580000e+01	8.620000e+01	0.000000e+00	0.000000e+00	0.000000e+00
8.620000e+01	8.660000e+01	1.938180e-02	2.355242e-04	2.355242e-04
8.660000e+01	8.700000e+01	2.266170e-02	2.546742e-04	2.546742e-04
8.700000e+01	8.740000e+01	2.756152e-02	2.808602e-04	2.808602e-04
8.740000e+01	8.780000e+01	3.275043e-02	3.061590e-04	3.061590e-04
8.780000e+01	8.820000e+01	4.036347e-02	3.398856e-04	3.398856e-04
8.820000e+01	8.860000e+01	5.052948e-02	3.802866e-04	3.802866e-04
8.860000e+01	8.900000e+01	6.527475e-02	4.322263e-04	4.322263e-04
8.900000e+01	8.940000e+01	8.618490e-02	4.966542e-04	4.966542e-04
8.940000e+01	8.980000e+01	1.165913e-01	5.776591e-04	5.776591e-04
8.980000e+01	9.020000e+01	1.579794e-01	6.724171e-04	6.724171e-04
9.020000e+01	9.060000e+01	2.162135e-01	7.866471e-04	7.866471e-04
9.060000e+01	9.100000e+01	2.731712e-01	8.842112e-04	8.842112e-04
9.100000e+01	9.140000e+01	3.016085e-01	9.290953e-04	9.290953e-04
9.140000e+01	9.180000e+01	2.715340e-01	8.815576e-04	8.815576e-04
9.180000e+01	9.220000e+01	2.130738e-01	7.809147e-04	7.809147e-04
9.220000e+01	9.260000e+01	1.564482e-01	6.691505e-04	6.691505e-04
9.260000e+01	9.300000e+01	1.135375e-01	5.700437e-04	5.700437e-04
9.300000e+01	9.340000e+01	8.385232e-02	4.898872e-04	4.898872e-04
9.340000e+01	9.380000e+01	6.364053e-02	4.267813e-04	4.267813e-04
9.380000e+01	9.420000e+01	4.926732e-02	3.755070e-04	3.755070e-04
9.420000e+01	9.460000e+01	3.947338e-02	3.361172e-04	3.361172e-04
9.460000e+01	9.500000e+01	3.186892e-02	3.020107e-04	3.020107e-04
9.500000e+01	9.540000e+01	2.632512e-02	2.744883e-04	2.744883e-04
9.540000e+01	9.580000e+01	2.224957e-02	2.523477e-04	2.523477e-04
9.580000e+01	9.620000e+01	1.845735e-02	2.298388e-04	2.298388e-04
9.620000e+01	9.660000e+01	0.000000e+00	0.000000e+00	0.000000e+00
9.660000e+01	9.700000e+01	0.000000e+00	0.000000e+00	0.000000e+00
9.700000e+01	9.740000e+01	0.000000e+00	0.000000e+00	0.000000e+00
9.740000e+01	9.780000e+01	0.000000e+00	0.000000e+00	0.000000e+00
9.780000e+01	9.820000e+01	0.000000e+00	0.000000e+00	0.000000e+00
9.820000e+01	9.860000e+01	0.000000e+00	0.000000e+00	0.000000e+00
9.860000e+01	9.900000e+01	0.000000e+00	0.000000e+00	0.000000e+00
9.900000e+01	9.940000e+01	0.000000e+00	0.000000e+00	0.000000e+00
9.940000e+01	9.980000e+01	0.000000e+00	0.000000e+00	0.000000e+00
9.980000e+01	1.002000e+02	0.000000e+00	0.000000e+00	0.000000e+00
1.002000e+02	1.006000e+02	0.000000e+00	0.000000e+00	0.000000e+00
1.006000e+02	1.010000e+02	0.000000e+00	0.000000e+00	0.000000e+00
1.010000e+02	1.014000e+02	0.000000e+00	0.000000e+00	0.000000e+00
1.014000e+02	1.018000e+02	0.000000e+00	0.000000e+00	0.000000e+00
1.018000e+02	1.022000e+02	0.000000e+00	0.000000e+00	0.000000e+00
1.022000e+02	1.026000e+02	0.000000e+00	0.000000e+00	0.000000e+00
1.026000e+02	1.030000e+02	0.000000e+00	0.000000e+00	0.000000e+00
1.030000e+02	1.034000e+02	0.000000e+00	0.000000e+00	0.000000e+00
1.034000e+02	1.038000e+02	0.000000e+00	0.000000e+00	0.000000e+00
1.038000e+02	1.042000e+02	0.000000e+00	0.000000e+00	0.000000e+00
1.042000e+02	1.046000e+02	0.000000e+00	0.000000e+00	0.000000e+00
1.046000e+02	1.050000e+02	0.000000e+00	0.000000e+00	0.000000e+00
1.050000e+02	1.054000e+02	0.000000e+00	0.000000e+00	0.000000e+00
1.054000e+02	1.058000e+02	0.000000e+00	0.000000e+00	0.000000e+00
1.058000e+02	1.062000e+02	0.000000e+00	0.000000e+00	0.000000e+00
1.062000e+02	1.066000e+02	0.000000e+00	0.000000e+00	0.000000e+00
1.066000e+02	1.070000e+02	0.000000e+00	0.000000e+00	0.000000e+00
1.070000e+02	1.074000e+02	0.000000e+00	0.000000e+00	0.000000e+00
1.074000e+02	1.078000e+02	0.000000e+00	0.000000e+00	0.000000e+00
1.078000e+02	1.082000e+02	0.000000e+00	0.000000e+00	0.000000e+00
1.082000e+02	1.086000e+02	0.000000e+00	0.000000e+00	0.000000e+00
1.086000e+02	1.090000e+02	0.000000e+00	0.000000e+00	0.000000e+00
1.090000e+02	1.094000e+02	0.000000e+00	0.000000e+00	0.000000e+00
1.094000e+02	1.098000e+02	0.000000e+00	0.000000e+00	0.000000e+00
1.098000e+02	1.102000e+02	0.000000e+00	0.000000e+00	0.000000e+00
1.102000e+02	1.106000e+02	0.000000e+00	0.000000e+00	0.000000e+00
1.106000e+02	1.110000e+02	0.000000e+00	0.000000e+00	0.000000e+00
# END HISTO1D

