# BEGIN PLOT
Legend=1
LogY=1
Title=Higgs boson $p_\perp$ (second hardest Higgs)
XLabel=$p_\perp^H$ [$\text{G\text{e\kern-0.15ex{}V}\xspace}\xspace$]
YLabel=$\mathrm{d}\sigma/\mathrm{d}p_\perp^H$ [pb/$\text{G\text{e\kern-0.15ex{}V}\xspace}\xspace$]
LogX=0
LegendXPos=0.15
LegendYPos=0.5
DrawOnly=//mt/home/mbridge/Work/e+e-120GeV/Analysis.yoda/MC_HHJETS/H_pT2
LegendOnly=//mt/home/mbridge/Work/e+e-120GeV/Analysis.yoda/MC_HHJETS/H_pT2
# END PLOT

# BEGIN HISTO1D //mt/home/mbridge/Work/e+e-120GeV/Analysis.yoda/MC_HHJETS/H_pT2
LineColor=red
LineStyle=solid
Path=//mt/home/mbridge/Work/e+e-120GeV/Analysis.yoda/MC_HHJETS/H_pT2
ScaledBy=3.19533152350607959e-09
Title=Analysis
# xlow	 xhigh	 val	 errminus	 errplus
0.000000e+00	1.000000e+01	0.000000e+00	0.000000e+00	0.000000e+00
1.000000e+01	2.000000e+01	0.000000e+00	0.000000e+00	0.000000e+00
2.000000e+01	3.000000e+01	0.000000e+00	0.000000e+00	0.000000e+00
3.000000e+01	4.000000e+01	0.000000e+00	0.000000e+00	0.000000e+00
4.000000e+01	5.000000e+01	0.000000e+00	0.000000e+00	0.000000e+00
5.000000e+01	6.000000e+01	0.000000e+00	0.000000e+00	0.000000e+00
6.000000e+01	7.000000e+01	0.000000e+00	0.000000e+00	0.000000e+00
7.000000e+01	8.000000e+01	0.000000e+00	0.000000e+00	0.000000e+00
8.000000e+01	9.000000e+01	0.000000e+00	0.000000e+00	0.000000e+00
9.000000e+01	1.000000e+02	0.000000e+00	0.000000e+00	0.000000e+00
1.000000e+02	1.100000e+02	0.000000e+00	0.000000e+00	0.000000e+00
1.100000e+02	1.200000e+02	0.000000e+00	0.000000e+00	0.000000e+00
1.200000e+02	1.300000e+02	0.000000e+00	0.000000e+00	0.000000e+00
1.300000e+02	1.400000e+02	0.000000e+00	0.000000e+00	0.000000e+00
1.400000e+02	1.500000e+02	0.000000e+00	0.000000e+00	0.000000e+00
1.500000e+02	1.600000e+02	0.000000e+00	0.000000e+00	0.000000e+00
1.600000e+02	1.700000e+02	0.000000e+00	0.000000e+00	0.000000e+00
1.700000e+02	1.800000e+02	0.000000e+00	0.000000e+00	0.000000e+00
1.800000e+02	1.900000e+02	0.000000e+00	0.000000e+00	0.000000e+00
1.900000e+02	2.000000e+02	0.000000e+00	0.000000e+00	0.000000e+00
2.000000e+02	2.100000e+02	0.000000e+00	0.000000e+00	0.000000e+00
2.100000e+02	2.200000e+02	0.000000e+00	0.000000e+00	0.000000e+00
2.200000e+02	2.300000e+02	0.000000e+00	0.000000e+00	0.000000e+00
2.300000e+02	2.400000e+02	0.000000e+00	0.000000e+00	0.000000e+00
2.400000e+02	2.500000e+02	0.000000e+00	0.000000e+00	0.000000e+00
2.500000e+02	2.600000e+02	0.000000e+00	0.000000e+00	0.000000e+00
2.600000e+02	2.700000e+02	0.000000e+00	0.000000e+00	0.000000e+00
2.700000e+02	2.800000e+02	0.000000e+00	0.000000e+00	0.000000e+00
2.800000e+02	2.900000e+02	0.000000e+00	0.000000e+00	0.000000e+00
2.900000e+02	3.000000e+02	0.000000e+00	0.000000e+00	0.000000e+00
3.000000e+02	3.100000e+02	0.000000e+00	0.000000e+00	0.000000e+00
3.100000e+02	3.200000e+02	0.000000e+00	0.000000e+00	0.000000e+00
3.200000e+02	3.300000e+02	0.000000e+00	0.000000e+00	0.000000e+00
3.300000e+02	3.400000e+02	0.000000e+00	0.000000e+00	0.000000e+00
3.400000e+02	3.500000e+02	0.000000e+00	0.000000e+00	0.000000e+00
3.500000e+02	3.600000e+02	0.000000e+00	0.000000e+00	0.000000e+00
3.600000e+02	3.700000e+02	0.000000e+00	0.000000e+00	0.000000e+00
3.700000e+02	3.800000e+02	0.000000e+00	0.000000e+00	0.000000e+00
3.800000e+02	3.900000e+02	0.000000e+00	0.000000e+00	0.000000e+00
3.900000e+02	4.000000e+02	0.000000e+00	0.000000e+00	0.000000e+00
4.000000e+02	4.100000e+02	0.000000e+00	0.000000e+00	0.000000e+00
4.100000e+02	4.200000e+02	0.000000e+00	0.000000e+00	0.000000e+00
4.200000e+02	4.300000e+02	0.000000e+00	0.000000e+00	0.000000e+00
4.300000e+02	4.400000e+02	0.000000e+00	0.000000e+00	0.000000e+00
4.400000e+02	4.500000e+02	0.000000e+00	0.000000e+00	0.000000e+00
4.500000e+02	4.600000e+02	0.000000e+00	0.000000e+00	0.000000e+00
4.600000e+02	4.700000e+02	0.000000e+00	0.000000e+00	0.000000e+00
4.700000e+02	4.800000e+02	0.000000e+00	0.000000e+00	0.000000e+00
4.800000e+02	4.900000e+02	0.000000e+00	0.000000e+00	0.000000e+00
4.900000e+02	5.000000e+02	0.000000e+00	0.000000e+00	0.000000e+00
5.000000e+02	5.100000e+02	0.000000e+00	0.000000e+00	0.000000e+00
5.100000e+02	5.200000e+02	0.000000e+00	0.000000e+00	0.000000e+00
5.200000e+02	5.300000e+02	0.000000e+00	0.000000e+00	0.000000e+00
5.300000e+02	5.400000e+02	0.000000e+00	0.000000e+00	0.000000e+00
5.400000e+02	5.500000e+02	0.000000e+00	0.000000e+00	0.000000e+00
5.500000e+02	5.600000e+02	0.000000e+00	0.000000e+00	0.000000e+00
5.600000e+02	5.700000e+02	0.000000e+00	0.000000e+00	0.000000e+00
5.700000e+02	5.800000e+02	0.000000e+00	0.000000e+00	0.000000e+00
5.800000e+02	5.900000e+02	0.000000e+00	0.000000e+00	0.000000e+00
5.900000e+02	6.000000e+02	0.000000e+00	0.000000e+00	0.000000e+00
6.000000e+02	6.100000e+02	0.000000e+00	0.000000e+00	0.000000e+00
6.100000e+02	6.200000e+02	0.000000e+00	0.000000e+00	0.000000e+00
6.200000e+02	6.300000e+02	0.000000e+00	0.000000e+00	0.000000e+00
6.300000e+02	6.400000e+02	0.000000e+00	0.000000e+00	0.000000e+00
6.400000e+02	6.500000e+02	0.000000e+00	0.000000e+00	0.000000e+00
6.500000e+02	6.600000e+02	0.000000e+00	0.000000e+00	0.000000e+00
6.600000e+02	6.700000e+02	0.000000e+00	0.000000e+00	0.000000e+00
6.700000e+02	6.800000e+02	0.000000e+00	0.000000e+00	0.000000e+00
6.800000e+02	6.900000e+02	0.000000e+00	0.000000e+00	0.000000e+00
6.900000e+02	7.000000e+02	0.000000e+00	0.000000e+00	0.000000e+00
7.000000e+02	7.100000e+02	0.000000e+00	0.000000e+00	0.000000e+00
7.100000e+02	7.200000e+02	0.000000e+00	0.000000e+00	0.000000e+00
7.200000e+02	7.300000e+02	0.000000e+00	0.000000e+00	0.000000e+00
7.300000e+02	7.400000e+02	0.000000e+00	0.000000e+00	0.000000e+00
7.400000e+02	7.500000e+02	0.000000e+00	0.000000e+00	0.000000e+00
7.500000e+02	7.600000e+02	0.000000e+00	0.000000e+00	0.000000e+00
7.600000e+02	7.700000e+02	0.000000e+00	0.000000e+00	0.000000e+00
7.700000e+02	7.800000e+02	0.000000e+00	0.000000e+00	0.000000e+00
7.800000e+02	7.900000e+02	0.000000e+00	0.000000e+00	0.000000e+00
7.900000e+02	8.000000e+02	0.000000e+00	0.000000e+00	0.000000e+00
8.000000e+02	8.100000e+02	0.000000e+00	0.000000e+00	0.000000e+00
8.100000e+02	8.200000e+02	0.000000e+00	0.000000e+00	0.000000e+00
8.200000e+02	8.300000e+02	0.000000e+00	0.000000e+00	0.000000e+00
8.300000e+02	8.400000e+02	0.000000e+00	0.000000e+00	0.000000e+00
8.400000e+02	8.500000e+02	0.000000e+00	0.000000e+00	0.000000e+00
8.500000e+02	8.600000e+02	0.000000e+00	0.000000e+00	0.000000e+00
8.600000e+02	8.700000e+02	0.000000e+00	0.000000e+00	0.000000e+00
8.700000e+02	8.800000e+02	0.000000e+00	0.000000e+00	0.000000e+00
8.800000e+02	8.900000e+02	0.000000e+00	0.000000e+00	0.000000e+00
8.900000e+02	9.000000e+02	0.000000e+00	0.000000e+00	0.000000e+00
9.000000e+02	9.100000e+02	0.000000e+00	0.000000e+00	0.000000e+00
9.100000e+02	9.200000e+02	0.000000e+00	0.000000e+00	0.000000e+00
9.200000e+02	9.300000e+02	0.000000e+00	0.000000e+00	0.000000e+00
9.300000e+02	9.400000e+02	0.000000e+00	0.000000e+00	0.000000e+00
9.400000e+02	9.500000e+02	0.000000e+00	0.000000e+00	0.000000e+00
9.500000e+02	9.600000e+02	0.000000e+00	0.000000e+00	0.000000e+00
9.600000e+02	9.700000e+02	0.000000e+00	0.000000e+00	0.000000e+00
9.700000e+02	9.800000e+02	0.000000e+00	0.000000e+00	0.000000e+00
9.800000e+02	9.900000e+02	0.000000e+00	0.000000e+00	0.000000e+00
9.900000e+02	1.000000e+03	0.000000e+00	0.000000e+00	0.000000e+00
1.000000e+03	1.010000e+03	0.000000e+00	0.000000e+00	0.000000e+00
1.010000e+03	1.020000e+03	0.000000e+00	0.000000e+00	0.000000e+00
1.020000e+03	1.030000e+03	0.000000e+00	0.000000e+00	0.000000e+00
1.030000e+03	1.040000e+03	0.000000e+00	0.000000e+00	0.000000e+00
1.040000e+03	1.050000e+03	0.000000e+00	0.000000e+00	0.000000e+00
1.050000e+03	1.060000e+03	0.000000e+00	0.000000e+00	0.000000e+00
1.060000e+03	1.070000e+03	0.000000e+00	0.000000e+00	0.000000e+00
1.070000e+03	1.080000e+03	0.000000e+00	0.000000e+00	0.000000e+00
1.080000e+03	1.090000e+03	0.000000e+00	0.000000e+00	0.000000e+00
1.090000e+03	1.100000e+03	0.000000e+00	0.000000e+00	0.000000e+00
1.100000e+03	1.110000e+03	0.000000e+00	0.000000e+00	0.000000e+00
1.110000e+03	1.120000e+03	0.000000e+00	0.000000e+00	0.000000e+00
1.120000e+03	1.130000e+03	0.000000e+00	0.000000e+00	0.000000e+00
1.130000e+03	1.140000e+03	0.000000e+00	0.000000e+00	0.000000e+00
1.140000e+03	1.150000e+03	0.000000e+00	0.000000e+00	0.000000e+00
1.150000e+03	1.160000e+03	0.000000e+00	0.000000e+00	0.000000e+00
1.160000e+03	1.170000e+03	0.000000e+00	0.000000e+00	0.000000e+00
1.170000e+03	1.180000e+03	0.000000e+00	0.000000e+00	0.000000e+00
1.180000e+03	1.190000e+03	0.000000e+00	0.000000e+00	0.000000e+00
1.190000e+03	1.200000e+03	0.000000e+00	0.000000e+00	0.000000e+00
1.200000e+03	1.210000e+03	0.000000e+00	0.000000e+00	0.000000e+00
1.210000e+03	1.220000e+03	0.000000e+00	0.000000e+00	0.000000e+00
1.220000e+03	1.230000e+03	0.000000e+00	0.000000e+00	0.000000e+00
1.230000e+03	1.240000e+03	0.000000e+00	0.000000e+00	0.000000e+00
1.240000e+03	1.250000e+03	0.000000e+00	0.000000e+00	0.000000e+00
1.250000e+03	1.260000e+03	0.000000e+00	0.000000e+00	0.000000e+00
1.260000e+03	1.270000e+03	0.000000e+00	0.000000e+00	0.000000e+00
1.270000e+03	1.280000e+03	0.000000e+00	0.000000e+00	0.000000e+00
1.280000e+03	1.290000e+03	0.000000e+00	0.000000e+00	0.000000e+00
1.290000e+03	1.300000e+03	0.000000e+00	0.000000e+00	0.000000e+00
1.300000e+03	1.310000e+03	0.000000e+00	0.000000e+00	0.000000e+00
1.310000e+03	1.320000e+03	0.000000e+00	0.000000e+00	0.000000e+00
1.320000e+03	1.330000e+03	0.000000e+00	0.000000e+00	0.000000e+00
1.330000e+03	1.340000e+03	0.000000e+00	0.000000e+00	0.000000e+00
1.340000e+03	1.350000e+03	0.000000e+00	0.000000e+00	0.000000e+00
1.350000e+03	1.360000e+03	0.000000e+00	0.000000e+00	0.000000e+00
1.360000e+03	1.370000e+03	0.000000e+00	0.000000e+00	0.000000e+00
1.370000e+03	1.380000e+03	0.000000e+00	0.000000e+00	0.000000e+00
1.380000e+03	1.390000e+03	0.000000e+00	0.000000e+00	0.000000e+00
1.390000e+03	1.400000e+03	0.000000e+00	0.000000e+00	0.000000e+00
1.400000e+03	1.410000e+03	0.000000e+00	0.000000e+00	0.000000e+00
1.410000e+03	1.420000e+03	0.000000e+00	0.000000e+00	0.000000e+00
1.420000e+03	1.430000e+03	0.000000e+00	0.000000e+00	0.000000e+00
1.430000e+03	1.440000e+03	0.000000e+00	0.000000e+00	0.000000e+00
1.440000e+03	1.450000e+03	0.000000e+00	0.000000e+00	0.000000e+00
1.450000e+03	1.460000e+03	0.000000e+00	0.000000e+00	0.000000e+00
1.460000e+03	1.470000e+03	0.000000e+00	0.000000e+00	0.000000e+00
1.470000e+03	1.480000e+03	0.000000e+00	0.000000e+00	0.000000e+00
1.480000e+03	1.490000e+03	0.000000e+00	0.000000e+00	0.000000e+00
1.490000e+03	1.500000e+03	0.000000e+00	0.000000e+00	0.000000e+00
1.500000e+03	1.510000e+03	0.000000e+00	0.000000e+00	0.000000e+00
1.510000e+03	1.520000e+03	0.000000e+00	0.000000e+00	0.000000e+00
1.520000e+03	1.530000e+03	0.000000e+00	0.000000e+00	0.000000e+00
1.530000e+03	1.540000e+03	0.000000e+00	0.000000e+00	0.000000e+00
1.540000e+03	1.550000e+03	0.000000e+00	0.000000e+00	0.000000e+00
1.550000e+03	1.560000e+03	0.000000e+00	0.000000e+00	0.000000e+00
1.560000e+03	1.570000e+03	0.000000e+00	0.000000e+00	0.000000e+00
1.570000e+03	1.580000e+03	0.000000e+00	0.000000e+00	0.000000e+00
1.580000e+03	1.590000e+03	0.000000e+00	0.000000e+00	0.000000e+00
1.590000e+03	1.600000e+03	0.000000e+00	0.000000e+00	0.000000e+00
1.600000e+03	1.610000e+03	0.000000e+00	0.000000e+00	0.000000e+00
1.610000e+03	1.620000e+03	0.000000e+00	0.000000e+00	0.000000e+00
1.620000e+03	1.630000e+03	0.000000e+00	0.000000e+00	0.000000e+00
1.630000e+03	1.640000e+03	0.000000e+00	0.000000e+00	0.000000e+00
1.640000e+03	1.650000e+03	0.000000e+00	0.000000e+00	0.000000e+00
1.650000e+03	1.660000e+03	0.000000e+00	0.000000e+00	0.000000e+00
1.660000e+03	1.670000e+03	0.000000e+00	0.000000e+00	0.000000e+00
1.670000e+03	1.680000e+03	0.000000e+00	0.000000e+00	0.000000e+00
1.680000e+03	1.690000e+03	0.000000e+00	0.000000e+00	0.000000e+00
1.690000e+03	1.700000e+03	0.000000e+00	0.000000e+00	0.000000e+00
1.700000e+03	1.710000e+03	0.000000e+00	0.000000e+00	0.000000e+00
1.710000e+03	1.720000e+03	0.000000e+00	0.000000e+00	0.000000e+00
1.720000e+03	1.730000e+03	0.000000e+00	0.000000e+00	0.000000e+00
1.730000e+03	1.740000e+03	0.000000e+00	0.000000e+00	0.000000e+00
1.740000e+03	1.750000e+03	0.000000e+00	0.000000e+00	0.000000e+00
1.750000e+03	1.760000e+03	0.000000e+00	0.000000e+00	0.000000e+00
1.760000e+03	1.770000e+03	0.000000e+00	0.000000e+00	0.000000e+00
1.770000e+03	1.780000e+03	0.000000e+00	0.000000e+00	0.000000e+00
1.780000e+03	1.790000e+03	0.000000e+00	0.000000e+00	0.000000e+00
1.790000e+03	1.800000e+03	0.000000e+00	0.000000e+00	0.000000e+00
1.800000e+03	1.810000e+03	0.000000e+00	0.000000e+00	0.000000e+00
1.810000e+03	1.820000e+03	0.000000e+00	0.000000e+00	0.000000e+00
1.820000e+03	1.830000e+03	0.000000e+00	0.000000e+00	0.000000e+00
1.830000e+03	1.840000e+03	0.000000e+00	0.000000e+00	0.000000e+00
1.840000e+03	1.850000e+03	0.000000e+00	0.000000e+00	0.000000e+00
1.850000e+03	1.860000e+03	0.000000e+00	0.000000e+00	0.000000e+00
1.860000e+03	1.870000e+03	0.000000e+00	0.000000e+00	0.000000e+00
1.870000e+03	1.880000e+03	0.000000e+00	0.000000e+00	0.000000e+00
1.880000e+03	1.890000e+03	0.000000e+00	0.000000e+00	0.000000e+00
1.890000e+03	1.900000e+03	0.000000e+00	0.000000e+00	0.000000e+00
1.900000e+03	1.910000e+03	0.000000e+00	0.000000e+00	0.000000e+00
1.910000e+03	1.920000e+03	0.000000e+00	0.000000e+00	0.000000e+00
1.920000e+03	1.930000e+03	0.000000e+00	0.000000e+00	0.000000e+00
1.930000e+03	1.940000e+03	0.000000e+00	0.000000e+00	0.000000e+00
1.940000e+03	1.950000e+03	0.000000e+00	0.000000e+00	0.000000e+00
1.950000e+03	1.960000e+03	0.000000e+00	0.000000e+00	0.000000e+00
1.960000e+03	1.970000e+03	0.000000e+00	0.000000e+00	0.000000e+00
1.970000e+03	1.980000e+03	0.000000e+00	0.000000e+00	0.000000e+00
1.980000e+03	1.990000e+03	0.000000e+00	0.000000e+00	0.000000e+00
1.990000e+03	2.000000e+03	0.000000e+00	0.000000e+00	0.000000e+00
# END HISTO1D

