# BEGIN PLOT
Legend=1
LogY=0
DrawOnly=//mt/home/mbridge/Work/MyHiggsstrahlungV2/MyHiggsstrahlungHcc/Analysis.yoda/MyFSAnalysis/ECh
LegendOnly=//mt/home/mbridge/Work/MyHiggsstrahlungV2/MyHiggsstrahlungHcc/Analysis.yoda/MyFSAnalysis/ECh
# END PLOT

# BEGIN HISTO1D //mt/home/mbridge/Work/MyHiggsstrahlungV2/MyHiggsstrahlungHcc/Analysis.yoda/MyFSAnalysis/ECh
LineColor=red
LineStyle=solid
Path=//mt/home/mbridge/Work/MyHiggsstrahlungV2/MyHiggsstrahlungHcc/Analysis.yoda/MyFSAnalysis/ECh
ScaledBy=3.28728813008777451e-03
Title=Analysis
# xlow	 xhigh	 val	 errminus	 errplus
0.000000e+00	1.500000e+00	3.013256e-01	4.503707e-04	4.503707e-04
1.500000e+00	3.000000e+00	1.314767e-01	2.974929e-04	2.974929e-04
3.000000e+00	4.500000e+00	6.830133e-02	2.144207e-04	2.144207e-04
4.500000e+00	6.000000e+00	4.192507e-02	1.679922e-04	1.679922e-04
6.000000e+00	7.500000e+00	2.860972e-02	1.387743e-04	1.387743e-04
7.500000e+00	9.000000e+00	2.070708e-02	1.180624e-04	1.180624e-04
9.000000e+00	1.050000e+01	1.564306e-02	1.026155e-04	1.026155e-04
1.050000e+01	1.200000e+01	1.181021e-02	8.916222e-05	8.916222e-05
1.200000e+01	1.350000e+01	9.436727e-03	7.970083e-05	7.970083e-05
1.350000e+01	1.500000e+01	7.373553e-03	7.045156e-05	7.045156e-05
1.500000e+01	1.650000e+01	5.840147e-03	6.269949e-05	6.269949e-05
1.650000e+01	1.800000e+01	4.718026e-03	5.635498e-05	5.635498e-05
1.800000e+01	1.950000e+01	3.678701e-03	4.976217e-05	4.976217e-05
1.950000e+01	2.100000e+01	3.002869e-03	4.495938e-05	4.495938e-05
2.100000e+01	2.250000e+01	2.454935e-03	4.065108e-05	4.065108e-05
2.250000e+01	2.400000e+01	1.975661e-03	3.646770e-05	3.646770e-05
2.400000e+01	2.550000e+01	1.561007e-03	3.241564e-05	3.241564e-05
2.550000e+01	2.700000e+01	1.268193e-03	2.921761e-05	2.921761e-05
2.700000e+01	2.850000e+01	1.066251e-03	2.679056e-05	2.679056e-05
2.850000e+01	3.000000e+01	8.185360e-04	2.347313e-05	2.347313e-05
3.000000e+01	3.150000e+01	7.155460e-04	2.194678e-05	2.194678e-05
3.150000e+01	3.300000e+01	6.118827e-04	2.029487e-05	2.029487e-05
3.300000e+01	3.450000e+01	4.617728e-04	1.763057e-05	1.763057e-05
3.450000e+01	3.600000e+01	3.715723e-04	1.581517e-05	1.581517e-05
3.600000e+01	3.750000e+01	2.874300e-04	1.390971e-05	1.390971e-05
3.750000e+01	3.900000e+01	2.450223e-04	1.284266e-05	1.284266e-05
3.900000e+01	4.050000e+01	1.904981e-04	1.132394e-05	1.132394e-05
4.050000e+01	4.200000e+01	1.649189e-04	1.053628e-05	1.053628e-05
4.200000e+01	4.350000e+01	1.218380e-04	9.056148e-06	9.056148e-06
4.350000e+01	4.500000e+01	9.895133e-05	8.161367e-06	8.161367e-06
4.500000e+01	4.650000e+01	8.616167e-05	7.615688e-06	7.615688e-06
4.650000e+01	4.800000e+01	6.866007e-05	6.798363e-06	6.798363e-06
4.800000e+01	4.950000e+01	6.664069e-05	6.697641e-06	6.697641e-06
4.950000e+01	5.100000e+01	5.048537e-05	5.829548e-06	5.829548e-06
5.100000e+01	5.250000e+01	3.096436e-05	4.565446e-06	4.565446e-06
5.250000e+01	5.400000e+01	2.086729e-05	3.747875e-06	3.747875e-06
5.400000e+01	5.550000e+01	2.827181e-05	4.362434e-06	4.362434e-06
5.550000e+01	5.700000e+01	1.682845e-05	3.365691e-06	3.365691e-06
5.700000e+01	5.850000e+01	1.009707e-05	2.607053e-06	2.607053e-06
5.850000e+01	6.000000e+01	6.731380e-06	2.128650e-06	2.128650e-06
6.000000e+01	6.150000e+01	4.038829e-06	1.648845e-06	1.648845e-06
6.150000e+01	6.300000e+01	4.038829e-06	1.648845e-06	1.648845e-06
6.300000e+01	6.450000e+01	3.365691e-06	1.505183e-06	1.505183e-06
6.450000e+01	6.600000e+01	1.346277e-06	9.519613e-07	9.519613e-07
6.600000e+01	6.750000e+01	1.346277e-06	9.519613e-07	9.519613e-07
6.750000e+01	6.900000e+01	2.692553e-06	1.346277e-06	1.346277e-06
6.900000e+01	7.050000e+01	1.346277e-06	9.519613e-07	9.519613e-07
7.050000e+01	7.200000e+01	0.000000e+00	0.000000e+00	0.000000e+00
7.200000e+01	7.350000e+01	0.000000e+00	0.000000e+00	0.000000e+00
7.350000e+01	7.500000e+01	0.000000e+00	0.000000e+00	0.000000e+00
7.500000e+01	7.650000e+01	0.000000e+00	0.000000e+00	0.000000e+00
7.650000e+01	7.800000e+01	0.000000e+00	0.000000e+00	0.000000e+00
7.800000e+01	7.950000e+01	0.000000e+00	0.000000e+00	0.000000e+00
7.950000e+01	8.100000e+01	0.000000e+00	0.000000e+00	0.000000e+00
8.100000e+01	8.250000e+01	0.000000e+00	0.000000e+00	0.000000e+00
8.250000e+01	8.400000e+01	0.000000e+00	0.000000e+00	0.000000e+00
8.400000e+01	8.550000e+01	0.000000e+00	0.000000e+00	0.000000e+00
8.550000e+01	8.700000e+01	0.000000e+00	0.000000e+00	0.000000e+00
8.700000e+01	8.850000e+01	0.000000e+00	0.000000e+00	0.000000e+00
8.850000e+01	9.000000e+01	0.000000e+00	0.000000e+00	0.000000e+00
9.000000e+01	9.150000e+01	0.000000e+00	0.000000e+00	0.000000e+00
9.150000e+01	9.300000e+01	0.000000e+00	0.000000e+00	0.000000e+00
9.300000e+01	9.450000e+01	0.000000e+00	0.000000e+00	0.000000e+00
9.450000e+01	9.600000e+01	0.000000e+00	0.000000e+00	0.000000e+00
9.600000e+01	9.750000e+01	0.000000e+00	0.000000e+00	0.000000e+00
9.750000e+01	9.900000e+01	0.000000e+00	0.000000e+00	0.000000e+00
9.900000e+01	1.005000e+02	0.000000e+00	0.000000e+00	0.000000e+00
1.005000e+02	1.020000e+02	0.000000e+00	0.000000e+00	0.000000e+00
1.020000e+02	1.035000e+02	0.000000e+00	0.000000e+00	0.000000e+00
1.035000e+02	1.050000e+02	0.000000e+00	0.000000e+00	0.000000e+00
1.050000e+02	1.065000e+02	0.000000e+00	0.000000e+00	0.000000e+00
1.065000e+02	1.080000e+02	0.000000e+00	0.000000e+00	0.000000e+00
1.080000e+02	1.095000e+02	0.000000e+00	0.000000e+00	0.000000e+00
1.095000e+02	1.110000e+02	0.000000e+00	0.000000e+00	0.000000e+00
1.110000e+02	1.125000e+02	0.000000e+00	0.000000e+00	0.000000e+00
1.125000e+02	1.140000e+02	0.000000e+00	0.000000e+00	0.000000e+00
1.140000e+02	1.155000e+02	0.000000e+00	0.000000e+00	0.000000e+00
1.155000e+02	1.170000e+02	0.000000e+00	0.000000e+00	0.000000e+00
1.170000e+02	1.185000e+02	0.000000e+00	0.000000e+00	0.000000e+00
1.185000e+02	1.200000e+02	0.000000e+00	0.000000e+00	0.000000e+00
1.200000e+02	1.215000e+02	0.000000e+00	0.000000e+00	0.000000e+00
1.215000e+02	1.230000e+02	0.000000e+00	0.000000e+00	0.000000e+00
1.230000e+02	1.245000e+02	0.000000e+00	0.000000e+00	0.000000e+00
1.245000e+02	1.260000e+02	0.000000e+00	0.000000e+00	0.000000e+00
1.260000e+02	1.275000e+02	0.000000e+00	0.000000e+00	0.000000e+00
1.275000e+02	1.290000e+02	0.000000e+00	0.000000e+00	0.000000e+00
1.290000e+02	1.305000e+02	0.000000e+00	0.000000e+00	0.000000e+00
1.305000e+02	1.320000e+02	0.000000e+00	0.000000e+00	0.000000e+00
1.320000e+02	1.335000e+02	0.000000e+00	0.000000e+00	0.000000e+00
1.335000e+02	1.350000e+02	0.000000e+00	0.000000e+00	0.000000e+00
1.350000e+02	1.365000e+02	0.000000e+00	0.000000e+00	0.000000e+00
1.365000e+02	1.380000e+02	0.000000e+00	0.000000e+00	0.000000e+00
1.380000e+02	1.395000e+02	0.000000e+00	0.000000e+00	0.000000e+00
1.395000e+02	1.410000e+02	0.000000e+00	0.000000e+00	0.000000e+00
1.410000e+02	1.425000e+02	0.000000e+00	0.000000e+00	0.000000e+00
1.425000e+02	1.440000e+02	0.000000e+00	0.000000e+00	0.000000e+00
1.440000e+02	1.455000e+02	0.000000e+00	0.000000e+00	0.000000e+00
1.455000e+02	1.470000e+02	0.000000e+00	0.000000e+00	0.000000e+00
1.470000e+02	1.485000e+02	0.000000e+00	0.000000e+00	0.000000e+00
1.485000e+02	1.500000e+02	0.000000e+00	0.000000e+00	0.000000e+00
# END HISTO1D

