# BEGIN PLOT
Legend=1
LogY=0
DrawOnly=//mt/home/mbridge/Work/MyHiggsstrahlungV2/MyHiggsstrahlungHcc/Analysis.yoda/MyFSAnalysis/PhiCh
LegendOnly=//mt/home/mbridge/Work/MyHiggsstrahlungV2/MyHiggsstrahlungHcc/Analysis.yoda/MyFSAnalysis/PhiCh
# END PLOT

# BEGIN HISTO1D //mt/home/mbridge/Work/MyHiggsstrahlungV2/MyHiggsstrahlungHcc/Analysis.yoda/MyFSAnalysis/PhiCh
LineColor=red
LineStyle=solid
Path=//mt/home/mbridge/Work/MyHiggsstrahlungV2/MyHiggsstrahlungHcc/Analysis.yoda/MyFSAnalysis/PhiCh
ScaledBy=1.00000000000000000e+00
Title=Analysis
# xlow	 xhigh	 val	 errminus	 errplus
0.000000e+00	6.283185e-02	4.833775e+01	4.861073e-01	4.861073e-01
6.283185e-02	1.256637e-01	4.958431e+01	4.923354e-01	4.923354e-01
1.256637e-01	1.884956e-01	4.892432e+01	4.890477e-01	4.890477e-01
1.884956e-01	2.513274e-01	4.870441e+01	4.879477e-01	4.879477e-01
2.513274e-01	3.141593e-01	4.849414e+01	4.868928e-01	4.868928e-01
3.141593e-01	3.769911e-01	4.996077e+01	4.942011e-01	4.942011e-01
3.769911e-01	4.398230e-01	4.835725e+01	4.862052e-01	4.862052e-01
4.398230e-01	5.026548e-01	4.976034e+01	4.932088e-01	4.932088e-01
5.026548e-01	5.654867e-01	4.870434e+01	4.879469e-01	4.879469e-01
5.654867e-01	6.283185e-01	4.934971e+01	4.911695e-01	4.911695e-01
6.283185e-01	6.911504e-01	4.942784e+01	4.915578e-01	4.915578e-01
6.911504e-01	7.539822e-01	4.879241e+01	4.883883e-01	4.883883e-01
7.539822e-01	8.168141e-01	4.915409e+01	4.901947e-01	4.901947e-01
8.168141e-01	8.796459e-01	4.894396e+01	4.891462e-01	4.891462e-01
8.796459e-01	9.424778e-01	4.952561e+01	4.920437e-01	4.920437e-01
9.424778e-01	1.005310e+00	4.862590e+01	4.875526e-01	4.875526e-01
1.005310e+00	1.068142e+00	4.814208e+01	4.851219e-01	4.851219e-01
1.068142e+00	1.130973e+00	4.818685e+01	4.853512e-01	4.853512e-01
1.130973e+00	1.193805e+00	4.758968e+01	4.823306e-01	4.823306e-01
1.193805e+00	1.256637e+00	4.792209e+01	4.840123e-01	4.840123e-01
1.256637e+00	1.319469e+00	4.799543e+01	4.843824e-01	4.843824e-01
1.319469e+00	1.382301e+00	4.815675e+01	4.851958e-01	4.851958e-01
1.382301e+00	1.445133e+00	4.755058e+01	4.821324e-01	4.821324e-01
1.445133e+00	1.507964e+00	4.810374e+01	4.849325e-01	4.849325e-01
1.507964e+00	1.570796e+00	4.809809e+01	4.849002e-01	4.849002e-01
1.570796e+00	1.633628e+00	4.856739e+01	4.872600e-01	4.872600e-01
1.633628e+00	1.696460e+00	4.786345e+01	4.837159e-01	4.837159e-01
1.696460e+00	1.759292e+00	4.725237e+01	4.806182e-01	4.806182e-01
1.759292e+00	1.822124e+00	4.827897e+01	4.858111e-01	4.858111e-01
1.822124e+00	1.884956e+00	4.833763e+01	4.861061e-01	4.861061e-01
1.884956e+00	1.947787e+00	4.813307e+01	4.850804e-01	4.850804e-01
1.947787e+00	2.010619e+00	4.840607e+01	4.864501e-01	4.864501e-01
2.010619e+00	2.073451e+00	4.777545e+01	4.832711e-01	4.832711e-01
2.073451e+00	2.136283e+00	4.857716e+01	4.873091e-01	4.873091e-01
2.136283e+00	2.199115e+00	4.836206e+01	4.862290e-01	4.862290e-01
2.199115e+00	2.261947e+00	4.732081e+01	4.809662e-01	4.809662e-01
2.261947e+00	2.324779e+00	4.753591e+01	4.820580e-01	4.820580e-01
2.324779e+00	2.387610e+00	4.873925e+01	4.881253e-01	4.881253e-01
2.387610e+00	2.450442e+00	4.722793e+01	4.804939e-01	4.804939e-01
2.450442e+00	2.513274e+00	4.862605e+01	4.875542e-01	4.875542e-01
2.513274e+00	2.576106e+00	4.832296e+01	4.860324e-01	4.860324e-01
2.576106e+00	2.638938e+00	4.716928e+01	4.801954e-01	4.801954e-01
2.638938e+00	2.701770e+00	4.799543e+01	4.843824e-01	4.843824e-01
2.701770e+00	2.764602e+00	4.751146e+01	4.819341e-01	4.819341e-01
2.764602e+00	2.827433e+00	4.863660e+01	4.876110e-01	4.876110e-01
2.827433e+00	2.890265e+00	4.840118e+01	4.864256e-01	4.864256e-01
2.890265e+00	2.953097e+00	4.918823e+01	4.903645e-01	4.903645e-01
2.953097e+00	3.015929e+00	4.804431e+01	4.846290e-01	4.846290e-01
3.015929e+00	3.078761e+00	4.917844e+01	4.903157e-01	4.903157e-01
3.078761e+00	3.141593e+00	4.822030e+01	4.855158e-01	4.855158e-01
3.141593e+00	3.204425e+00	4.705683e+01	4.796227e-01	4.796227e-01
3.204425e+00	3.267256e+00	4.861705e+01	4.875129e-01	4.875129e-01
3.267256e+00	3.330088e+00	4.845985e+01	4.867202e-01	4.867202e-01
3.330088e+00	3.392920e+00	4.836696e+01	4.862536e-01	4.862536e-01
3.392920e+00	3.455752e+00	4.857227e+01	4.872845e-01	4.872845e-01
3.455752e+00	3.518584e+00	4.889981e+01	4.889247e-01	4.889247e-01
3.518584e+00	3.581416e+00	4.890470e+01	4.889492e-01	4.889492e-01
3.581416e+00	3.644247e+00	4.831395e+01	4.859909e-01	4.859909e-01
3.644247e+00	3.707079e+00	4.948642e+01	4.918486e-01	4.918486e-01
3.707079e+00	3.769911e+00	5.000462e+01	4.944170e-01	4.944170e-01
3.769911e+00	3.832743e+00	4.953043e+01	4.920672e-01	4.920672e-01
3.832743e+00	3.895575e+00	4.997038e+01	4.942479e-01	4.942479e-01
3.895575e+00	3.958407e+00	4.902691e+01	4.895597e-01	4.895597e-01
3.958407e+00	4.021239e+00	4.867004e+01	4.877747e-01	4.877747e-01
4.021239e+00	4.084070e+00	4.799620e+01	4.843901e-01	4.843901e-01
4.084070e+00	4.146902e+00	4.838162e+01	4.863273e-01	4.863273e-01
4.146902e+00	4.209734e+00	4.854783e+01	4.871619e-01	4.871619e-01
4.209734e+00	4.272566e+00	4.817141e+01	4.852696e-01	4.852696e-01
4.272566e+00	4.335398e+00	4.782923e+01	4.835430e-01	4.835430e-01
4.335398e+00	4.398230e+00	4.845494e+01	4.866957e-01	4.866957e-01
4.398230e+00	4.461062e+00	4.798564e+01	4.843331e-01	4.843331e-01
4.461062e+00	4.523893e+00	4.721402e+01	4.804269e-01	4.804269e-01
4.523893e+00	4.586725e+00	4.901713e+01	4.895109e-01	4.895109e-01
4.586725e+00	4.649557e+00	4.934467e+01	4.911436e-01	4.911436e-01
4.649557e+00	4.712389e+00	4.878737e+01	4.883623e-01	4.883623e-01
4.712389e+00	4.775221e+00	4.856250e+01	4.872355e-01	4.872355e-01
4.775221e+00	4.838053e+00	4.807364e+01	4.847769e-01	4.847769e-01
4.838053e+00	4.900885e+00	4.847450e+01	4.867939e-01	4.867939e-01
4.900885e+00	4.963716e+00	4.798641e+01	4.843408e-01	4.843408e-01
4.963716e+00	5.026548e+00	4.700794e+01	4.793736e-01	4.793736e-01
5.026548e+00	5.089380e+00	4.755058e+01	4.821324e-01	4.821324e-01
5.089380e+00	5.152212e+00	4.762390e+01	4.825040e-01	4.825040e-01
5.152212e+00	5.215044e+00	4.798564e+01	4.843331e-01	4.843331e-01
5.215044e+00	5.277876e+00	4.887048e+01	4.887780e-01	4.887780e-01
5.277876e+00	5.340708e+00	4.898779e+01	4.893644e-01	4.893644e-01
5.340708e+00	5.403539e+00	4.814775e+01	4.851542e-01	4.851542e-01
5.403539e+00	5.466371e+00	4.837185e+01	4.862781e-01	4.862781e-01
5.466371e+00	5.529203e+00	4.815675e+01	4.851958e-01	4.851958e-01
5.529203e+00	5.592035e+00	4.663154e+01	4.774504e-01	4.774504e-01
5.592035e+00	5.654867e+00	4.845985e+01	4.867202e-01	4.867202e-01
5.654867e+00	5.717699e+00	4.795143e+01	4.841603e-01	4.841603e-01
5.717699e+00	5.780530e+00	4.892013e+01	4.890302e-01	4.890302e-01
5.780530e+00	5.843362e+00	4.808831e+01	4.848509e-01	4.848509e-01
5.843362e+00	5.906194e+00	4.889491e+01	4.889003e-01	4.889003e-01
5.906194e+00	5.969026e+00	4.827408e+01	4.857864e-01	4.857864e-01
5.969026e+00	6.031858e+00	4.895357e+01	4.891935e-01	4.891935e-01
6.031858e+00	6.094690e+00	4.816164e+01	4.852204e-01	4.852204e-01
6.094690e+00	6.157522e+00	4.778522e+01	4.833205e-01	4.833205e-01
6.157522e+00	6.220353e+00	4.848505e+01	4.868507e-01	4.868507e-01
6.220353e+00	6.283185e+00	4.944732e+01	4.916543e-01	4.916543e-01
# END HISTO1D

