# BEGIN PLOT
Legend=1
LogY=0
DrawOnly=//mt/home/mbridge/Work/MyHiggsstrahlungV2/MyHiggsstrahlungHcc/Analysis.yoda/MyFSAnalysis/RapidityCh
LegendOnly=//mt/home/mbridge/Work/MyHiggsstrahlungV2/MyHiggsstrahlungHcc/Analysis.yoda/MyFSAnalysis/RapidityCh
# END PLOT

# BEGIN HISTO1D //mt/home/mbridge/Work/MyHiggsstrahlungV2/MyHiggsstrahlungHcc/Analysis.yoda/MyFSAnalysis/RapidityCh
LineColor=red
LineStyle=solid
Path=//mt/home/mbridge/Work/MyHiggsstrahlungV2/MyHiggsstrahlungHcc/Analysis.yoda/MyFSAnalysis/RapidityCh
ScaledBy=3.28728813008777451e-03
Title=Analysis
# xlow	 xhigh	 val	 errminus	 errplus
-5.000000e+00	-4.900000e+00	0.000000e+00	0.000000e+00	0.000000e+00
-4.900000e+00	-4.800000e+00	0.000000e+00	0.000000e+00	0.000000e+00
-4.800000e+00	-4.700000e+00	5.048537e-05	2.257774e-05	2.257774e-05
-4.700000e+00	-4.600000e+00	3.029122e-05	1.748864e-05	1.748864e-05
-4.600000e+00	-4.500000e+00	8.077659e-05	2.855884e-05	2.855884e-05
-4.500000e+00	-4.400000e+00	5.048537e-05	2.257774e-05	2.257774e-05
-4.400000e+00	-4.300000e+00	3.029122e-05	1.748864e-05	1.748864e-05
-4.300000e+00	-4.200000e+00	8.077659e-05	2.855884e-05	2.855884e-05
-4.200000e+00	-4.100000e+00	1.110678e-04	3.348821e-05	3.348821e-05
-4.100000e+00	-4.000000e+00	1.312620e-04	3.640552e-05	3.640552e-05
-4.000000e+00	-3.900000e+00	1.817473e-04	4.283825e-05	4.283825e-05
-3.900000e+00	-3.800000e+00	2.120385e-04	4.627061e-05	4.627061e-05
-3.800000e+00	-3.700000e+00	3.029122e-04	5.530395e-05	5.530395e-05
-3.700000e+00	-3.600000e+00	4.139800e-04	6.465281e-05	6.465281e-05
-3.600000e+00	-3.500000e+00	6.260185e-04	7.950443e-05	7.950443e-05
-3.500000e+00	-3.400000e+00	8.986395e-04	9.525560e-05	9.525560e-05
-3.400000e+00	-3.300000e+00	9.592220e-04	9.841409e-05	9.841409e-05
-3.300000e+00	-3.200000e+00	1.221746e-03	1.110678e-04	1.110678e-04
-3.200000e+00	-3.100000e+00	1.686211e-03	1.304829e-04	1.304829e-04
-3.100000e+00	-3.000000e+00	2.170871e-03	1.480522e-04	1.480522e-04
-3.000000e+00	-2.900000e+00	2.958442e-03	1.728341e-04	1.728341e-04
-2.900000e+00	-2.800000e+00	3.857082e-03	1.973455e-04	1.973455e-04
-2.800000e+00	-2.700000e+00	4.271062e-03	2.076662e-04	2.076662e-04
-2.700000e+00	-2.600000e+00	5.543293e-03	2.365820e-04	2.365820e-04
-2.600000e+00	-2.500000e+00	7.825232e-03	2.810906e-04	2.810906e-04
-2.500000e+00	-2.400000e+00	9.915326e-03	3.164108e-04	3.164108e-04
-2.400000e+00	-2.300000e+00	1.217707e-02	3.506463e-04	3.506463e-04
-2.300000e+00	-2.200000e+00	1.486289e-02	3.873909e-04	3.873909e-04
-2.200000e+00	-2.100000e+00	1.913395e-02	4.395417e-04	4.395417e-04
-2.100000e+00	-2.000000e+00	2.469744e-02	4.993715e-04	4.993715e-04
-2.000000e+00	-1.900000e+00	3.042248e-02	5.542364e-04	5.542364e-04
-1.900000e+00	-1.800000e+00	3.782364e-02	6.179871e-04	6.179871e-04
-1.800000e+00	-1.700000e+00	4.792071e-02	6.955997e-04	6.955997e-04
-1.700000e+00	-1.600000e+00	5.829040e-02	7.671783e-04	7.671783e-04
-1.600000e+00	-1.500000e+00	7.339563e-02	8.608606e-04	8.608606e-04
-1.500000e+00	-1.400000e+00	9.068181e-02	9.568808e-04	9.568808e-04
-1.400000e+00	-1.300000e+00	1.113606e-01	1.060385e-03	1.060385e-03
-1.300000e+00	-1.200000e+00	1.343315e-01	1.164627e-03	1.164627e-03
-1.200000e+00	-1.100000e+00	1.599073e-01	1.270668e-03	1.270668e-03
-1.100000e+00	-1.000000e+00	1.909962e-01	1.388706e-03	1.388706e-03
-1.000000e+00	-9.000000e-01	2.219640e-01	1.497059e-03	1.497059e-03
-9.000000e-01	-8.000000e-01	2.601107e-01	1.620604e-03	1.620604e-03
-8.000000e-01	-7.000000e-01	2.984190e-01	1.735845e-03	1.735845e-03
-7.000000e-01	-6.000000e-01	3.472686e-01	1.872538e-03	1.872538e-03
-6.000000e-01	-5.000000e-01	3.872127e-01	1.977300e-03	1.977300e-03
-5.000000e-01	-4.000000e-01	4.282775e-01	2.079507e-03	2.079507e-03
-4.000000e-01	-3.000000e-01	4.658891e-01	2.168897e-03	2.168897e-03
-3.000000e-01	-2.000000e-01	5.004210e-01	2.247841e-03	2.247841e-03
-2.000000e-01	-1.000000e-01	5.142843e-01	2.278764e-03	2.278764e-03
-1.000000e-01	0.000000e+00	5.256132e-01	2.303726e-03	2.303726e-03
0.000000e+00	1.000000e-01	5.235635e-01	2.299230e-03	2.299230e-03
1.000000e-01	2.000000e-01	5.132241e-01	2.276414e-03	2.276414e-03
2.000000e-01	3.000000e-01	4.898999e-01	2.224085e-03	2.224085e-03
3.000000e-01	4.000000e-01	4.657477e-01	2.168568e-03	2.168568e-03
4.000000e-01	5.000000e-01	4.261874e-01	2.074426e-03	2.074426e-03
5.000000e-01	6.000000e-01	3.909789e-01	1.986893e-03	1.986893e-03
6.000000e-01	7.000000e-01	3.430279e-01	1.861069e-03	1.861069e-03
7.000000e-01	8.000000e-01	2.995398e-01	1.739102e-03	1.739102e-03
8.000000e-01	9.000000e-01	2.628167e-01	1.629012e-03	1.629012e-03
9.000000e-01	1.000000e+00	2.248113e-01	1.506631e-03	1.506631e-03
1.000000e+00	1.100000e+00	1.905924e-01	1.387236e-03	1.387236e-03
1.100000e+00	1.200000e+00	1.572114e-01	1.259911e-03	1.259911e-03
1.200000e+00	1.300000e+00	1.332309e-01	1.159846e-03	1.159846e-03
1.300000e+00	1.400000e+00	1.123400e-01	1.065038e-03	1.065038e-03
1.400000e+00	1.500000e+00	9.218628e-02	9.647858e-04	9.647858e-04
1.500000e+00	1.600000e+00	7.546553e-02	8.729152e-04	8.729152e-04
1.600000e+00	1.700000e+00	6.135991e-02	7.871185e-04	7.871185e-04
1.700000e+00	1.800000e+00	4.760770e-02	6.933242e-04	6.933242e-04
1.800000e+00	1.900000e+00	3.973198e-02	6.333851e-04	6.333851e-04
1.900000e+00	2.000000e+00	3.124034e-02	5.616369e-04	5.616369e-04
2.000000e+00	2.100000e+00	2.526288e-02	5.050555e-04	5.050555e-04
2.100000e+00	2.200000e+00	2.054754e-02	4.554889e-04	4.554889e-04
2.200000e+00	2.300000e+00	1.579182e-02	3.993134e-04	3.993134e-04
2.300000e+00	2.400000e+00	1.260115e-02	3.566997e-04	3.566997e-04
2.400000e+00	2.500000e+00	1.020814e-02	3.210488e-04	3.210488e-04
2.500000e+00	2.600000e+00	7.532417e-03	2.757814e-04	2.757814e-04
2.600000e+00	2.700000e+00	6.260185e-03	2.514151e-04	2.514151e-04
2.700000e+00	2.800000e+00	5.169702e-03	2.284707e-04	2.284707e-04
2.800000e+00	2.900000e+00	3.665238e-03	1.923751e-04	1.923751e-04
2.900000e+00	3.000000e+00	2.867569e-03	1.701589e-04	1.701589e-04
3.000000e+00	3.100000e+00	2.413201e-03	1.560970e-04	1.560970e-04
3.100000e+00	3.200000e+00	1.958832e-03	1.406359e-04	1.406359e-04
3.200000e+00	3.300000e+00	1.494367e-03	1.228362e-04	1.228362e-04
3.300000e+00	3.400000e+00	1.070290e-03	1.039557e-04	1.039557e-04
3.400000e+00	3.500000e+00	7.976688e-04	8.974475e-05	8.974475e-05
3.500000e+00	3.600000e+00	6.563098e-04	8.140521e-05	8.140521e-05
3.600000e+00	3.700000e+00	4.846595e-04	6.995458e-05	6.995458e-05
3.700000e+00	3.800000e+00	3.937859e-04	6.305621e-05	6.305621e-05
3.800000e+00	3.900000e+00	2.524268e-04	5.048536e-05	5.048536e-05
3.900000e+00	4.000000e+00	2.322327e-04	4.842386e-05	4.842386e-05
4.000000e+00	4.100000e+00	1.514561e-04	3.910579e-05	3.910579e-05
4.100000e+00	4.200000e+00	8.077659e-05	2.855884e-05	2.855884e-05
4.200000e+00	4.300000e+00	7.067951e-05	2.671434e-05	2.671434e-05
4.300000e+00	4.400000e+00	5.048537e-05	2.257774e-05	2.257774e-05
4.400000e+00	4.500000e+00	1.009707e-05	1.009707e-05	1.009707e-05
4.500000e+00	4.600000e+00	2.019415e-05	1.427942e-05	1.427942e-05
4.600000e+00	4.700000e+00	2.019415e-05	1.427942e-05	1.427942e-05
4.700000e+00	4.800000e+00	2.019415e-05	1.427942e-05	1.427942e-05
4.800000e+00	4.900000e+00	1.009707e-05	1.009707e-05	1.009707e-05
4.900000e+00	5.000000e+00	1.009707e-05	1.009707e-05	1.009707e-05
# END HISTO1D

