# BEGIN PLOT
Legend=1
LogY=1
DrawOnly=//home/mogzyb/Work/Dis-2.0/ZH/Analysis.yoda/MyHAnalysis/H_massSub
LegendOnly=//home/mogzyb/Work/Dis-2.0/ZH/Analysis.yoda/MyHAnalysis/H_massSub
# END PLOT

# BEGIN HISTO1D //home/mogzyb/Work/Dis-2.0/ZH/Analysis.yoda/MyHAnalysis/H_massSub
LineColor=red
LineStyle=solid
Path=//home/mogzyb/Work/Dis-2.0/ZH/Analysis.yoda/MyHAnalysis/H_massSub
ScaledBy=2.24722052467799527e-01
Title=Analysis
# xlow	 xhigh	 val	 errminus	 errplus
0.000000e+00	2.400000e+00	0.000000e+00	0.000000e+00	0.000000e+00
2.400000e+00	4.800000e+00	0.000000e+00	0.000000e+00	0.000000e+00
4.800000e+00	7.200000e+00	0.000000e+00	0.000000e+00	0.000000e+00
7.200000e+00	9.600000e+00	0.000000e+00	0.000000e+00	0.000000e+00
9.600000e+00	1.200000e+01	0.000000e+00	0.000000e+00	0.000000e+00
1.200000e+01	1.440000e+01	0.000000e+00	0.000000e+00	0.000000e+00
1.440000e+01	1.680000e+01	0.000000e+00	0.000000e+00	0.000000e+00
1.680000e+01	1.920000e+01	0.000000e+00	0.000000e+00	0.000000e+00
1.920000e+01	2.160000e+01	0.000000e+00	0.000000e+00	0.000000e+00
2.160000e+01	2.400000e+01	0.000000e+00	0.000000e+00	0.000000e+00
2.400000e+01	2.640000e+01	0.000000e+00	0.000000e+00	0.000000e+00
2.640000e+01	2.880000e+01	0.000000e+00	0.000000e+00	0.000000e+00
2.880000e+01	3.120000e+01	0.000000e+00	0.000000e+00	0.000000e+00
3.120000e+01	3.360000e+01	0.000000e+00	0.000000e+00	0.000000e+00
3.360000e+01	3.600000e+01	0.000000e+00	0.000000e+00	0.000000e+00
3.600000e+01	3.840000e+01	0.000000e+00	0.000000e+00	0.000000e+00
3.840000e+01	4.080000e+01	0.000000e+00	0.000000e+00	0.000000e+00
4.080000e+01	4.320000e+01	0.000000e+00	0.000000e+00	0.000000e+00
4.320000e+01	4.560000e+01	0.000000e+00	0.000000e+00	0.000000e+00
4.560000e+01	4.800000e+01	0.000000e+00	0.000000e+00	0.000000e+00
4.800000e+01	5.040000e+01	0.000000e+00	0.000000e+00	0.000000e+00
5.040000e+01	5.280000e+01	0.000000e+00	0.000000e+00	0.000000e+00
5.280000e+01	5.520000e+01	0.000000e+00	0.000000e+00	0.000000e+00
5.520000e+01	5.760000e+01	0.000000e+00	0.000000e+00	0.000000e+00
5.760000e+01	6.000000e+01	0.000000e+00	0.000000e+00	0.000000e+00
6.000000e+01	6.240000e+01	0.000000e+00	0.000000e+00	0.000000e+00
6.240000e+01	6.480000e+01	0.000000e+00	0.000000e+00	0.000000e+00
6.480000e+01	6.720000e+01	0.000000e+00	0.000000e+00	0.000000e+00
6.720000e+01	6.960000e+01	0.000000e+00	0.000000e+00	0.000000e+00
6.960000e+01	7.200000e+01	0.000000e+00	0.000000e+00	0.000000e+00
7.200000e+01	7.440000e+01	0.000000e+00	0.000000e+00	0.000000e+00
7.440000e+01	7.680000e+01	0.000000e+00	0.000000e+00	0.000000e+00
7.680000e+01	7.920000e+01	0.000000e+00	0.000000e+00	0.000000e+00
7.920000e+01	8.160000e+01	0.000000e+00	0.000000e+00	0.000000e+00
8.160000e+01	8.400000e+01	0.000000e+00	0.000000e+00	0.000000e+00
8.400000e+01	8.640000e+01	0.000000e+00	0.000000e+00	0.000000e+00
8.640000e+01	8.880000e+01	0.000000e+00	0.000000e+00	0.000000e+00
8.880000e+01	9.120000e+01	0.000000e+00	0.000000e+00	0.000000e+00
9.120000e+01	9.360000e+01	0.000000e+00	0.000000e+00	0.000000e+00
9.360000e+01	9.600000e+01	0.000000e+00	0.000000e+00	0.000000e+00
9.600000e+01	9.840000e+01	0.000000e+00	0.000000e+00	0.000000e+00
9.840000e+01	1.008000e+02	0.000000e+00	0.000000e+00	0.000000e+00
1.008000e+02	1.032000e+02	0.000000e+00	0.000000e+00	0.000000e+00
1.032000e+02	1.056000e+02	0.000000e+00	0.000000e+00	0.000000e+00
1.056000e+02	1.080000e+02	0.000000e+00	0.000000e+00	0.000000e+00
1.080000e+02	1.104000e+02	0.000000e+00	0.000000e+00	0.000000e+00
1.104000e+02	1.128000e+02	0.000000e+00	0.000000e+00	0.000000e+00
1.128000e+02	1.152000e+02	2.521217e-03	1.455625e-03	1.455625e-03
1.152000e+02	1.176000e+02	0.000000e+00	0.000000e+00	0.000000e+00
1.176000e+02	1.200000e+02	4.202029e-03	1.879205e-03	1.879205e-03
1.200000e+02	1.224000e+02	3.361623e-03	1.680812e-03	1.680812e-03
1.224000e+02	1.248000e+02	4.202029e-03	1.879205e-03	1.879205e-03
1.248000e+02	1.272000e+02	5.889529e-03	2.226042e-03	2.226042e-03
1.272000e+02	1.296000e+02	5.042433e-03	2.058566e-03	2.058566e-03
1.296000e+02	1.320000e+02	7.563654e-03	2.521218e-03	2.521218e-03
1.320000e+02	1.344000e+02	3.812931e+00	5.660757e-02	5.660757e-02
1.344000e+02	1.368000e+02	3.227658e+01	1.647001e-01	1.647001e-01
1.368000e+02	1.392000e+02	5.969963e-01	2.240502e-02	2.240502e-02
1.392000e+02	1.416000e+02	1.721967e-02	3.871276e-03	3.871276e-03
1.416000e+02	1.440000e+02	1.681594e-02	3.760166e-03	3.760166e-03
1.440000e+02	1.464000e+02	1.092527e-02	3.030127e-03	3.030127e-03
1.464000e+02	1.488000e+02	1.680812e-03	1.188513e-03	1.188513e-03
1.488000e+02	1.512000e+02	2.521218e-03	1.455625e-03	1.455625e-03
1.512000e+02	1.536000e+02	1.680812e-03	1.188513e-03	1.188513e-03
1.536000e+02	1.560000e+02	8.404058e-04	8.404058e-04	8.404058e-04
1.560000e+02	1.584000e+02	0.000000e+00	0.000000e+00	0.000000e+00
1.584000e+02	1.608000e+02	0.000000e+00	0.000000e+00	0.000000e+00
1.608000e+02	1.632000e+02	0.000000e+00	0.000000e+00	0.000000e+00
1.632000e+02	1.656000e+02	0.000000e+00	0.000000e+00	0.000000e+00
1.656000e+02	1.680000e+02	0.000000e+00	0.000000e+00	0.000000e+00
1.680000e+02	1.704000e+02	0.000000e+00	0.000000e+00	0.000000e+00
1.704000e+02	1.728000e+02	0.000000e+00	0.000000e+00	0.000000e+00
1.728000e+02	1.752000e+02	0.000000e+00	0.000000e+00	0.000000e+00
1.752000e+02	1.776000e+02	0.000000e+00	0.000000e+00	0.000000e+00
1.776000e+02	1.800000e+02	0.000000e+00	0.000000e+00	0.000000e+00
1.800000e+02	1.824000e+02	0.000000e+00	0.000000e+00	0.000000e+00
1.824000e+02	1.848000e+02	0.000000e+00	0.000000e+00	0.000000e+00
1.848000e+02	1.872000e+02	0.000000e+00	0.000000e+00	0.000000e+00
1.872000e+02	1.896000e+02	0.000000e+00	0.000000e+00	0.000000e+00
1.896000e+02	1.920000e+02	0.000000e+00	0.000000e+00	0.000000e+00
1.920000e+02	1.944000e+02	0.000000e+00	0.000000e+00	0.000000e+00
1.944000e+02	1.968000e+02	0.000000e+00	0.000000e+00	0.000000e+00
1.968000e+02	1.992000e+02	0.000000e+00	0.000000e+00	0.000000e+00
1.992000e+02	2.016000e+02	0.000000e+00	0.000000e+00	0.000000e+00
2.016000e+02	2.040000e+02	0.000000e+00	0.000000e+00	0.000000e+00
2.040000e+02	2.064000e+02	0.000000e+00	0.000000e+00	0.000000e+00
2.064000e+02	2.088000e+02	0.000000e+00	0.000000e+00	0.000000e+00
2.088000e+02	2.112000e+02	0.000000e+00	0.000000e+00	0.000000e+00
2.112000e+02	2.136000e+02	0.000000e+00	0.000000e+00	0.000000e+00
2.136000e+02	2.160000e+02	0.000000e+00	0.000000e+00	0.000000e+00
2.160000e+02	2.184000e+02	0.000000e+00	0.000000e+00	0.000000e+00
2.184000e+02	2.208000e+02	0.000000e+00	0.000000e+00	0.000000e+00
2.208000e+02	2.232000e+02	0.000000e+00	0.000000e+00	0.000000e+00
2.232000e+02	2.256000e+02	0.000000e+00	0.000000e+00	0.000000e+00
2.256000e+02	2.280000e+02	0.000000e+00	0.000000e+00	0.000000e+00
2.280000e+02	2.304000e+02	0.000000e+00	0.000000e+00	0.000000e+00
2.304000e+02	2.328000e+02	0.000000e+00	0.000000e+00	0.000000e+00
2.328000e+02	2.352000e+02	0.000000e+00	0.000000e+00	0.000000e+00
2.352000e+02	2.376000e+02	0.000000e+00	0.000000e+00	0.000000e+00
2.376000e+02	2.400000e+02	0.000000e+00	0.000000e+00	0.000000e+00
# END HISTO1D

