# BEGIN PLOT
Legend=1
LogY=1
DrawOnly=//home/mogzyb/Work/Dis-2.0/ZH/Analysis.yoda/MyHAnalysis/H_S
LegendOnly=//home/mogzyb/Work/Dis-2.0/ZH/Analysis.yoda/MyHAnalysis/H_S
# END PLOT

# BEGIN HISTO1D //home/mogzyb/Work/Dis-2.0/ZH/Analysis.yoda/MyHAnalysis/H_S
LineColor=red
LineStyle=solid
Path=//home/mogzyb/Work/Dis-2.0/ZH/Analysis.yoda/MyHAnalysis/H_S
ScaledBy=2.24722052467799527e-01
Title=Analysis
# xlow	 xhigh	 val	 errminus	 errplus
0.000000e+00	1.000000e-02	1.140031e+03	1.516406e+01	1.516406e+01
1.000000e-02	2.000000e-02	1.549876e+03	1.768086e+01	1.768086e+01
2.000000e-02	3.000000e-02	7.684967e+02	1.245030e+01	1.245030e+01
3.000000e-02	4.000000e-02	4.931634e+02	9.973590e+00	9.973590e+00
4.000000e-02	5.000000e-02	3.614503e+02	8.538462e+00	8.538462e+00
5.000000e-02	6.000000e-02	3.164862e+02	7.989943e+00	7.989943e+00
6.000000e-02	7.000000e-02	2.533400e+02	7.148403e+00	7.148403e+00
7.000000e-02	8.000000e-02	2.077562e+02	6.473444e+00	6.473444e+00
8.000000e-02	9.000000e-02	1.881837e+02	6.160857e+00	6.160857e+00
9.000000e-02	1.000000e-01	1.698364e+02	5.852952e+00	5.852952e+00
1.000000e-01	1.100000e-01	1.603577e+02	5.687305e+00	5.687305e+00
1.100000e-01	1.200000e-01	1.452248e+02	5.412211e+00	5.412211e+00
1.200000e-01	1.300000e-01	1.393735e+02	5.302018e+00	5.302018e+00
1.300000e-01	1.400000e-01	1.303086e+02	5.126934e+00	5.126934e+00
1.400000e-01	1.500000e-01	1.232515e+02	4.986226e+00	4.986226e+00
1.500000e-01	1.600000e-01	1.161796e+02	4.840815e+00	4.840815e+00
1.600000e-01	1.700000e-01	1.109408e+02	4.730536e+00	4.730536e+00
1.700000e-01	1.800000e-01	1.050843e+02	4.603829e+00	4.603829e+00
1.800000e-01	1.900000e-01	1.121486e+02	4.756161e+00	4.756161e+00
1.900000e-01	2.000000e-01	9.257931e+01	4.321232e+00	4.321232e+00
2.000000e-01	2.100000e-01	9.278108e+01	4.325940e+00	4.325940e+00
2.100000e-01	2.200000e-01	9.721815e+01	4.428166e+00	4.428166e+00
2.200000e-01	2.300000e-01	9.116723e+01	4.288145e+00	4.288145e+00
2.300000e-01	2.400000e-01	8.209124e+01	4.069112e+00	4.069112e+00
2.400000e-01	2.500000e-01	8.330658e+01	4.099250e+00	4.099250e+00
2.500000e-01	2.600000e-01	7.261272e+01	3.827026e+00	3.827026e+00
2.600000e-01	2.700000e-01	7.684790e+01	3.937037e+00	3.937037e+00
2.700000e-01	2.800000e-01	7.220767e+01	3.816294e+00	3.816294e+00
2.800000e-01	2.900000e-01	7.080028e+01	3.779042e+00	3.779042e+00
2.900000e-01	3.000000e-01	6.807478e+01	3.709582e+00	3.709582e+00
3.000000e-01	3.100000e-01	6.575557e+01	3.641865e+00	3.641865e+00
3.100000e-01	3.200000e-01	6.212280e+01	3.539775e+00	3.539775e+00
3.200000e-01	3.300000e-01	6.010604e+01	3.481850e+00	3.481850e+00
3.300000e-01	3.400000e-01	5.446291e+01	3.314511e+00	3.314511e+00
3.400000e-01	3.500000e-01	5.546679e+01	3.344774e+00	3.344774e+00
3.500000e-01	3.600000e-01	5.385436e+01	3.295834e+00	3.295834e+00
3.600000e-01	3.700000e-01	5.526509e+01	3.338687e+00	3.338687e+00
3.700000e-01	3.800000e-01	4.820661e+01	3.118227e+00	3.118227e+00
3.800000e-01	3.900000e-01	5.022304e+01	3.182757e+00	3.182757e+00
3.900000e-01	4.000000e-01	5.103059e+01	3.208266e+00	3.208266e+00
4.000000e-01	4.100000e-01	4.316325e+01	2.950579e+00	2.950579e+00
4.100000e-01	4.200000e-01	4.457562e+01	2.998481e+00	2.998481e+00
4.200000e-01	4.300000e-01	4.216132e+01	2.916363e+00	2.916363e+00
4.300000e-01	4.400000e-01	4.054118e+01	2.859554e+00	2.859554e+00
4.400000e-01	4.500000e-01	3.287676e+01	2.575107e+00	2.575107e+00
4.500000e-01	4.600000e-01	3.428856e+01	2.629813e+00	2.629813e+00
4.600000e-01	4.700000e-01	3.630553e+01	2.706055e+00	2.706055e+00
4.700000e-01	4.800000e-01	3.691063e+01	2.728512e+00	2.728512e+00
4.800000e-01	4.900000e-01	3.025461e+01	2.470279e+00	2.470279e+00
4.900000e-01	5.000000e-01	3.348258e+01	2.598752e+00	2.598752e+00
5.000000e-01	5.100000e-01	2.622589e+01	2.300169e+00	2.300169e+00
5.100000e-01	5.200000e-01	3.146480e+01	2.519200e+00	2.519200e+00
5.200000e-01	5.300000e-01	2.461061e+01	2.228143e+00	2.228143e+00
5.300000e-01	5.400000e-01	2.339878e+01	2.172523e+00	2.172523e+00
5.400000e-01	5.500000e-01	2.501048e+01	2.246007e+00	2.246007e+00
5.500000e-01	5.600000e-01	2.480878e+01	2.236932e+00	2.236932e+00
5.600000e-01	5.700000e-01	2.198502e+01	2.105783e+00	2.105783e+00
5.700000e-01	5.800000e-01	2.158394e+01	2.086600e+00	2.086600e+00
5.800000e-01	5.900000e-01	2.158162e+01	2.086374e+00	2.086374e+00
5.900000e-01	6.000000e-01	1.553070e+01	1.769888e+00	1.769888e+00
6.000000e-01	6.100000e-01	1.553070e+01	1.769888e+00	1.769888e+00
6.100000e-01	6.200000e-01	1.795107e+01	1.902810e+00	1.902810e+00
6.200000e-01	6.300000e-01	1.190015e+01	1.549267e+00	1.549267e+00
6.300000e-01	6.400000e-01	1.472391e+01	1.723304e+00	1.723304e+00
6.400000e-01	6.500000e-01	1.270694e+01	1.600923e+00	1.600923e+00
6.500000e-01	6.600000e-01	1.230354e+01	1.575307e+00	1.575307e+00
6.600000e-01	6.700000e-01	9.479778e+00	1.382768e+00	1.382768e+00
6.700000e-01	6.800000e-01	1.008487e+01	1.426216e+00	1.426216e+00
6.800000e-01	6.900000e-01	8.877302e+00	1.338306e+00	1.338306e+00
6.900000e-01	7.000000e-01	1.008487e+01	1.426216e+00	1.426216e+00
7.000000e-01	7.100000e-01	7.261107e+00	1.210184e+00	1.210184e+00
7.100000e-01	7.200000e-01	7.866199e+00	1.259600e+00	1.259600e+00
7.200000e-01	7.300000e-01	7.462804e+00	1.226877e+00	1.226877e+00
7.300000e-01	7.400000e-01	4.235646e+00	9.242936e-01	9.242936e-01
7.400000e-01	7.500000e-01	4.033948e+00	9.020182e-01	9.020182e-01
7.500000e-01	7.600000e-01	2.823764e+00	7.546826e-01	7.546826e-01
7.600000e-01	7.700000e-01	1.815277e+00	6.050922e-01	6.050922e-01
7.700000e-01	7.800000e-01	1.411882e+00	5.336412e-01	5.336412e-01
7.800000e-01	7.900000e-01	1.411882e+00	5.336412e-01	5.336412e-01
7.900000e-01	8.000000e-01	1.613579e+00	5.704865e-01	5.704865e-01
8.000000e-01	8.100000e-01	6.050922e-01	3.493501e-01	3.493501e-01
8.100000e-01	8.200000e-01	2.016974e-01	2.016974e-01	2.016974e-01
8.200000e-01	8.300000e-01	2.016974e-01	2.016974e-01	2.016974e-01
8.300000e-01	8.400000e-01	6.050922e-01	3.493501e-01	3.493501e-01
8.400000e-01	8.500000e-01	8.067896e-01	4.033948e-01	4.033948e-01
8.500000e-01	8.600000e-01	0.000000e+00	0.000000e+00	0.000000e+00
8.600000e-01	8.700000e-01	4.033948e-01	2.852432e-01	2.852432e-01
8.700000e-01	8.800000e-01	2.016974e-01	2.016974e-01	2.016974e-01
8.800000e-01	8.900000e-01	0.000000e+00	0.000000e+00	0.000000e+00
8.900000e-01	9.000000e-01	0.000000e+00	0.000000e+00	0.000000e+00
9.000000e-01	9.100000e-01	0.000000e+00	0.000000e+00	0.000000e+00
9.100000e-01	9.200000e-01	0.000000e+00	0.000000e+00	0.000000e+00
9.200000e-01	9.300000e-01	0.000000e+00	0.000000e+00	0.000000e+00
9.300000e-01	9.400000e-01	0.000000e+00	0.000000e+00	0.000000e+00
9.400000e-01	9.500000e-01	0.000000e+00	0.000000e+00	0.000000e+00
9.500000e-01	9.600000e-01	0.000000e+00	0.000000e+00	0.000000e+00
9.600000e-01	9.700000e-01	0.000000e+00	0.000000e+00	0.000000e+00
9.700000e-01	9.800000e-01	0.000000e+00	0.000000e+00	0.000000e+00
9.800000e-01	9.900000e-01	0.000000e+00	0.000000e+00	0.000000e+00
9.900000e-01	1.000000e+00	0.000000e+00	0.000000e+00	0.000000e+00
# END HISTO1D

