# BEGIN PLOT
Legend=1
LogY=1
DrawOnly=//home/mogzyb/Work/Dis-2.0/ZH/Analysis.yoda/MyHAnalysis/H_T
LegendOnly=//home/mogzyb/Work/Dis-2.0/ZH/Analysis.yoda/MyHAnalysis/H_T
# END PLOT

# BEGIN HISTO1D //home/mogzyb/Work/Dis-2.0/ZH/Analysis.yoda/MyHAnalysis/H_T
LineColor=red
LineStyle=solid
Path=//home/mogzyb/Work/Dis-2.0/ZH/Analysis.yoda/MyHAnalysis/H_T
ScaledBy=2.24722052467799527e-01
Title=Analysis
# xlow	 xhigh	 val	 errminus	 errplus
5.000000e-01	5.050000e-01	0.000000e+00	0.000000e+00	0.000000e+00
5.050000e-01	5.100000e-01	0.000000e+00	0.000000e+00	0.000000e+00
5.100000e-01	5.150000e-01	0.000000e+00	0.000000e+00	0.000000e+00
5.150000e-01	5.200000e-01	0.000000e+00	0.000000e+00	0.000000e+00
5.200000e-01	5.250000e-01	0.000000e+00	0.000000e+00	0.000000e+00
5.250000e-01	5.300000e-01	0.000000e+00	0.000000e+00	0.000000e+00
5.300000e-01	5.350000e-01	0.000000e+00	0.000000e+00	0.000000e+00
5.350000e-01	5.400000e-01	0.000000e+00	0.000000e+00	0.000000e+00
5.400000e-01	5.450000e-01	0.000000e+00	0.000000e+00	0.000000e+00
5.450000e-01	5.500000e-01	0.000000e+00	0.000000e+00	0.000000e+00
5.500000e-01	5.550000e-01	0.000000e+00	0.000000e+00	0.000000e+00
5.550000e-01	5.600000e-01	0.000000e+00	0.000000e+00	0.000000e+00
5.600000e-01	5.650000e-01	4.033948e-01	4.033948e-01	4.033948e-01
5.650000e-01	5.700000e-01	0.000000e+00	0.000000e+00	0.000000e+00
5.700000e-01	5.750000e-01	0.000000e+00	0.000000e+00	0.000000e+00
5.750000e-01	5.800000e-01	0.000000e+00	0.000000e+00	0.000000e+00
5.800000e-01	5.850000e-01	8.067896e-01	5.704864e-01	5.704864e-01
5.850000e-01	5.900000e-01	8.067896e-01	5.704864e-01	5.704864e-01
5.900000e-01	5.950000e-01	4.033948e-01	4.033948e-01	4.033948e-01
5.950000e-01	6.000000e-01	4.033948e-01	4.033948e-01	4.033948e-01
6.000000e-01	6.050000e-01	2.823764e+00	1.067282e+00	1.067282e+00
6.050000e-01	6.100000e-01	2.420368e+00	9.881115e-01	9.881115e-01
6.100000e-01	6.150000e-01	1.613579e+00	8.067897e-01	8.067897e-01
6.150000e-01	6.200000e-01	2.016974e+00	9.020182e-01	9.020182e-01
6.200000e-01	6.250000e-01	1.613579e+00	8.067897e-01	8.067897e-01
6.250000e-01	6.300000e-01	5.647528e+00	1.509365e+00	1.509365e+00
6.300000e-01	6.350000e-01	4.840738e+00	1.397401e+00	1.397401e+00
6.350000e-01	6.400000e-01	4.033948e+00	1.275646e+00	1.275646e+00
6.400000e-01	6.450000e-01	9.278080e+00	1.934614e+00	1.934614e+00
6.450000e-01	6.500000e-01	6.454318e+00	1.613579e+00	1.613579e+00
6.500000e-01	6.550000e-01	1.169845e+01	2.172347e+00	2.172347e+00
6.550000e-01	6.600000e-01	1.290863e+01	2.281946e+00	2.281946e+00
6.600000e-01	6.650000e-01	1.411882e+01	2.386516e+00	2.386516e+00
6.650000e-01	6.700000e-01	2.380030e+01	3.098534e+00	3.098534e+00
6.700000e-01	6.750000e-01	2.702746e+01	3.301929e+00	3.301929e+00
6.750000e-01	6.800000e-01	2.541388e+01	3.201847e+00	3.201847e+00
6.800000e-01	6.850000e-01	2.985122e+01	3.470134e+00	3.470134e+00
6.850000e-01	6.900000e-01	3.388892e+01	3.697586e+00	3.697586e+00
6.900000e-01	6.950000e-01	4.356664e+01	4.192202e+00	4.192202e+00
6.950000e-01	7.000000e-01	4.317312e+01	4.173708e+00	4.173708e+00
7.000000e-01	7.050000e-01	5.163454e+01	4.563891e+00	4.563891e+00
7.050000e-01	7.100000e-01	5.526508e+01	4.721615e+00	4.721615e+00
7.100000e-01	7.150000e-01	6.293908e+01	5.039166e+00	5.039166e+00
7.150000e-01	7.200000e-01	5.929904e+01	4.890902e+00	4.890902e+00
7.200000e-01	7.250000e-01	7.422464e+01	5.471913e+00	5.471913e+00
7.250000e-01	7.300000e-01	8.915026e+01	5.996895e+00	5.996895e+00
7.300000e-01	7.350000e-01	9.197402e+01	6.091128e+00	6.091128e+00
7.350000e-01	7.400000e-01	1.012558e+02	6.391210e+00	6.391210e+00
7.400000e-01	7.450000e-01	9.279126e+01	6.118484e+00	6.118484e+00
7.450000e-01	7.500000e-01	1.278762e+02	7.182239e+00	7.182239e+00
7.500000e-01	7.550000e-01	1.081098e+02	6.603856e+00	6.603856e+00
7.550000e-01	7.600000e-01	1.169852e+02	6.869608e+00	6.869608e+00
7.600000e-01	7.650000e-01	1.246589e+02	7.091603e+00	7.091603e+00
7.650000e-01	7.700000e-01	1.258630e+02	7.125588e+00	7.125588e+00
7.700000e-01	7.750000e-01	1.452221e+02	7.653877e+00	7.653877e+00
7.750000e-01	7.800000e-01	1.460289e+02	7.675110e+00	7.675110e+00
7.800000e-01	7.850000e-01	1.781041e+02	8.483445e+00	8.483445e+00
7.850000e-01	7.900000e-01	1.585346e+02	7.997012e+00	7.997012e+00
7.900000e-01	7.950000e-01	1.698447e+02	8.277729e+00	8.277729e+00
7.950000e-01	8.000000e-01	1.597443e+02	8.027455e+00	8.027455e+00
8.000000e-01	8.050000e-01	1.702393e+02	8.287125e+00	8.287125e+00
8.050000e-01	8.100000e-01	1.750795e+02	8.404085e+00	8.404085e+00
8.100000e-01	8.150000e-01	1.791116e+02	8.500261e+00	8.500261e+00
8.150000e-01	8.200000e-01	1.787063e+02	8.490592e+00	8.490592e+00
8.200000e-01	8.250000e-01	1.887904e+02	8.726837e+00	8.726837e+00
8.250000e-01	8.300000e-01	2.004964e+02	8.993498e+00	8.993498e+00
8.300000e-01	8.350000e-01	1.831450e+02	8.595420e+00	8.595420e+00
8.350000e-01	8.400000e-01	1.835460e+02	8.604768e+00	8.604768e+00
8.400000e-01	8.450000e-01	2.057382e+02	9.110238e+00	9.110238e+00
8.450000e-01	8.500000e-01	1.996910e+02	8.975444e+00	8.975444e+00
8.500000e-01	8.550000e-01	1.928391e+02	8.820261e+00	8.820261e+00
8.550000e-01	8.600000e-01	2.012940e+02	9.011158e+00	9.011158e+00
8.600000e-01	8.650000e-01	2.089602e+02	9.181185e+00	9.181185e+00
8.650000e-01	8.700000e-01	2.049350e+02	9.092527e+00	9.092527e+00
8.700000e-01	8.750000e-01	2.146150e+02	9.304743e+00	9.304743e+00
8.750000e-01	8.800000e-01	2.190434e+02	9.400051e+00	9.400051e+00
8.800000e-01	8.850000e-01	2.097712e+02	9.199080e+00	9.199080e+00
8.850000e-01	8.900000e-01	2.384064e+02	9.806726e+00	9.806726e+00
8.900000e-01	8.950000e-01	2.408392e+02	9.856896e+00	9.856896e+00
8.950000e-01	9.000000e-01	2.452670e+02	9.946889e+00	9.946889e+00
9.000000e-01	9.050000e-01	2.303384e+02	9.639363e+00	9.639363e+00
9.050000e-01	9.100000e-01	2.618154e+02	1.027716e+01	1.027716e+01
9.100000e-01	9.150000e-01	2.513318e+02	1.006940e+01	1.006940e+01
9.150000e-01	9.200000e-01	2.610188e+02	1.026173e+01	1.026173e+01
9.200000e-01	9.250000e-01	2.989292e+02	1.098145e+01	1.098145e+01
9.250000e-01	9.300000e-01	3.259668e+02	1.146749e+01	1.146749e+01
9.300000e-01	9.350000e-01	3.344148e+02	1.161471e+01	1.161471e+01
9.350000e-01	9.400000e-01	3.650828e+02	1.213576e+01	1.213576e+01
9.400000e-01	9.450000e-01	3.969592e+02	1.265460e+01	1.265460e+01
9.450000e-01	9.500000e-01	4.360810e+02	1.326338e+01	1.326338e+01
9.500000e-01	9.550000e-01	4.840820e+02	1.397425e+01	1.397425e+01
9.550000e-01	9.600000e-01	5.579062e+02	1.500203e+01	1.500203e+01
9.600000e-01	9.650000e-01	6.624116e+02	1.634713e+01	1.634713e+01
9.650000e-01	9.700000e-01	7.483142e+02	1.737449e+01	1.737449e+01
9.700000e-01	9.750000e-01	9.229878e+02	1.929603e+01	1.929603e+01
9.750000e-01	9.800000e-01	1.130755e+03	2.135782e+01	2.135782e+01
9.800000e-01	9.850000e-01	1.223541e+03	2.221684e+01	2.221684e+01
9.850000e-01	9.900000e-01	1.209819e+03	2.209187e+01	2.209187e+01
9.900000e-01	9.950000e-01	8.596430e+02	1.862201e+01	1.862201e+01
9.950000e-01	1.000000e+00	5.768546e+01	4.823900e+00	4.823900e+00
# END HISTO1D

