# BEGIN PLOT
Legend=1
LogY=1
DrawOnly=//home/mogzyb/Work/Dis-2.0/ZH/Analysis.yoda/MyHAnalysis/H_TGPeak
LegendOnly=//home/mogzyb/Work/Dis-2.0/ZH/Analysis.yoda/MyHAnalysis/H_TGPeak
# END PLOT

# BEGIN HISTO1D //home/mogzyb/Work/Dis-2.0/ZH/Analysis.yoda/MyHAnalysis/H_TGPeak
LineColor=red
LineStyle=solid
Path=//home/mogzyb/Work/Dis-2.0/ZH/Analysis.yoda/MyHAnalysis/H_TGPeak
ScaledBy=2.24722052467799527e-01
Title=Analysis
# xlow	 xhigh	 val	 errminus	 errplus
9.000000e-01	9.010000e-01	2.299350e+02	2.153539e+01	2.153539e+01
9.010000e-01	9.020000e-01	2.259011e+02	2.134565e+01	2.134565e+01
9.020000e-01	9.030000e-01	2.158162e+02	2.086374e+01	2.086374e+01
9.030000e-01	9.040000e-01	2.561557e+02	2.273014e+01	2.273014e+01
9.040000e-01	9.050000e-01	2.238841e+02	2.125014e+01	2.125014e+01
9.050000e-01	9.060000e-01	2.945051e+02	2.437343e+01	2.437343e+01
9.060000e-01	9.070000e-01	2.319520e+02	2.162964e+01	2.162964e+01
9.070000e-01	9.080000e-01	2.662406e+02	2.317327e+01	2.317327e+01
9.080000e-01	9.090000e-01	2.380029e+02	2.190995e+01	2.190995e+01
9.090000e-01	9.100000e-01	2.783763e+02	2.369699e+01	2.369699e+01
9.100000e-01	9.110000e-01	2.440539e+02	2.218671e+01	2.218671e+01
9.110000e-01	9.120000e-01	2.582375e+02	2.282528e+01	2.282528e+01
9.120000e-01	9.130000e-01	2.561557e+02	2.273014e+01	2.273014e+01
9.130000e-01	9.140000e-01	2.581916e+02	2.282114e+01	2.282114e+01
9.140000e-01	9.150000e-01	2.400199e+02	2.200259e+01	2.200259e+01
9.150000e-01	9.160000e-01	2.601897e+02	2.290842e+01	2.290842e+01
9.160000e-01	9.170000e-01	2.722915e+02	2.343512e+01	2.343512e+01
9.170000e-01	9.180000e-01	2.663281e+02	2.318105e+01	2.318105e+01
9.180000e-01	9.190000e-01	2.501080e+02	2.246036e+01	2.246036e+01
9.190000e-01	9.200000e-01	2.561772e+02	2.273206e+01	2.273206e+01
9.200000e-01	9.210000e-01	2.662406e+02	2.317327e+01	2.317327e+01
9.210000e-01	9.220000e-01	2.783474e+02	2.369451e+01	2.369451e+01
9.220000e-01	9.230000e-01	3.287668e+02	2.575100e+01	2.575100e+01
9.230000e-01	9.240000e-01	3.227159e+02	2.551293e+01	2.551293e+01
9.240000e-01	9.250000e-01	2.985756e+02	2.454284e+01	2.454284e+01
9.250000e-01	9.260000e-01	3.348177e+02	2.598689e+01	2.598689e+01
9.260000e-01	9.270000e-01	3.287668e+02	2.575100e+01	2.575100e+01
9.270000e-01	9.280000e-01	3.085971e+02	2.494860e+01	2.494860e+01
9.280000e-01	9.290000e-01	3.307838e+02	2.582987e+01	2.582987e+01
9.290000e-01	9.300000e-01	3.268684e+02	2.568138e+01	2.568138e+01
9.300000e-01	9.310000e-01	3.267498e+02	2.567189e+01	2.567189e+01
9.310000e-01	9.320000e-01	3.247355e+02	2.559274e+01	2.559274e+01
9.320000e-01	9.330000e-01	3.469195e+02	2.645237e+01	2.645237e+01
9.330000e-01	9.340000e-01	3.408686e+02	2.622066e+01	2.622066e+01
9.340000e-01	9.350000e-01	3.328007e+02	2.590850e+01	2.590850e+01
9.350000e-01	9.360000e-01	3.247328e+02	2.559253e+01	2.559253e+01
9.360000e-01	9.370000e-01	3.751800e+02	2.750954e+01	2.750954e+01
9.370000e-01	9.380000e-01	3.206989e+02	2.543307e+01	2.543307e+01
9.380000e-01	9.390000e-01	3.670893e+02	2.721047e+01	2.721047e+01
9.390000e-01	9.400000e-01	4.377128e+02	2.971390e+01	2.971390e+01
9.400000e-01	9.410000e-01	3.772116e+02	2.758447e+01	2.758447e+01
9.410000e-01	9.420000e-01	3.671263e+02	2.721323e+01	2.721323e+01
9.420000e-01	9.430000e-01	3.791911e+02	2.765536e+01	2.765536e+01
9.430000e-01	9.440000e-01	4.074288e+02	2.866659e+01	2.866659e+01
9.440000e-01	9.450000e-01	4.538381e+02	3.025588e+01	3.025588e+01
9.450000e-01	9.460000e-01	4.437423e+02	2.991710e+01	2.991710e+01
9.460000e-01	9.470000e-01	4.235822e+02	2.922995e+01	2.922995e+01
9.470000e-01	9.480000e-01	4.296155e+02	2.943677e+01	2.943677e+01
9.480000e-01	9.490000e-01	4.235825e+02	2.922998e+01	2.922998e+01
9.490000e-01	9.500000e-01	4.598822e+02	3.045645e+01	3.045645e+01
9.500000e-01	9.510000e-01	3.812081e+02	2.772881e+01	2.772881e+01
9.510000e-01	9.520000e-01	4.901518e+02	3.144326e+01	3.144326e+01
9.520000e-01	9.530000e-01	5.022334e+02	3.182776e+01	3.182776e+01
9.530000e-01	9.540000e-01	4.699624e+02	3.078826e+01	3.078826e+01
9.540000e-01	9.550000e-01	5.768546e+02	3.411013e+01	3.411013e+01
9.550000e-01	9.560000e-01	4.942141e+02	3.157423e+01	3.157423e+01
9.560000e-01	9.570000e-01	5.304642e+02	3.270983e+01	3.270983e+01
9.570000e-01	9.580000e-01	5.829055e+02	3.428855e+01	3.428855e+01
9.580000e-01	9.590000e-01	5.566848e+02	3.350849e+01	3.350849e+01
9.590000e-01	9.600000e-01	6.252620e+02	3.551249e+01	3.551249e+01
9.600000e-01	9.610000e-01	5.970792e+02	3.470455e+01	3.470455e+01
9.610000e-01	9.620000e-01	6.938553e+02	3.741017e+01	3.741017e+01
9.620000e-01	9.630000e-01	6.575524e+02	3.641846e+01	3.641846e+01
9.630000e-01	9.640000e-01	6.152551e+02	3.522945e+01	3.522945e+01
9.640000e-01	9.650000e-01	7.483163e+02	3.885065e+01	3.885065e+01
9.650000e-01	9.660000e-01	6.999356e+02	3.757454e+01	3.757454e+01
9.660000e-01	9.670000e-01	7.119919e+02	3.789550e+01	3.789550e+01
9.670000e-01	9.680000e-01	7.523388e+02	3.895463e+01	3.895463e+01
9.680000e-01	9.690000e-01	8.128712e+02	4.049201e+01	4.049201e+01
9.690000e-01	9.700000e-01	7.644332e+02	3.926630e+01	3.926630e+01
9.700000e-01	9.710000e-01	8.430981e+02	4.123728e+01	4.123728e+01
9.710000e-01	9.720000e-01	8.289763e+02	4.089039e+01	4.089039e+01
9.720000e-01	9.730000e-01	9.540287e+02	4.386629e+01	4.386629e+01
9.730000e-01	9.740000e-01	8.936169e+02	4.245707e+01	4.245707e+01
9.740000e-01	9.750000e-01	1.095218e+03	4.700032e+01	4.700032e+01
9.750000e-01	9.760000e-01	1.119549e+03	4.752228e+01	4.752228e+01
9.760000e-01	9.770000e-01	1.149691e+03	4.815526e+01	4.815526e+01
9.770000e-01	9.780000e-01	1.113400e+03	4.738945e+01	4.738945e+01
9.780000e-01	9.790000e-01	1.179932e+03	4.878419e+01	4.878419e+01
9.790000e-01	9.800000e-01	1.091201e+03	4.691440e+01	4.691440e+01
9.800000e-01	9.810000e-01	1.216263e+03	4.953008e+01	4.953008e+01
9.810000e-01	9.820000e-01	1.200164e+03	4.920196e+01	4.920196e+01
9.820000e-01	9.830000e-01	1.254570e+03	5.030368e+01	5.030368e+01
9.830000e-01	9.840000e-01	1.157775e+03	4.832461e+01	4.832461e+01
9.840000e-01	9.850000e-01	1.288930e+03	5.098930e+01	5.098930e+01
9.850000e-01	9.860000e-01	1.250662e+03	5.022783e+01	5.022783e+01
9.860000e-01	9.870000e-01	1.280809e+03	5.082735e+01	5.082735e+01
9.870000e-01	9.880000e-01	1.131546e+03	4.777394e+01	4.777394e+01
9.880000e-01	9.890000e-01	1.173879e+03	4.865884e+01	4.865884e+01
9.890000e-01	9.900000e-01	1.212201e+03	4.944673e+01	4.944673e+01
9.900000e-01	9.910000e-01	1.163834e+03	4.845107e+01	4.845107e+01
9.910000e-01	9.920000e-01	9.338590e+02	4.340010e+01	4.340010e+01
9.920000e-01	9.930000e-01	8.673024e+02	4.182503e+01	4.182503e+01
9.930000e-01	9.940000e-01	8.330103e+02	4.098975e+01	4.098975e+01
9.940000e-01	9.950000e-01	5.002096e+02	3.176334e+01	3.176334e+01
9.950000e-01	9.960000e-01	2.259011e+02	2.134565e+01	2.134565e+01
9.960000e-01	9.970000e-01	5.042435e+01	1.008487e+01	1.008487e+01
9.970000e-01	9.980000e-01	1.008487e+01	4.510091e+00	4.510091e+00
9.980000e-01	9.990000e-01	2.016974e+00	2.016974e+00	2.016974e+00
9.990000e-01	1.000000e+00	0.000000e+00	0.000000e+00	0.000000e+00
# END HISTO1D

