# BEGIN PLOT
Legend=1
LogY=1
DrawOnly=//mt/home/mbridge/Work/my_higgsstrahlung2/Analysis.yoda/MyGeneralAnalysis/Eta
LegendOnly=//mt/home/mbridge/Work/my_higgsstrahlung2/Analysis.yoda/MyGeneralAnalysis/Eta
# END PLOT

# BEGIN HISTO1D //mt/home/mbridge/Work/my_higgsstrahlung2/Analysis.yoda/MyGeneralAnalysis/Eta
LineColor=red
LineStyle=solid
Path=//mt/home/mbridge/Work/my_higgsstrahlung2/Analysis.yoda/MyGeneralAnalysis/Eta
ScaledBy=4.32176146428111391e-03
Title=Analysis
# xlow	 xhigh	 val	 errminus	 errplus
-5.000000e+00	-4.900000e+00	0.000000e+00	0.000000e+00	0.000000e+00
-4.900000e+00	-4.800000e+00	0.000000e+00	0.000000e+00	0.000000e+00
-4.800000e+00	-4.700000e+00	0.000000e+00	0.000000e+00	0.000000e+00
-4.700000e+00	-4.600000e+00	1.308200e-05	1.308200e-05	1.308200e-05
-4.600000e+00	-4.500000e+00	0.000000e+00	0.000000e+00	0.000000e+00
-4.500000e+00	-4.400000e+00	0.000000e+00	0.000000e+00	0.000000e+00
-4.400000e+00	-4.300000e+00	7.599149e-04	5.373410e-04	5.373410e-04
-4.300000e+00	-4.200000e+00	3.799574e-04	3.799575e-04	3.799575e-04
-4.200000e+00	-4.100000e+00	1.139872e-03	6.581056e-04	6.581056e-04
-4.100000e+00	-4.000000e+00	0.000000e+00	0.000000e+00	0.000000e+00
-4.000000e+00	-3.900000e+00	3.799574e-04	3.799575e-04	3.799575e-04
-3.900000e+00	-3.800000e+00	1.532912e-03	7.600275e-04	7.600275e-04
-3.800000e+00	-3.700000e+00	1.519830e-03	7.599149e-04	7.599149e-04
-3.700000e+00	-3.600000e+00	3.799574e-04	3.799575e-04	3.799575e-04
-3.600000e+00	-3.500000e+00	3.039660e-03	1.074682e-03	1.074682e-03
-3.500000e+00	-3.400000e+00	1.899787e-03	8.496107e-04	8.496107e-04
-3.400000e+00	-3.300000e+00	1.899787e-03	8.496107e-04	8.496107e-04
-3.300000e+00	-3.200000e+00	3.052742e-03	1.074761e-03	1.074761e-03
-3.200000e+00	-3.100000e+00	5.319404e-03	1.421670e-03	1.421670e-03
-3.100000e+00	-3.000000e+00	7.651477e-03	1.699423e-03	1.699423e-03
-3.000000e+00	-2.900000e+00	6.904644e-03	1.612288e-03	1.612288e-03
-2.900000e+00	-2.800000e+00	7.625313e-03	1.699322e-03	1.699322e-03
-2.800000e+00	-2.700000e+00	1.455612e-02	2.342544e-03	2.342544e-03
-2.700000e+00	-2.600000e+00	1.147722e-02	2.081359e-03	2.081359e-03
-2.600000e+00	-2.500000e+00	1.601054e-02	2.462545e-03	2.462545e-03
-2.500000e+00	-2.400000e+00	2.026856e-02	2.766441e-03	2.766441e-03
-2.400000e+00	-2.300000e+00	2.104156e-02	2.818174e-03	2.818174e-03
-2.300000e+00	-2.200000e+00	2.754008e-02	3.224418e-03	3.224418e-03
-2.200000e+00	-2.100000e+00	3.170653e-02	3.461898e-03	3.461898e-03
-2.100000e+00	-2.000000e+00	3.523081e-02	3.644917e-03	3.644917e-03
-2.000000e+00	-1.900000e+00	3.984262e-02	3.875372e-03	3.875372e-03
-1.900000e+00	-1.800000e+00	5.481795e-02	4.544327e-03	4.544327e-03
-1.800000e+00	-1.700000e+00	7.088082e-02	5.168725e-03	5.168725e-03
-1.700000e+00	-1.600000e+00	7.961984e-02	5.480526e-03	5.480526e-03
-1.600000e+00	-1.500000e+00	8.750679e-02	5.738231e-03	5.738231e-03
-1.500000e+00	-1.400000e+00	1.039104e-01	6.255874e-03	6.255874e-03
-1.400000e+00	-1.300000e+00	1.211000e-01	6.755272e-03	6.755272e-03
-1.300000e+00	-1.200000e+00	1.470674e-01	7.437272e-03	7.437272e-03
-1.200000e+00	-1.100000e+00	1.658821e-01	7.907527e-03	7.907527e-03
-1.100000e+00	-1.000000e+00	2.056070e-01	8.806019e-03	8.806019e-03
-1.000000e+00	-9.000000e-01	2.085283e-01	8.863406e-03	8.863406e-03
-9.000000e-01	-8.000000e-01	2.483323e-01	9.680773e-03	9.680773e-03
-8.000000e-01	-7.000000e-01	3.170124e-01	1.094108e-02	1.094108e-02
-7.000000e-01	-6.000000e-01	3.380671e-01	1.129821e-02	1.129821e-02
-6.000000e-01	-5.000000e-01	3.516528e-01	1.151377e-02	1.151377e-02
-5.000000e-01	-4.000000e-01	3.884302e-01	1.210659e-02	1.210659e-02
-4.000000e-01	-3.000000e-01	4.253640e-01	1.266628e-02	1.266628e-02
-3.000000e-01	-2.000000e-01	4.588918e-01	1.315828e-02	1.315828e-02
-2.000000e-01	-1.000000e-01	4.751122e-01	1.339203e-02	1.339203e-02
-1.000000e-01	0.000000e+00	4.630844e-01	1.321849e-02	1.321849e-02
0.000000e+00	1.000000e-01	4.651150e-01	1.324583e-02	1.324583e-02
1.000000e-01	2.000000e-01	4.777065e-01	1.342968e-02	1.342968e-02
2.000000e-01	3.000000e-01	4.839952e-01	1.351551e-02	1.351551e-02
3.000000e-01	4.000000e-01	4.515555e-01	1.305891e-02	1.305891e-02
4.000000e-01	5.000000e-01	4.093403e-01	1.242459e-02	1.242459e-02
5.000000e-01	6.000000e-01	3.914306e-01	1.215417e-02	1.215417e-02
6.000000e-01	7.000000e-01	3.667863e-01	1.176776e-02	1.176776e-02
7.000000e-01	8.000000e-01	3.073298e-01	1.076830e-02	1.076830e-02
8.000000e-01	9.000000e-01	2.714960e-01	1.011851e-02	1.011851e-02
9.000000e-01	1.000000e+00	2.304743e-01	9.323738e-03	9.323738e-03
1.000000e+00	1.100000e+00	2.027112e-01	8.740304e-03	8.740304e-03
1.100000e+00	1.200000e+00	1.731536e-01	8.079150e-03	8.079150e-03
1.200000e+00	1.300000e+00	1.381720e-01	7.220104e-03	7.220104e-03
1.300000e+00	1.400000e+00	1.153091e-01	6.592950e-03	6.592950e-03
1.400000e+00	1.500000e+00	9.235466e-02	5.899396e-03	5.899396e-03
1.500000e+00	1.600000e+00	8.518780e-02	5.662205e-03	5.662205e-03
1.600000e+00	1.700000e+00	6.412065e-02	4.925193e-03	4.925193e-03
1.700000e+00	1.800000e+00	6.347848e-02	4.895951e-03	4.895951e-03
1.800000e+00	1.900000e+00	4.331457e-02	4.039618e-03	4.039618e-03
1.900000e+00	2.000000e+00	3.304264e-02	3.524260e-03	3.524260e-03
2.000000e+00	2.100000e+00	3.106436e-02	3.420168e-03	3.420168e-03
2.100000e+00	2.200000e+00	2.456583e-02	3.040194e-03	3.040194e-03
2.200000e+00	2.300000e+00	1.794957e-02	2.605087e-03	2.605087e-03
2.300000e+00	2.400000e+00	1.386162e-02	2.280270e-03	2.280270e-03
2.400000e+00	2.500000e+00	1.721582e-02	2.549134e-03	2.549134e-03
2.500000e+00	2.600000e+00	9.184389e-03	1.861633e-03	1.861633e-03
2.600000e+00	2.700000e+00	8.463720e-03	1.782543e-03	1.782543e-03
2.700000e+00	2.800000e+00	1.111034e-02	2.046426e-03	2.046426e-03
2.800000e+00	2.900000e+00	4.637981e-03	1.316601e-03	1.316601e-03
2.900000e+00	3.000000e+00	3.091988e-03	1.075000e-03	1.075000e-03
3.000000e+00	3.100000e+00	3.851902e-03	1.201816e-03	1.201816e-03
3.100000e+00	3.200000e+00	1.939033e-03	8.499128e-04	8.499128e-04
3.200000e+00	3.300000e+00	3.078906e-03	1.074921e-03	1.074921e-03
3.300000e+00	3.400000e+00	1.308200e-05	1.308200e-05	1.308200e-05
3.400000e+00	3.500000e+00	1.899787e-03	8.496107e-04	8.496107e-04
3.500000e+00	3.600000e+00	1.532912e-03	7.600275e-04	7.600275e-04
3.600000e+00	3.700000e+00	2.279745e-03	9.307018e-04	9.307018e-04
3.700000e+00	3.800000e+00	1.532912e-03	7.600275e-04	7.600275e-04
3.800000e+00	3.900000e+00	2.616400e-05	1.850074e-05	1.850074e-05
3.900000e+00	4.000000e+00	0.000000e+00	0.000000e+00	0.000000e+00
4.000000e+00	4.100000e+00	3.930394e-04	3.801826e-04	3.801826e-04
4.100000e+00	4.200000e+00	1.139872e-03	6.581056e-04	6.581056e-04
4.200000e+00	4.300000e+00	0.000000e+00	0.000000e+00	0.000000e+00
4.300000e+00	4.400000e+00	0.000000e+00	0.000000e+00	0.000000e+00
4.400000e+00	4.500000e+00	0.000000e+00	0.000000e+00	0.000000e+00
4.500000e+00	4.600000e+00	0.000000e+00	0.000000e+00	0.000000e+00
4.600000e+00	4.700000e+00	7.729969e-04	5.375002e-04	5.375002e-04
4.700000e+00	4.800000e+00	0.000000e+00	0.000000e+00	0.000000e+00
4.800000e+00	4.900000e+00	0.000000e+00	0.000000e+00	0.000000e+00
4.900000e+00	5.000000e+00	3.799574e-04	3.799575e-04	3.799575e-04
# END HISTO1D

