# BEGIN PLOT
Legend=1
LogY=1
DrawOnly=//mt/home/mbridge/Work/my_higgsstrahlung2/Analysis.yoda/MyGeneralAnalysis/Mult
LegendOnly=//mt/home/mbridge/Work/my_higgsstrahlung2/Analysis.yoda/MyGeneralAnalysis/Mult
# END PLOT

# BEGIN HISTO1D //mt/home/mbridge/Work/my_higgsstrahlung2/Analysis.yoda/MyGeneralAnalysis/Mult
LineColor=red
LineStyle=solid
Path=//mt/home/mbridge/Work/my_higgsstrahlung2/Analysis.yoda/MyGeneralAnalysis/Mult
ScaledBy=1.96289088149755986e-01
Title=Analysis
# xlow	 xhigh	 val	 errminus	 errplus
0.000000e+00	1.000000e+00	0.000000e+00	0.000000e+00	0.000000e+00
1.000000e+00	2.000000e+00	0.000000e+00	0.000000e+00	0.000000e+00
2.000000e+00	3.000000e+00	0.000000e+00	0.000000e+00	0.000000e+00
3.000000e+00	4.000000e+00	0.000000e+00	0.000000e+00	0.000000e+00
4.000000e+00	5.000000e+00	2.749005e-02	6.690812e-03	6.690812e-03
5.000000e+00	6.000000e+00	2.064659e-02	5.732194e-03	5.732194e-03
6.000000e+00	7.000000e+00	1.975534e-02	5.727574e-03	5.727574e-03
7.000000e+00	8.000000e+00	1.612565e-02	5.180569e-03	5.180569e-03
8.000000e+00	9.000000e+00	1.767312e-02	5.459470e-03	5.459470e-03
9.000000e+00	1.000000e+01	8.628600e-03	3.858828e-03	3.858828e-03
1.000000e+01	1.100000e+01	1.410284e-02	4.882881e-03	4.882881e-03
1.100000e+01	1.200000e+01	7.021713e-03	3.452463e-03	3.452463e-03
1.200000e+01	1.300000e+01	1.844554e-03	1.727764e-03	1.727764e-03
1.300000e+01	1.400000e+01	3.570274e-03	2.441983e-03	2.441983e-03
1.400000e+01	1.500000e+01	3.510857e-03	2.441260e-03	2.441260e-03
1.500000e+01	1.600000e+01	3.748524e-03	2.444150e-03	2.444150e-03
1.600000e+01	1.700000e+01	2.970841e-04	1.328601e-04	1.328601e-04
1.700000e+01	1.800000e+01	1.844554e-03	1.727764e-03	1.727764e-03
1.800000e+01	1.900000e+01	7.199964e-03	3.453996e-03	3.453996e-03
1.900000e+01	2.000000e+01	8.925684e-03	3.861114e-03	3.861114e-03
2.000000e+01	2.100000e+01	5.949579e-03	2.996702e-03	2.996702e-03
2.100000e+01	2.200000e+01	1.082965e-02	4.230473e-03	4.230473e-03
2.200000e+01	2.300000e+01	3.565010e-04	1.455409e-04	1.455409e-04
2.300000e+01	2.400000e+01	1.933942e-02	5.725416e-03	5.725416e-03
2.400000e+01	2.500000e+01	1.237712e-02	4.567759e-03	4.567759e-03
2.500000e+01	2.600000e+01	1.606623e-02	5.180228e-03	5.180228e-03
2.600000e+01	2.700000e+01	7.437631e-03	3.456040e-03	3.456040e-03
2.700000e+01	2.800000e+01	9.103934e-03	3.862485e-03	3.862485e-03
2.800000e+01	2.900000e+01	1.404343e-02	4.882520e-03	4.882520e-03
2.900000e+01	3.000000e+01	2.308794e-02	6.225292e-03	6.225292e-03
3.000000e+01	3.100000e+01	1.582856e-02	5.178865e-03	5.178865e-03
3.100000e+01	3.200000e+01	1.618506e-02	5.180909e-03	5.180909e-03
3.200000e+01	3.300000e+01	1.755428e-02	5.458823e-03	5.458823e-03
3.300000e+01	3.400000e+01	2.118397e-02	5.980431e-03	5.980431e-03
3.400000e+01	3.500000e+01	7.259381e-03	3.454507e-03	3.454507e-03
3.500000e+01	3.600000e+01	1.243654e-02	4.568145e-03	4.568145e-03
3.600000e+01	3.700000e+01	8.925684e-03	3.861114e-03	3.861114e-03
3.700000e+01	3.800000e+01	1.404343e-02	4.882520e-03	4.882520e-03
3.800000e+01	3.900000e+01	1.434051e-02	4.884327e-03	4.884327e-03
3.900000e+01	4.000000e+01	5.593078e-03	2.993166e-03	2.993166e-03
4.000000e+01	4.100000e+01	2.594522e-02	6.683949e-03	6.683949e-03
4.100000e+01	4.200000e+01	1.213946e-02	4.566213e-03	4.566213e-03
4.200000e+01	4.300000e+01	1.041374e-02	4.227551e-03	4.227551e-03
4.300000e+01	4.400000e+01	1.785137e-03	1.726743e-03	1.726743e-03
4.400000e+01	4.500000e+01	8.747433e-03	3.859742e-03	3.859742e-03
4.500000e+01	4.600000e+01	1.553148e-02	5.177159e-03	5.177159e-03
4.600000e+01	4.700000e+01	1.559090e-02	5.177500e-03	5.177500e-03
4.700000e+01	4.800000e+01	1.213946e-02	4.566213e-03	4.566213e-03
4.800000e+01	4.900000e+01	1.731662e-02	5.457529e-03	5.457529e-03
4.900000e+01	5.000000e+01	1.725720e-02	5.457205e-03	5.457205e-03
5.000000e+01	5.100000e+01	1.035432e-02	4.227134e-03	4.227134e-03
5.100000e+01	5.200000e+01	1.386518e-02	4.881435e-03	4.881435e-03
5.200000e+01	5.300000e+01	1.904234e-02	5.723874e-03	5.723874e-03
5.300000e+01	5.400000e+01	6.902880e-03	3.451440e-03	3.451440e-03
5.400000e+01	5.500000e+01	8.628600e-03	3.858828e-03	3.858828e-03
5.500000e+01	5.600000e+01	1.035432e-02	4.227134e-03	4.227134e-03
5.600000e+01	5.700000e+01	1.898292e-02	5.723565e-03	5.723565e-03
5.700000e+01	5.800000e+01	1.553148e-02	5.177159e-03	5.177159e-03
5.800000e+01	5.900000e+01	1.898292e-02	5.723565e-03	5.723565e-03
5.900000e+01	6.000000e+01	1.898292e-02	5.723565e-03	5.723565e-03
6.000000e+01	6.100000e+01	1.208004e-02	4.565826e-03	4.565826e-03
6.100000e+01	6.200000e+01	1.553148e-02	5.177159e-03	5.177159e-03
6.200000e+01	6.300000e+01	1.725720e-02	5.457205e-03	5.457205e-03
6.300000e+01	6.400000e+01	1.898292e-02	5.723565e-03	5.723565e-03
6.400000e+01	6.500000e+01	8.628600e-03	3.858828e-03	3.858828e-03
6.500000e+01	6.600000e+01	1.380576e-02	4.881073e-03	4.881073e-03
6.600000e+01	6.700000e+01	2.070864e-02	5.978069e-03	5.978069e-03
6.700000e+01	6.800000e+01	1.035432e-02	4.227134e-03	4.227134e-03
6.800000e+01	6.900000e+01	8.628600e-03	3.858828e-03	3.858828e-03
6.900000e+01	7.000000e+01	1.035432e-02	4.227134e-03	4.227134e-03
7.000000e+01	7.100000e+01	1.035432e-02	4.227134e-03	4.227134e-03
7.100000e+01	7.200000e+01	1.035432e-02	4.227134e-03	4.227134e-03
7.200000e+01	7.300000e+01	8.628600e-03	3.858828e-03	3.858828e-03
7.300000e+01	7.400000e+01	1.208004e-02	4.565826e-03	4.565826e-03
7.400000e+01	7.500000e+01	1.208004e-02	4.565826e-03	4.565826e-03
7.500000e+01	7.600000e+01	6.902880e-03	3.451440e-03	3.451440e-03
7.600000e+01	7.700000e+01	8.628600e-03	3.858828e-03	3.858828e-03
7.700000e+01	7.800000e+01	6.902880e-03	3.451440e-03	3.451440e-03
7.800000e+01	7.900000e+01	1.208004e-02	4.565826e-03	4.565826e-03
7.900000e+01	8.000000e+01	6.902880e-03	3.451440e-03	3.451440e-03
8.000000e+01	8.100000e+01	5.177160e-03	2.989035e-03	2.989035e-03
8.100000e+01	8.200000e+01	1.035432e-02	4.227134e-03	4.227134e-03
8.200000e+01	8.300000e+01	3.451440e-03	2.440537e-03	2.440537e-03
8.300000e+01	8.400000e+01	3.451440e-03	2.440537e-03	2.440537e-03
8.400000e+01	8.500000e+01	5.177160e-03	2.989035e-03	2.989035e-03
8.500000e+01	8.600000e+01	3.451440e-03	2.440537e-03	2.440537e-03
8.600000e+01	8.700000e+01	0.000000e+00	0.000000e+00	0.000000e+00
8.700000e+01	8.800000e+01	1.725720e-03	1.725720e-03	1.725720e-03
8.800000e+01	8.900000e+01	1.725720e-03	1.725720e-03	1.725720e-03
8.900000e+01	9.000000e+01	8.628600e-03	3.858828e-03	3.858828e-03
9.000000e+01	9.100000e+01	3.451440e-03	2.440537e-03	2.440537e-03
9.100000e+01	9.200000e+01	3.451440e-03	2.440537e-03	2.440537e-03
9.200000e+01	9.300000e+01	1.725720e-03	1.725720e-03	1.725720e-03
9.300000e+01	9.400000e+01	1.725720e-03	1.725720e-03	1.725720e-03
9.400000e+01	9.500000e+01	3.451440e-03	2.440537e-03	2.440537e-03
9.500000e+01	9.600000e+01	1.725720e-03	1.725720e-03	1.725720e-03
9.600000e+01	9.700000e+01	1.725720e-03	1.725720e-03	1.725720e-03
9.700000e+01	9.800000e+01	1.725720e-03	1.725720e-03	1.725720e-03
9.800000e+01	9.900000e+01	3.451440e-03	2.440537e-03	2.440537e-03
9.900000e+01	1.000000e+02	1.725720e-03	1.725720e-03	1.725720e-03
# END HISTO1D

