# BEGIN PLOT
Legend=1
LogY=1
DrawOnly=//mt/home/mbridge/Work/my_higgsstrahlung2/Analysis.yoda/MyGeneralAnalysis/PhiCh
LegendOnly=//mt/home/mbridge/Work/my_higgsstrahlung2/Analysis.yoda/MyGeneralAnalysis/PhiCh
# END PLOT

# BEGIN HISTO1D //mt/home/mbridge/Work/my_higgsstrahlung2/Analysis.yoda/MyGeneralAnalysis/PhiCh
LineColor=red
LineStyle=solid
Path=//mt/home/mbridge/Work/my_higgsstrahlung2/Analysis.yoda/MyGeneralAnalysis/PhiCh
ScaledBy=1.00000000000000000e+00
Title=Analysis
# xlow	 xhigh	 val	 errminus	 errplus
0.000000e+00	6.283185e-02	1.971954e+01	1.655801e+00	1.655801e+00
6.283185e-02	1.256637e-01	1.723943e+01	1.545781e+00	1.545781e+00
1.256637e-01	1.884956e-01	1.997046e+01	1.667540e+00	1.667540e+00
1.884956e-01	2.513274e-01	1.562319e+01	1.474349e+00	1.474349e+00
2.513274e-01	3.141593e-01	1.788122e+01	1.577039e+00	1.577039e+00
3.141593e-01	3.769911e-01	1.418518e+01	1.399580e+00	1.399580e+00
3.769911e-01	4.398230e-01	1.610556e+01	1.494234e+00	1.494234e+00
4.398230e-01	5.026548e-01	1.998494e+01	1.667563e+00	1.667563e+00
5.026548e-01	5.654867e-01	1.467741e+01	1.427168e+00	1.427168e+00
5.654867e-01	6.283185e-01	1.550253e+01	1.467725e+00	1.467725e+00
6.283185e-01	6.911504e-01	1.775576e+01	1.570841e+00	1.570841e+00
6.911504e-01	7.539822e-01	1.538188e+01	1.461072e+00	1.461072e+00
7.539822e-01	8.168141e-01	1.819480e+01	1.589457e+00	1.589457e+00
8.168141e-01	8.796459e-01	1.527086e+01	1.454404e+00	1.454404e+00
8.796459e-01	9.424778e-01	1.677146e+01	1.526587e+00	1.526587e+00
9.424778e-01	1.005310e+00	1.640942e+01	1.507311e+00	1.507311e+00
1.005310e+00	1.068142e+00	1.700793e+01	1.539288e+00	1.539288e+00
1.068142e+00	1.130973e+00	1.622645e+01	1.500762e+00	1.500762e+00
1.130973e+00	1.193805e+00	1.746142e+01	1.558303e+00	1.558303e+00
1.193805e+00	1.256637e+00	1.755777e+01	1.558452e+00	1.558452e+00
1.256637e+00	1.319469e+00	1.524191e+01	1.454352e+00	1.454352e+00
1.319469e+00	1.382301e+00	1.484622e+01	1.434057e+00	1.434057e+00
1.382301e+00	1.445133e+00	1.705610e+01	1.539364e+00	1.539364e+00
1.445133e+00	1.507964e+00	1.674280e+01	1.526563e+00	1.526563e+00
1.507964e+00	1.570796e+00	1.804522e+01	1.583268e+00	1.583268e+00
1.570796e+00	1.633628e+00	1.593670e+01	1.487619e+00	1.487619e+00
1.633628e+00	1.696460e+00	2.068931e+01	1.696664e+00	1.696664e+00
1.696460e+00	1.759292e+00	1.802112e+01	1.583232e+00	1.583232e+00
1.759292e+00	1.822124e+00	1.943963e+01	1.643930e+00	1.643930e+00
1.822124e+00	1.884956e+00	1.592708e+01	1.487603e+00	1.487603e+00
1.884956e+00	1.947787e+00	1.623609e+01	1.500777e+00	1.500777e+00
1.947787e+00	2.010619e+00	1.566649e+01	1.474415e+00	1.474415e+00
2.010619e+00	2.073451e+00	1.736004e+01	1.552068e+00	1.552068e+00
2.073451e+00	2.136283e+00	1.915497e+01	1.631969e+00	1.631969e+00
2.136283e+00	2.199115e+00	1.765435e+01	1.564654e+00	1.564654e+00
2.199115e+00	2.261947e+00	1.584014e+01	1.481094e+00	1.481094e+00
2.261947e+00	2.324779e+00	1.819958e+01	1.589461e+00	1.589461e+00
2.324779e+00	2.387610e+00	1.665105e+01	1.520213e+00	1.520213e+00
2.387610e+00	2.450442e+00	1.552175e+01	1.467752e+00	1.467752e+00
2.450442e+00	2.513274e+00	1.844089e+01	1.601674e+00	1.601674e+00
2.513274e+00	2.576106e+00	1.636612e+01	1.507247e+00	1.507247e+00
2.576106e+00	2.638938e+00	1.768807e+01	1.564706e+00	1.564706e+00
2.638938e+00	2.701770e+00	1.674734e+01	1.526546e+00	1.526546e+00
2.701770e+00	2.764602e+00	2.003788e+01	1.667635e+00	1.667635e+00
2.764602e+00	2.827433e+00	2.025542e+01	1.679271e+00	1.679271e+00
2.827433e+00	2.890265e+00	1.846499e+01	1.601710e+00	1.601710e+00
2.890265e+00	2.953097e+00	1.988350e+01	1.661733e+00	1.661733e+00
2.953097e+00	3.015929e+00	1.781353e+01	1.570928e+00	1.570928e+00
3.015929e+00	3.078761e+00	1.894738e+01	1.620035e+00	1.620035e+00
3.078761e+00	3.141593e+00	1.665561e+01	1.520196e+00	1.520196e+00
3.141593e+00	3.204425e+00	1.658313e+01	1.513851e+00	1.513851e+00
3.204425e+00	3.267256e+00	1.677653e+01	1.526616e+00	1.526616e+00
3.267256e+00	3.330088e+00	1.763507e+01	1.564624e+00	1.564624e+00
3.330088e+00	3.392920e+00	1.755295e+01	1.558444e+00	1.558444e+00
3.392920e+00	3.455752e+00	1.832023e+01	1.595579e+00	1.595579e+00
3.455752e+00	3.518584e+00	1.779426e+01	1.570898e+00	1.570898e+00
3.518584e+00	3.581416e+00	1.822850e+01	1.589505e+00	1.589505e+00
3.581416e+00	3.644247e+00	1.677653e+01	1.526616e+00	1.526616e+00
3.644247e+00	3.707079e+00	1.875447e+01	1.613902e+00	1.613902e+00
3.707079e+00	3.769911e+00	1.717193e+01	1.545673e+00	1.545673e+00
3.769911e+00	3.832743e+00	1.665078e+01	1.520189e+00	1.520189e+00
3.832743e+00	3.895575e+00	1.524672e+01	1.454360e+00	1.454360e+00
3.895575e+00	3.958407e+00	1.832023e+01	1.595579e+00	1.595579e+00
3.958407e+00	4.021239e+00	1.650605e+01	1.513728e+00	1.513728e+00
4.021239e+00	4.084070e+00	1.788630e+01	1.577069e+00	1.577069e+00
4.084070e+00	4.146902e+00	2.011036e+01	1.673397e+00	1.673397e+00
4.146902e+00	4.209734e+00	1.799222e+01	1.583188e+00	1.583188e+00
4.209734e+00	4.272566e+00	1.661224e+01	1.520128e+00	1.520128e+00
4.272566e+00	4.335398e+00	1.789564e+01	1.577059e+00	1.577059e+00
4.335398e+00	4.398230e+00	1.689209e+01	1.532953e+00	1.532953e+00
4.398230e+00	4.461062e+00	1.944928e+01	1.643943e+00	1.643943e+00
4.461062e+00	4.523893e+00	1.690199e+01	1.532993e+00	1.532993e+00
4.523893e+00	4.586725e+00	1.789564e+01	1.577059e+00	1.577059e+00
4.586725e+00	4.649557e+00	1.718639e+01	1.545695e+00	1.545695e+00
4.649557e+00	4.712389e+00	1.845053e+01	1.601688e+00	1.601688e+00
4.712389e+00	4.775221e+00	1.719603e+01	1.545710e+00	1.545710e+00
4.775221e+00	4.838053e+00	1.686800e+01	1.532915e+00	1.532915e+00
4.838053e+00	4.900885e+00	1.878337e+01	1.613945e+00	1.613945e+00
4.900885e+00	4.963716e+00	1.679098e+01	1.526639e+00	1.526639e+00
4.963716e+00	5.026548e+00	1.890884e+01	1.619978e+00	1.619978e+00
5.026548e+00	5.089380e+00	1.776054e+01	1.570846e+00	1.570846e+00
5.089380e+00	5.152212e+00	1.468703e+01	1.427182e+00	1.427182e+00
5.152212e+00	5.215044e+00	1.342771e+01	1.364052e+00	1.364052e+00
5.215044e+00	5.277876e+00	1.637575e+01	1.507262e+00	1.507262e+00
5.277876e+00	5.340708e+00	1.286319e+01	1.335028e+00	1.335028e+00
5.340708e+00	5.403539e+00	1.613469e+01	1.494302e+00	1.494302e+00
5.403539e+00	5.466371e+00	1.508271e+01	1.447573e+00	1.447573e+00
5.466371e+00	5.529203e+00	1.592225e+01	1.487596e+00	1.487596e+00
5.529203e+00	5.592035e+00	1.604773e+01	1.494139e+00	1.494139e+00
5.592035e+00	5.654867e+00	1.763025e+01	1.564617e+00	1.564617e+00
5.654867e+00	5.717699e+00	1.793419e+01	1.577117e+00	1.577117e+00
5.717699e+00	5.780530e+00	1.805513e+01	1.583308e+00	1.583308e+00
5.780530e+00	5.843362e+00	1.692100e+01	1.532999e+00	1.532999e+00
5.843362e+00	5.906194e+00	1.465330e+01	1.427125e+00	1.427125e+00
5.906194e+00	5.969026e+00	1.676662e+01	1.526577e+00	1.526577e+00
5.969026e+00	6.031858e+00	1.663151e+01	1.520158e+00	1.520158e+00
6.031858e+00	6.094690e+00	1.577270e+01	1.480985e+00	1.480985e+00
6.094690e+00	6.157522e+00	1.689692e+01	1.532961e+00	1.532961e+00
6.157522e+00	6.220353e+00	1.563784e+01	1.474391e+00	1.474391e+00
6.220353e+00	6.283185e+00	1.678107e+01	1.526600e+00	1.526600e+00
# END HISTO1D

