# BEGIN PLOT
Legend=1
LogY=1
DrawOnly=//mt/home/mbridge/Work/my_higgsstrahlung2/Analysis.yoda/MyGeneralAnalysis/RapidityCh
LegendOnly=//mt/home/mbridge/Work/my_higgsstrahlung2/Analysis.yoda/MyGeneralAnalysis/RapidityCh
# END PLOT

# BEGIN HISTO1D //mt/home/mbridge/Work/my_higgsstrahlung2/Analysis.yoda/MyGeneralAnalysis/RapidityCh
LineColor=red
LineStyle=solid
Path=//mt/home/mbridge/Work/my_higgsstrahlung2/Analysis.yoda/MyGeneralAnalysis/RapidityCh
ScaledBy=9.28245628553509006e-03
Title=Analysis
# xlow	 xhigh	 val	 errminus	 errplus
-5.000000e+00	-4.900000e+00	0.000000e+00	0.000000e+00	0.000000e+00
-4.900000e+00	-4.800000e+00	0.000000e+00	0.000000e+00	0.000000e+00
-4.800000e+00	-4.700000e+00	0.000000e+00	0.000000e+00	0.000000e+00
-4.700000e+00	-4.600000e+00	0.000000e+00	0.000000e+00	0.000000e+00
-4.600000e+00	-4.500000e+00	0.000000e+00	0.000000e+00	0.000000e+00
-4.500000e+00	-4.400000e+00	0.000000e+00	0.000000e+00	0.000000e+00
-4.400000e+00	-4.300000e+00	0.000000e+00	0.000000e+00	0.000000e+00
-4.300000e+00	-4.200000e+00	0.000000e+00	0.000000e+00	0.000000e+00
-4.200000e+00	-4.100000e+00	8.160882e-04	8.160882e-04	8.160882e-04
-4.100000e+00	-4.000000e+00	8.160882e-04	8.160882e-04	8.160882e-04
-4.000000e+00	-3.900000e+00	0.000000e+00	0.000000e+00	0.000000e+00
-3.900000e+00	-3.800000e+00	0.000000e+00	0.000000e+00	0.000000e+00
-3.800000e+00	-3.700000e+00	1.632176e-03	1.154123e-03	1.154123e-03
-3.700000e+00	-3.600000e+00	0.000000e+00	0.000000e+00	0.000000e+00
-3.600000e+00	-3.500000e+00	0.000000e+00	0.000000e+00	0.000000e+00
-3.500000e+00	-3.400000e+00	1.632176e-03	1.154123e-03	1.154123e-03
-3.400000e+00	-3.300000e+00	0.000000e+00	0.000000e+00	0.000000e+00
-3.300000e+00	-3.200000e+00	0.000000e+00	0.000000e+00	0.000000e+00
-3.200000e+00	-3.100000e+00	4.108539e-03	1.825045e-03	1.825045e-03
-3.100000e+00	-3.000000e+00	8.160882e-03	2.580697e-03	2.580697e-03
-3.000000e+00	-2.900000e+00	2.476363e-03	1.413785e-03	1.413785e-03
-2.900000e+00	-2.800000e+00	3.292451e-03	1.632418e-03	1.632418e-03
-2.800000e+00	-2.700000e+00	5.768813e-03	2.159532e-03	2.159532e-03
-2.700000e+00	-2.600000e+00	9.849254e-03	2.827292e-03	2.827292e-03
-2.600000e+00	-2.500000e+00	1.387350e-02	3.364818e-03	3.364818e-03
-2.500000e+00	-2.400000e+00	1.637796e-02	3.649874e-03	3.649874e-03
-2.400000e+00	-2.300000e+00	1.077773e-02	2.943252e-03	2.943252e-03
-2.300000e+00	-2.200000e+00	2.290666e-02	4.318516e-03	4.318516e-03
-2.200000e+00	-2.100000e+00	2.211867e-02	4.240798e-03	4.240798e-03
-2.100000e+00	-2.000000e+00	3.776484e-02	5.535550e-03	5.535550e-03
-2.000000e+00	-1.900000e+00	3.689256e-02	5.474918e-03	5.474918e-03
-1.900000e+00	-1.800000e+00	4.358985e-02	5.942009e-03	5.942009e-03
-1.800000e+00	-1.700000e+00	6.492053e-02	7.254421e-03	7.254421e-03
-1.700000e+00	-1.600000e+00	6.990136e-02	7.524958e-03	7.524958e-03
-1.600000e+00	-1.500000e+00	7.845561e-02	7.955881e-03	7.955881e-03
-1.500000e+00	-1.400000e+00	8.242366e-02	8.162284e-03	8.162284e-03
-1.400000e+00	-1.300000e+00	1.131247e-01	9.554009e-03	9.554009e-03
-1.300000e+00	-1.200000e+00	1.235933e-01	9.996656e-03	9.996656e-03
-1.200000e+00	-1.100000e+00	1.624272e-01	1.145638e-02	1.145638e-02
-1.100000e+00	-1.000000e+00	1.997986e-01	1.272320e-02	1.272320e-02
-1.000000e+00	-9.000000e-01	2.239147e-01	1.346129e-02	1.346129e-02
-9.000000e-01	-8.000000e-01	2.495788e-01	1.420784e-02	1.420784e-02
-8.000000e-01	-7.000000e-01	3.179897e-01	1.605624e-02	1.605624e-02
-7.000000e-01	-6.000000e-01	3.531938e-01	1.692465e-02	1.692465e-02
-6.000000e-01	-5.000000e-01	3.884530e-01	1.773255e-02	1.773255e-02
-5.000000e-01	-4.000000e-01	4.056751e-01	1.812269e-02	1.812269e-02
-4.000000e-01	-3.000000e-01	4.390224e-01	1.886093e-02	1.886093e-02
-3.000000e-01	-2.000000e-01	4.606902e-01	1.931485e-02	1.931485e-02
-2.000000e-01	-1.000000e-01	4.753517e-01	1.962271e-02	1.962271e-02
-1.000000e-01	0.000000e+00	4.982865e-01	2.009231e-02	2.009231e-02
0.000000e+00	1.000000e-01	4.360109e-01	1.879036e-02	1.879036e-02
1.000000e-01	2.000000e-01	5.217282e-01	2.056717e-02	2.056717e-02
2.000000e-01	3.000000e-01	5.291011e-01	2.071240e-02	2.071240e-02
3.000000e-01	4.000000e-01	4.742546e-01	1.960553e-02	1.960553e-02
4.000000e-01	5.000000e-01	4.414987e-01	1.891384e-02	1.891384e-02
5.000000e-01	6.000000e-01	4.237708e-01	1.853998e-02	1.853998e-02
6.000000e-01	7.000000e-01	3.607072e-01	1.710095e-02	1.710095e-02
7.000000e-01	8.000000e-01	3.187202e-01	1.605688e-02	1.605688e-02
8.000000e-01	9.000000e-01	2.543910e-01	1.434769e-02	1.434769e-02
9.000000e-01	1.000000e+00	2.395328e-01	1.392349e-02	1.392349e-02
1.000000e+00	1.100000e+00	2.131370e-01	1.313559e-02	1.313559e-02
1.100000e+00	1.200000e+00	1.564898e-01	1.125079e-02	1.125079e-02
1.200000e+00	1.300000e+00	1.398027e-01	1.064190e-02	1.064190e-02
1.300000e+00	1.400000e+00	1.137722e-01	9.588553e-03	9.588553e-03
1.400000e+00	1.500000e+00	7.592305e-02	7.829155e-03	7.829155e-03
1.500000e+00	1.600000e+00	8.881187e-02	8.482154e-03	8.482154e-03
1.600000e+00	1.700000e+00	5.898313e-02	6.925194e-03	6.925194e-03
1.700000e+00	1.800000e+00	5.014665e-02	6.374658e-03	6.374658e-03
1.800000e+00	1.900000e+00	2.971635e-02	4.897496e-03	4.897496e-03
1.900000e+00	2.000000e+00	2.721189e-02	4.688911e-03	4.688911e-03
2.000000e+00	2.100000e+00	2.147117e-02	4.162103e-03	4.162103e-03
2.100000e+00	2.200000e+00	1.558997e-02	3.557579e-03	3.557579e-03
2.200000e+00	2.300000e+00	1.235371e-02	3.161195e-03	3.161195e-03
2.300000e+00	2.400000e+00	1.395779e-02	3.365170e-03	3.365170e-03
2.400000e+00	2.500000e+00	6.725392e-03	2.309443e-03	2.309443e-03
2.500000e+00	2.600000e+00	4.980823e-03	1.999592e-03	1.999592e-03
2.600000e+00	2.700000e+00	5.825009e-03	2.159897e-03	2.159897e-03
2.700000e+00	2.800000e+00	5.740715e-03	2.159349e-03	2.159349e-03
2.800000e+00	2.900000e+00	2.504461e-03	1.414065e-03	1.414065e-03
2.900000e+00	3.000000e+00	8.160882e-04	8.160882e-04	8.160882e-04
3.000000e+00	3.100000e+00	8.429416e-05	4.866726e-05	4.866726e-05
3.100000e+00	3.200000e+00	8.160882e-04	8.160882e-04	8.160882e-04
3.200000e+00	3.300000e+00	3.292451e-03	1.632418e-03	1.632418e-03
3.300000e+00	3.400000e+00	1.632176e-03	1.154123e-03	1.154123e-03
3.400000e+00	3.500000e+00	0.000000e+00	0.000000e+00	0.000000e+00
3.500000e+00	3.600000e+00	0.000000e+00	0.000000e+00	0.000000e+00
3.600000e+00	3.700000e+00	8.160882e-04	8.160882e-04	8.160882e-04
3.700000e+00	3.800000e+00	0.000000e+00	0.000000e+00	0.000000e+00
3.800000e+00	3.900000e+00	0.000000e+00	0.000000e+00	0.000000e+00
3.900000e+00	4.000000e+00	2.809805e-05	2.809805e-05	2.809805e-05
4.000000e+00	4.100000e+00	0.000000e+00	0.000000e+00	0.000000e+00
4.100000e+00	4.200000e+00	0.000000e+00	0.000000e+00	0.000000e+00
4.200000e+00	4.300000e+00	0.000000e+00	0.000000e+00	0.000000e+00
4.300000e+00	4.400000e+00	0.000000e+00	0.000000e+00	0.000000e+00
4.400000e+00	4.500000e+00	0.000000e+00	0.000000e+00	0.000000e+00
4.500000e+00	4.600000e+00	0.000000e+00	0.000000e+00	0.000000e+00
4.600000e+00	4.700000e+00	0.000000e+00	0.000000e+00	0.000000e+00
4.700000e+00	4.800000e+00	0.000000e+00	0.000000e+00	0.000000e+00
4.800000e+00	4.900000e+00	0.000000e+00	0.000000e+00	0.000000e+00
4.900000e+00	5.000000e+00	0.000000e+00	0.000000e+00	0.000000e+00
# END HISTO1D

