# BEGIN PLOT
Legend=1
LogY=0
DrawOnly=//mt/home/mbridge/Work/MyHiggsstrahlungV2/MyHiggsstrahlungHZZ/Analysis.yoda/MyFSAnalysis/EtaCh
LegendOnly=//mt/home/mbridge/Work/MyHiggsstrahlungV2/MyHiggsstrahlungHZZ/Analysis.yoda/MyFSAnalysis/EtaCh
# END PLOT

# BEGIN HISTO1D //mt/home/mbridge/Work/MyHiggsstrahlungV2/MyHiggsstrahlungHZZ/Analysis.yoda/MyFSAnalysis/EtaCh
LineColor=red
LineStyle=solid
Path=//mt/home/mbridge/Work/MyHiggsstrahlungV2/MyHiggsstrahlungHZZ/Analysis.yoda/MyFSAnalysis/EtaCh
ScaledBy=1.94963327444602156e-03
Title=Analysis
# xlow	 xhigh	 val	 errminus	 errplus
-5.000000e+00	-4.900000e+00	1.503149e-04	3.280140e-05	3.280140e-05
-4.900000e+00	-4.800000e+00	9.308392e-05	2.581685e-05	2.581685e-05
-4.800000e+00	-4.700000e+00	1.646306e-04	3.432786e-05	3.432786e-05
-4.700000e+00	-4.600000e+00	1.717885e-04	3.506617e-05	3.506617e-05
-4.600000e+00	-4.500000e+00	1.861346e-04	3.650401e-05	3.650401e-05
-4.500000e+00	-4.400000e+00	2.863256e-04	4.527206e-05	4.527206e-05
-4.400000e+00	-4.300000e+00	3.580601e-04	5.063761e-05	5.063761e-05
-4.300000e+00	-4.200000e+00	4.079976e-04	5.404061e-05	5.404061e-05
-4.200000e+00	-4.100000e+00	5.439968e-04	6.240071e-05	6.240071e-05
-4.100000e+00	-4.000000e+00	5.726282e-04	6.402178e-05	6.402178e-05
-4.000000e+00	-3.900000e+00	6.086152e-04	6.601388e-05	6.601388e-05
-3.900000e+00	-3.800000e+00	9.806293e-04	8.378081e-05	8.378081e-05
-3.800000e+00	-3.700000e+00	1.052204e-03	8.678435e-05	8.678435e-05
-3.700000e+00	-3.600000e+00	1.309969e-03	9.683576e-05	9.683576e-05
-3.600000e+00	-3.500000e+00	1.517528e-03	1.042243e-04	1.042243e-04
-3.500000e+00	-3.400000e+00	1.989941e-03	1.193488e-04	1.193488e-04
-3.400000e+00	-3.300000e+00	2.484108e-03	1.333540e-04	1.333540e-04
-3.300000e+00	-3.200000e+00	2.956193e-03	1.454647e-04	1.454647e-04
-3.200000e+00	-3.100000e+00	3.686399e-03	1.624422e-04	1.624422e-04
-3.100000e+00	-3.000000e+00	3.979974e-03	1.687885e-04	1.687885e-04
-3.000000e+00	-2.900000e+00	5.389913e-03	1.964193e-04	1.964193e-04
-2.900000e+00	-2.800000e+00	6.356483e-03	2.133097e-04	2.133097e-04
-2.800000e+00	-2.700000e+00	7.916638e-03	2.380473e-04	2.380473e-04
-2.700000e+00	-2.600000e+00	9.978291e-03	2.672544e-04	2.672544e-04
-2.600000e+00	-2.500000e+00	1.181091e-02	2.907646e-04	2.907646e-04
-2.500000e+00	-2.400000e+00	1.445893e-02	3.217069e-04	3.217069e-04
-2.400000e+00	-2.300000e+00	1.715753e-02	3.504457e-04	3.504457e-04
-2.300000e+00	-2.200000e+00	2.130216e-02	3.904876e-04	3.904876e-04
-2.200000e+00	-2.100000e+00	2.656338e-02	4.360516e-04	4.360516e-04
-2.100000e+00	-2.000000e+00	3.163142e-02	4.758355e-04	4.758355e-04
-2.000000e+00	-1.900000e+00	3.912552e-02	5.292067e-04	5.292067e-04
-1.900000e+00	-1.800000e+00	4.697105e-02	5.798454e-04	5.798454e-04
-1.800000e+00	-1.700000e+00	5.624079e-02	6.344876e-04	6.344876e-04
-1.700000e+00	-1.600000e+00	6.835979e-02	6.995184e-04	6.995184e-04
-1.600000e+00	-1.500000e+00	8.125177e-02	7.626335e-04	7.626335e-04
-1.500000e+00	-1.400000e+00	1.005204e-01	8.482510e-04	8.482510e-04
-1.400000e+00	-1.300000e+00	1.168691e-01	9.146323e-04	9.146323e-04
-1.300000e+00	-1.200000e+00	1.405561e-01	1.003052e-03	1.003052e-03
-1.200000e+00	-1.100000e+00	1.639705e-01	1.083382e-03	1.083382e-03
-1.100000e+00	-1.000000e+00	1.943510e-01	1.179489e-03	1.179489e-03
-1.000000e+00	-9.000000e-01	2.279783e-01	1.277455e-03	1.277455e-03
-9.000000e-01	-8.000000e-01	2.635178e-01	1.373421e-03	1.373421e-03
-8.000000e-01	-7.000000e-01	3.000801e-01	1.465603e-03	1.465603e-03
-7.000000e-01	-6.000000e-01	3.385273e-01	1.556666e-03	1.556666e-03
-6.000000e-01	-5.000000e-01	3.758186e-01	1.640160e-03	1.640160e-03
-5.000000e-01	-4.000000e-01	4.103307e-01	1.713823e-03	1.713823e-03
-4.000000e-01	-3.000000e-01	4.447614e-01	1.784278e-03	1.784278e-03
-3.000000e-01	-2.000000e-01	4.706758e-01	1.835528e-03	1.835528e-03
-2.000000e-01	-1.000000e-01	4.868502e-01	1.866794e-03	1.866794e-03
-1.000000e-01	0.000000e+00	4.972284e-01	1.886584e-03	1.886584e-03
0.000000e+00	1.000000e-01	4.977634e-01	1.887595e-03	1.887595e-03
1.000000e-01	2.000000e-01	4.914111e-01	1.875520e-03	1.875520e-03
2.000000e-01	3.000000e-01	4.708256e-01	1.835819e-03	1.835819e-03
3.000000e-01	4.000000e-01	4.435811e-01	1.781911e-03	1.781911e-03
4.000000e-01	5.000000e-01	4.098989e-01	1.712916e-03	1.712916e-03
5.000000e-01	6.000000e-01	3.723344e-01	1.632544e-03	1.632544e-03
6.000000e-01	7.000000e-01	3.343986e-01	1.547147e-03	1.547147e-03
7.000000e-01	8.000000e-01	2.948263e-01	1.452717e-03	1.452717e-03
8.000000e-01	9.000000e-01	2.608470e-01	1.366441e-03	1.366441e-03
9.000000e-01	1.000000e+00	2.277061e-01	1.276692e-03	1.276692e-03
1.000000e+00	1.100000e+00	1.958586e-01	1.184047e-03	1.184047e-03
1.100000e+00	1.200000e+00	1.647002e-01	1.085789e-03	1.085789e-03
1.200000e+00	1.300000e+00	1.403337e-01	1.002256e-03	1.002256e-03
1.300000e+00	1.400000e+00	1.160757e-01	9.115267e-04	9.115267e-04
1.400000e+00	1.500000e+00	9.878190e-02	8.408876e-04	8.408876e-04
1.500000e+00	1.600000e+00	8.228959e-02	7.674881e-04	7.674881e-04
1.600000e+00	1.700000e+00	6.863148e-02	7.009055e-04	7.009055e-04
1.700000e+00	1.800000e+00	5.801652e-02	6.444294e-04	6.444294e-04
1.800000e+00	1.900000e+00	4.808752e-02	5.866952e-04	5.866952e-04
1.900000e+00	2.000000e+00	3.934800e-02	5.307133e-04	5.307133e-04
2.000000e+00	2.100000e+00	3.258329e-02	4.829408e-04	4.829408e-04
2.100000e+00	2.200000e+00	2.712945e-02	4.406781e-04	4.406781e-04
2.200000e+00	2.300000e+00	2.200380e-02	3.968679e-04	3.968679e-04
2.300000e+00	2.400000e+00	1.847507e-02	3.636571e-04	3.636571e-04
2.400000e+00	2.500000e+00	1.591965e-02	3.375719e-04	3.375719e-04
2.500000e+00	2.600000e+00	1.279121e-02	3.025864e-04	3.025864e-04
2.600000e+00	2.700000e+00	1.012856e-02	2.692585e-04	2.692585e-04
2.700000e+00	2.800000e+00	8.052859e-03	2.400899e-04	2.400899e-04
2.800000e+00	2.900000e+00	6.757019e-03	2.199222e-04	2.199222e-04
2.900000e+00	3.000000e+00	5.475813e-03	1.979784e-04	1.979784e-04
3.000000e+00	3.100000e+00	4.402096e-03	1.775096e-04	1.775096e-04
3.100000e+00	3.200000e+00	3.750781e-03	1.638537e-04	1.638537e-04
3.200000e+00	3.300000e+00	2.848825e-03	1.427987e-04	1.427987e-04
3.300000e+00	3.400000e+00	2.576827e-03	1.358107e-04	1.358107e-04
3.400000e+00	3.500000e+00	1.911147e-03	1.169603e-04	1.169603e-04
3.500000e+00	3.600000e+00	1.782349e-03	1.129518e-04	1.129518e-04
3.600000e+00	3.700000e+00	1.374308e-03	9.918212e-05	9.918212e-05
3.700000e+00	3.800000e+00	1.130941e-03	8.997281e-05	8.997281e-05
3.800000e+00	3.900000e+00	7.873638e-04	7.507219e-05	7.507219e-05
3.900000e+00	4.000000e+00	8.160115e-04	7.642648e-05	7.642648e-05
4.000000e+00	4.100000e+00	5.583636e-04	6.322225e-05	6.322225e-05
4.100000e+00	4.200000e+00	4.939129e-04	5.946012e-05	5.946012e-05
4.200000e+00	4.300000e+00	3.936819e-04	5.308406e-05	5.308406e-05
4.300000e+00	4.400000e+00	2.934720e-04	4.583262e-05	4.583262e-05
4.400000e+00	4.500000e+00	3.435769e-04	4.959106e-05	4.959106e-05
4.500000e+00	4.600000e+00	1.717885e-04	3.506617e-05	3.506617e-05
4.600000e+00	4.700000e+00	1.646306e-04	3.432786e-05	3.432786e-05
4.700000e+00	4.800000e+00	8.589423e-05	2.479553e-05	2.479553e-05
4.800000e+00	4.900000e+00	1.073678e-04	2.772224e-05	2.772224e-05
4.900000e+00	5.000000e+00	9.305208e-05	2.580800e-05	2.580800e-05
# END HISTO1D

