# BEGIN PLOT
Legend=1
LogY=0
DrawOnly=//mt/home/mbridge/Work/MyHiggsstrahlungV2/MyHiggsstrahlungHZZ/Analysis.yoda/MyFSAnalysis/PhiCh
LegendOnly=//mt/home/mbridge/Work/MyHiggsstrahlungV2/MyHiggsstrahlungHZZ/Analysis.yoda/MyFSAnalysis/PhiCh
# END PLOT

# BEGIN HISTO1D //mt/home/mbridge/Work/MyHiggsstrahlungV2/MyHiggsstrahlungHZZ/Analysis.yoda/MyFSAnalysis/PhiCh
LineColor=red
LineStyle=solid
Path=//mt/home/mbridge/Work/MyHiggsstrahlungV2/MyHiggsstrahlungHZZ/Analysis.yoda/MyFSAnalysis/PhiCh
ScaledBy=1.00000000000000000e+00
Title=Analysis
# xlow	 xhigh	 val	 errminus	 errplus
0.000000e+00	6.283185e-02	8.038062e+01	6.853387e-01	6.853387e-01
6.283185e-02	1.256637e-01	8.051590e+01	6.859191e-01	6.859191e-01
1.256637e-01	1.884956e-01	8.135092e+01	6.894641e-01	6.894641e-01
1.884956e-01	2.513274e-01	8.289408e+01	6.959750e-01	6.959750e-01
2.513274e-01	3.141593e-01	8.297664e+01	6.963248e-01	6.963248e-01
3.141593e-01	3.769911e-01	8.196541e+01	6.920671e-01	6.920671e-01
3.769911e-01	4.398230e-01	8.053901e+01	6.860164e-01	6.860164e-01
4.398230e-01	5.026548e-01	8.181884e+01	6.914461e-01	6.914461e-01
5.026548e-01	5.654867e-01	8.052642e+01	6.859588e-01	6.859588e-01
5.654867e-01	6.283185e-01	8.056771e+01	6.861363e-01	6.861363e-01
6.283185e-01	6.911504e-01	8.133451e+01	6.893995e-01	6.893995e-01
6.911504e-01	7.539822e-01	8.163234e+01	6.906599e-01	6.906599e-01
7.539822e-01	8.168141e-01	8.279438e+01	6.955548e-01	6.955548e-01
8.168141e-01	8.796459e-01	8.193050e+01	6.919205e-01	6.919205e-01
8.796459e-01	9.424778e-01	8.020636e+01	6.846000e-01	6.846000e-01
9.424778e-01	1.005310e+00	8.349006e+01	6.984722e-01	6.984722e-01
1.005310e+00	1.068142e+00	8.078406e+01	6.870578e-01	6.870578e-01
1.068142e+00	1.130973e+00	8.062230e+01	6.863774e-01	6.863774e-01
1.130973e+00	1.193805e+00	8.000059e+01	6.837159e-01	6.837159e-01
1.193805e+00	1.256637e+00	8.036381e+01	6.852703e-01	6.852703e-01
1.256637e+00	1.319469e+00	8.155548e+01	6.903308e-01	6.903308e-01
1.319469e+00	1.382301e+00	8.139891e+01	6.896728e-01	6.896728e-01
1.382301e+00	1.445133e+00	8.254956e+01	6.945282e-01	6.945282e-01
1.445133e+00	1.507964e+00	8.091980e+01	6.876403e-01	6.876403e-01
1.507964e+00	1.570796e+00	8.191748e+01	6.918599e-01	6.918599e-01
1.570796e+00	1.633628e+00	8.128108e+01	6.891694e-01	6.891694e-01
1.633628e+00	1.696460e+00	8.192994e+01	6.919158e-01	6.919158e-01
1.696460e+00	1.759292e+00	8.091202e+01	6.875991e-01	6.875991e-01
1.759292e+00	1.822124e+00	8.187179e+01	6.916714e-01	6.916714e-01
1.822124e+00	1.884956e+00	8.268970e+01	6.951171e-01	6.951171e-01
1.884956e+00	1.947787e+00	7.888054e+01	6.789208e-01	6.789208e-01
1.947787e+00	2.010619e+00	8.014208e+01	6.843256e-01	6.843256e-01
2.010619e+00	2.073451e+00	8.042873e+01	6.855497e-01	6.855497e-01
2.073451e+00	2.136283e+00	8.081852e+01	6.872015e-01	6.872015e-01
2.136283e+00	2.199115e+00	8.108263e+01	6.883285e-01	6.883285e-01
2.199115e+00	2.261947e+00	8.110055e+01	6.884064e-01	6.884064e-01
2.261947e+00	2.324779e+00	8.118188e+01	6.887494e-01	6.887494e-01
2.324779e+00	2.387610e+00	8.158651e+01	6.904697e-01	6.904697e-01
2.387610e+00	2.450442e+00	8.125899e+01	6.890814e-01	6.890814e-01
2.450442e+00	2.513274e+00	8.015414e+01	6.843787e-01	6.843787e-01
2.513274e+00	2.576106e+00	8.052795e+01	6.859721e-01	6.859721e-01
2.576106e+00	2.638938e+00	8.124020e+01	6.889961e-01	6.889961e-01
2.638938e+00	2.701770e+00	8.043962e+01	6.855927e-01	6.855927e-01
2.701770e+00	2.764602e+00	8.094305e+01	6.877387e-01	6.877387e-01
2.764602e+00	2.827433e+00	8.134055e+01	6.894259e-01	6.894259e-01
2.827433e+00	2.890265e+00	8.145120e+01	6.898933e-01	6.898933e-01
2.890265e+00	2.953097e+00	8.160221e+01	6.905284e-01	6.905284e-01
2.953097e+00	3.015929e+00	8.211698e+01	6.927053e-01	6.927053e-01
3.015929e+00	3.078761e+00	8.207043e+01	6.925099e-01	6.925099e-01
3.078761e+00	3.141593e+00	8.208817e+01	6.925858e-01	6.925858e-01
3.141593e+00	3.204425e+00	8.151983e+01	6.901772e-01	6.901772e-01
3.204425e+00	3.267256e+00	8.256743e+01	6.946047e-01	6.946047e-01
3.267256e+00	3.330088e+00	8.345486e+01	6.983245e-01	6.983245e-01
3.330088e+00	3.392920e+00	8.130534e+01	6.892762e-01	6.892762e-01
3.392920e+00	3.455752e+00	8.281786e+01	6.956539e-01	6.956539e-01
3.455752e+00	3.518584e+00	8.117037e+01	6.887014e-01	6.887014e-01
3.518584e+00	3.581416e+00	8.156747e+01	6.903827e-01	6.903827e-01
3.581416e+00	3.644247e+00	8.257376e+01	6.946335e-01	6.946335e-01
3.644247e+00	3.707079e+00	8.288781e+01	6.959469e-01	6.959469e-01
3.707079e+00	3.769911e+00	8.170131e+01	6.909466e-01	6.909466e-01
3.769911e+00	3.832743e+00	8.156167e+01	6.903583e-01	6.903583e-01
3.832743e+00	3.895575e+00	8.039776e+01	6.854102e-01	6.854102e-01
3.895575e+00	3.958407e+00	8.226248e+01	6.933163e-01	6.933163e-01
3.958407e+00	4.021239e+00	8.156150e+01	6.903571e-01	6.903571e-01
4.021239e+00	4.084070e+00	8.185467e+01	6.916009e-01	6.916009e-01
4.084070e+00	4.146902e+00	8.241582e+01	6.939681e-01	6.939681e-01
4.146902e+00	4.209734e+00	8.178972e+01	6.913236e-01	6.913236e-01
4.209734e+00	4.272566e+00	8.119328e+01	6.887965e-01	6.887965e-01
4.272566e+00	4.335398e+00	8.207025e+01	6.925082e-01	6.925082e-01
4.335398e+00	4.398230e+00	8.275988e+01	6.954124e-01	6.954124e-01
4.398230e+00	4.461062e+00	8.189458e+01	6.917651e-01	6.917651e-01
4.461062e+00	4.523893e+00	8.110159e+01	6.884151e-01	6.884151e-01
4.523893e+00	4.586725e+00	8.090744e+01	6.875850e-01	6.875850e-01
4.586725e+00	4.649557e+00	8.092485e+01	6.876584e-01	6.876584e-01
4.649557e+00	4.712389e+00	8.089679e+01	6.875442e-01	6.875442e-01
4.712389e+00	4.775221e+00	8.149215e+01	6.900668e-01	6.900668e-01
4.775221e+00	4.838053e+00	8.278774e+01	6.955235e-01	6.955235e-01
4.838053e+00	4.900885e+00	8.198324e+01	6.921440e-01	6.921440e-01
4.900885e+00	4.963716e+00	8.220009e+01	6.930613e-01	6.930613e-01
4.963716e+00	5.026548e+00	8.377117e+01	6.996497e-01	6.996497e-01
5.026548e+00	5.089380e+00	8.279448e+01	6.955557e-01	6.955557e-01
5.089380e+00	5.152212e+00	8.372399e+01	6.994509e-01	6.994509e-01
5.152212e+00	5.215044e+00	8.266727e+01	6.950269e-01	6.950269e-01
5.215044e+00	5.277876e+00	8.363033e+01	6.990588e-01	6.990588e-01
5.277876e+00	5.340708e+00	8.190080e+01	6.917931e-01	6.917931e-01
5.340708e+00	5.403539e+00	8.282540e+01	6.956928e-01	6.956928e-01
5.403539e+00	5.466371e+00	8.157393e+01	6.904126e-01	6.904126e-01
5.466371e+00	5.529203e+00	8.103603e+01	6.881314e-01	6.881314e-01
5.529203e+00	5.592035e+00	8.260116e+01	6.947410e-01	6.947410e-01
5.592035e+00	5.654867e+00	8.139176e+01	6.896370e-01	6.896370e-01
5.654867e+00	5.717699e+00	8.270611e+01	6.951813e-01	6.951813e-01
5.717699e+00	5.780530e+00	8.161624e+01	6.905977e-01	6.905977e-01
5.780530e+00	5.843362e+00	8.178888e+01	6.913164e-01	6.913164e-01
5.843362e+00	5.906194e+00	8.192456e+01	6.918951e-01	6.918951e-01
5.906194e+00	5.969026e+00	8.275350e+01	6.953831e-01	6.953831e-01
5.969026e+00	6.031858e+00	8.275904e+01	6.954051e-01	6.954051e-01
6.031858e+00	6.094690e+00	8.134476e+01	6.894368e-01	6.894368e-01
6.094690e+00	6.157522e+00	7.994839e+01	6.834945e-01	6.834945e-01
6.157522e+00	6.220353e+00	8.132322e+01	6.893533e-01	6.893533e-01
6.220353e+00	6.283185e+00	8.144988e+01	6.898819e-01	6.898819e-01
# END HISTO1D

