# BEGIN PLOT
Legend=1
LogY=0
DrawOnly=//mt/home/mbridge/Work/MyHiggsstrahlungV2/MyHiggsstrahlungHZZ/Analysis.yoda/MyFSAnalysis/Pt
LegendOnly=//mt/home/mbridge/Work/MyHiggsstrahlungV2/MyHiggsstrahlungHZZ/Analysis.yoda/MyFSAnalysis/Pt
# END PLOT

# BEGIN HISTO1D //mt/home/mbridge/Work/MyHiggsstrahlungV2/MyHiggsstrahlungHZZ/Analysis.yoda/MyFSAnalysis/Pt
LineColor=red
LineStyle=solid
Path=//mt/home/mbridge/Work/MyHiggsstrahlungV2/MyHiggsstrahlungHZZ/Analysis.yoda/MyFSAnalysis/Pt
ScaledBy=9.16190174656620324e-04
Title=Analysis
# xlow	 xhigh	 val	 errminus	 errplus
0.000000e+00	1.500000e+00	4.832231e-01	3.291873e-04	3.291873e-04
1.500000e+00	3.000000e+00	9.155173e-02	1.432854e-04	1.432854e-04
3.000000e+00	4.500000e+00	3.734577e-02	9.151454e-05	9.151454e-05
4.500000e+00	6.000000e+00	1.930820e-02	6.580219e-05	6.580219e-05
6.000000e+00	7.500000e+00	1.130638e-02	5.035363e-05	5.035363e-05
7.500000e+00	9.000000e+00	7.186200e-03	4.014386e-05	4.014386e-05
9.000000e+00	1.050000e+01	4.681269e-03	3.240040e-05	3.240040e-05
1.050000e+01	1.200000e+01	3.233297e-03	2.692732e-05	2.692732e-05
1.200000e+01	1.350000e+01	2.271445e-03	2.256934e-05	2.256934e-05
1.350000e+01	1.500000e+01	1.639950e-03	1.917710e-05	1.917710e-05
1.500000e+01	1.650000e+01	1.204478e-03	1.643507e-05	1.643507e-05
1.650000e+01	1.800000e+01	8.997127e-04	1.420442e-05	1.420442e-05
1.800000e+01	1.950000e+01	6.868860e-04	1.241112e-05	1.241112e-05
1.950000e+01	2.100000e+01	5.077105e-04	1.067033e-05	1.067033e-05
2.100000e+01	2.250000e+01	3.767495e-04	9.191752e-06	9.191752e-06
2.250000e+01	2.400000e+01	2.769563e-04	7.880936e-06	7.880936e-06
2.400000e+01	2.550000e+01	2.141680e-04	6.930317e-06	6.930317e-06
2.550000e+01	2.700000e+01	1.670708e-04	6.121002e-06	6.121002e-06
2.700000e+01	2.850000e+01	1.302868e-04	5.405207e-06	5.405207e-06
2.850000e+01	3.000000e+01	1.121229e-04	5.014287e-06	5.014287e-06
3.000000e+01	3.150000e+01	8.387913e-05	4.337296e-06	4.337296e-06
3.150000e+01	3.300000e+01	6.167037e-05	3.718864e-06	3.718864e-06
3.300000e+01	3.450000e+01	4.911237e-05	3.318707e-06	3.318707e-06
3.450000e+01	3.600000e+01	3.812620e-05	2.924149e-06	2.924149e-06
3.600000e+01	3.750000e+01	2.578826e-05	2.404767e-06	2.404767e-06
3.750000e+01	3.900000e+01	1.995791e-05	2.115534e-06	2.115534e-06
3.900000e+01	4.050000e+01	1.614730e-05	1.902978e-06	1.902978e-06
4.050000e+01	4.200000e+01	1.098804e-05	1.569720e-06	1.569720e-06
4.200000e+01	4.350000e+01	1.143653e-05	1.601435e-06	1.601435e-06
4.350000e+01	4.500000e+01	6.280316e-06	1.186869e-06	1.186869e-06
4.500000e+01	4.650000e+01	5.830389e-06	1.143433e-06	1.143433e-06
4.650000e+01	4.800000e+01	2.915195e-06	8.085295e-07	8.085295e-07
4.800000e+01	4.950000e+01	3.363686e-06	8.685001e-07	8.685001e-07
4.950000e+01	5.100000e+01	2.466703e-06	7.437389e-07	7.437389e-07
5.100000e+01	5.250000e+01	1.793966e-06	6.342627e-07	6.342627e-07
5.250000e+01	5.400000e+01	2.242457e-07	2.242457e-07	2.242457e-07
5.400000e+01	5.550000e+01	8.969827e-07	4.484914e-07	4.484914e-07
5.550000e+01	5.700000e+01	4.484915e-07	3.171314e-07	3.171314e-07
5.700000e+01	5.850000e+01	2.242457e-07	2.242457e-07	2.242457e-07
5.850000e+01	6.000000e+01	8.969827e-07	4.484914e-07	4.484914e-07
6.000000e+01	6.150000e+01	4.484915e-07	3.171314e-07	3.171314e-07
6.150000e+01	6.300000e+01	0.000000e+00	0.000000e+00	0.000000e+00
6.300000e+01	6.450000e+01	0.000000e+00	0.000000e+00	0.000000e+00
6.450000e+01	6.600000e+01	0.000000e+00	0.000000e+00	0.000000e+00
6.600000e+01	6.750000e+01	0.000000e+00	0.000000e+00	0.000000e+00
6.750000e+01	6.900000e+01	2.242457e-07	2.242457e-07	2.242457e-07
6.900000e+01	7.050000e+01	0.000000e+00	0.000000e+00	0.000000e+00
7.050000e+01	7.200000e+01	0.000000e+00	0.000000e+00	0.000000e+00
7.200000e+01	7.350000e+01	0.000000e+00	0.000000e+00	0.000000e+00
7.350000e+01	7.500000e+01	0.000000e+00	0.000000e+00	0.000000e+00
7.500000e+01	7.650000e+01	0.000000e+00	0.000000e+00	0.000000e+00
7.650000e+01	7.800000e+01	0.000000e+00	0.000000e+00	0.000000e+00
7.800000e+01	7.950000e+01	0.000000e+00	0.000000e+00	0.000000e+00
7.950000e+01	8.100000e+01	0.000000e+00	0.000000e+00	0.000000e+00
8.100000e+01	8.250000e+01	0.000000e+00	0.000000e+00	0.000000e+00
8.250000e+01	8.400000e+01	0.000000e+00	0.000000e+00	0.000000e+00
8.400000e+01	8.550000e+01	0.000000e+00	0.000000e+00	0.000000e+00
8.550000e+01	8.700000e+01	0.000000e+00	0.000000e+00	0.000000e+00
8.700000e+01	8.850000e+01	0.000000e+00	0.000000e+00	0.000000e+00
8.850000e+01	9.000000e+01	0.000000e+00	0.000000e+00	0.000000e+00
9.000000e+01	9.150000e+01	0.000000e+00	0.000000e+00	0.000000e+00
9.150000e+01	9.300000e+01	0.000000e+00	0.000000e+00	0.000000e+00
9.300000e+01	9.450000e+01	0.000000e+00	0.000000e+00	0.000000e+00
9.450000e+01	9.600000e+01	0.000000e+00	0.000000e+00	0.000000e+00
9.600000e+01	9.750000e+01	0.000000e+00	0.000000e+00	0.000000e+00
9.750000e+01	9.900000e+01	0.000000e+00	0.000000e+00	0.000000e+00
9.900000e+01	1.005000e+02	0.000000e+00	0.000000e+00	0.000000e+00
1.005000e+02	1.020000e+02	0.000000e+00	0.000000e+00	0.000000e+00
1.020000e+02	1.035000e+02	0.000000e+00	0.000000e+00	0.000000e+00
1.035000e+02	1.050000e+02	0.000000e+00	0.000000e+00	0.000000e+00
1.050000e+02	1.065000e+02	0.000000e+00	0.000000e+00	0.000000e+00
1.065000e+02	1.080000e+02	0.000000e+00	0.000000e+00	0.000000e+00
1.080000e+02	1.095000e+02	0.000000e+00	0.000000e+00	0.000000e+00
1.095000e+02	1.110000e+02	0.000000e+00	0.000000e+00	0.000000e+00
1.110000e+02	1.125000e+02	0.000000e+00	0.000000e+00	0.000000e+00
1.125000e+02	1.140000e+02	0.000000e+00	0.000000e+00	0.000000e+00
1.140000e+02	1.155000e+02	0.000000e+00	0.000000e+00	0.000000e+00
1.155000e+02	1.170000e+02	0.000000e+00	0.000000e+00	0.000000e+00
1.170000e+02	1.185000e+02	0.000000e+00	0.000000e+00	0.000000e+00
1.185000e+02	1.200000e+02	0.000000e+00	0.000000e+00	0.000000e+00
1.200000e+02	1.215000e+02	0.000000e+00	0.000000e+00	0.000000e+00
1.215000e+02	1.230000e+02	0.000000e+00	0.000000e+00	0.000000e+00
1.230000e+02	1.245000e+02	0.000000e+00	0.000000e+00	0.000000e+00
1.245000e+02	1.260000e+02	0.000000e+00	0.000000e+00	0.000000e+00
1.260000e+02	1.275000e+02	0.000000e+00	0.000000e+00	0.000000e+00
1.275000e+02	1.290000e+02	0.000000e+00	0.000000e+00	0.000000e+00
1.290000e+02	1.305000e+02	0.000000e+00	0.000000e+00	0.000000e+00
1.305000e+02	1.320000e+02	0.000000e+00	0.000000e+00	0.000000e+00
1.320000e+02	1.335000e+02	0.000000e+00	0.000000e+00	0.000000e+00
1.335000e+02	1.350000e+02	0.000000e+00	0.000000e+00	0.000000e+00
1.350000e+02	1.365000e+02	0.000000e+00	0.000000e+00	0.000000e+00
1.365000e+02	1.380000e+02	0.000000e+00	0.000000e+00	0.000000e+00
1.380000e+02	1.395000e+02	0.000000e+00	0.000000e+00	0.000000e+00
1.395000e+02	1.410000e+02	0.000000e+00	0.000000e+00	0.000000e+00
1.410000e+02	1.425000e+02	0.000000e+00	0.000000e+00	0.000000e+00
1.425000e+02	1.440000e+02	0.000000e+00	0.000000e+00	0.000000e+00
1.440000e+02	1.455000e+02	0.000000e+00	0.000000e+00	0.000000e+00
1.455000e+02	1.470000e+02	0.000000e+00	0.000000e+00	0.000000e+00
1.470000e+02	1.485000e+02	0.000000e+00	0.000000e+00	0.000000e+00
1.485000e+02	1.500000e+02	0.000000e+00	0.000000e+00	0.000000e+00
# END HISTO1D

