# BEGIN PLOT
Legend=1
LogY=1
DrawOnly=//mt/home/mbridge/Work/MyHiggsstrahlungV2/tmp/Analysisbgwzc.yoda/MyZAnalysis/Z_y //mt/home/mbridge/Work/MyHiggsstrahlungV2/tmp/Analysisbg.yoda/MyZAnalysis/Z_y //mt/home/mbridge/Work/MyHiggsstrahlungV2/tmp/Analysisb.yoda/MyZAnalysis/Z_y
LegendOnly=//mt/home/mbridge/Work/MyHiggsstrahlungV2/tmp/Analysisbgwzc.yoda/MyZAnalysis/Z_y //mt/home/mbridge/Work/MyHiggsstrahlungV2/tmp/Analysisbg.yoda/MyZAnalysis/Z_y //mt/home/mbridge/Work/MyHiggsstrahlungV2/tmp/Analysisb.yoda/MyZAnalysis/Z_y
RatioPlot=1
RatioPlotReference=//mt/home/mbridge/Work/MyHiggsstrahlungV2/tmp/Analysisbgwzc.yoda/MyZAnalysis/Z_y
RatioPlotYLabel=Ratio
# END PLOT

# BEGIN HISTO1D //mt/home/mbridge/Work/MyHiggsstrahlungV2/tmp/Analysisbgwzc.yoda/MyZAnalysis/Z_y
LineColor=red
LineStyle=solid
Path=//mt/home/mbridge/Work/MyHiggsstrahlungV2/tmp/Analysisbgwzc.yoda/MyZAnalysis/Z_y
ScaledBy=1.51881227383296550e-04
Title=Analysisbgwzc
# xlow	 xhigh	 val	 errminus	 errplus
-4.000000e+00	-3.920000e+00	0.000000e+00	0.000000e+00	0.000000e+00
-3.920000e+00	-3.840000e+00	0.000000e+00	0.000000e+00	0.000000e+00
-3.840000e+00	-3.760000e+00	0.000000e+00	0.000000e+00	0.000000e+00
-3.760000e+00	-3.680000e+00	0.000000e+00	0.000000e+00	0.000000e+00
-3.680000e+00	-3.600000e+00	0.000000e+00	0.000000e+00	0.000000e+00
-3.600000e+00	-3.520000e+00	0.000000e+00	0.000000e+00	0.000000e+00
-3.520000e+00	-3.440000e+00	0.000000e+00	0.000000e+00	0.000000e+00
-3.440000e+00	-3.360000e+00	0.000000e+00	0.000000e+00	0.000000e+00
-3.360000e+00	-3.280000e+00	0.000000e+00	0.000000e+00	0.000000e+00
-3.280000e+00	-3.200000e+00	0.000000e+00	0.000000e+00	0.000000e+00
-3.200000e+00	-3.120000e+00	0.000000e+00	0.000000e+00	0.000000e+00
-3.120000e+00	-3.040000e+00	0.000000e+00	0.000000e+00	0.000000e+00
-3.040000e+00	-2.960000e+00	0.000000e+00	0.000000e+00	0.000000e+00
-2.960000e+00	-2.880000e+00	0.000000e+00	0.000000e+00	0.000000e+00
-2.880000e+00	-2.800000e+00	0.000000e+00	0.000000e+00	0.000000e+00
-2.800000e+00	-2.720000e+00	0.000000e+00	0.000000e+00	0.000000e+00
-2.720000e+00	-2.640000e+00	0.000000e+00	0.000000e+00	0.000000e+00
-2.640000e+00	-2.560000e+00	0.000000e+00	0.000000e+00	0.000000e+00
-2.560000e+00	-2.480000e+00	0.000000e+00	0.000000e+00	0.000000e+00
-2.480000e+00	-2.400000e+00	0.000000e+00	0.000000e+00	0.000000e+00
-2.400000e+00	-2.320000e+00	0.000000e+00	0.000000e+00	0.000000e+00
-2.320000e+00	-2.240000e+00	0.000000e+00	0.000000e+00	0.000000e+00
-2.240000e+00	-2.160000e+00	0.000000e+00	0.000000e+00	0.000000e+00
-2.160000e+00	-2.080000e+00	0.000000e+00	0.000000e+00	0.000000e+00
-2.080000e+00	-2.000000e+00	0.000000e+00	0.000000e+00	0.000000e+00
-2.000000e+00	-1.920000e+00	0.000000e+00	0.000000e+00	0.000000e+00
-1.920000e+00	-1.840000e+00	0.000000e+00	0.000000e+00	0.000000e+00
-1.840000e+00	-1.760000e+00	0.000000e+00	0.000000e+00	0.000000e+00
-1.760000e+00	-1.680000e+00	0.000000e+00	0.000000e+00	0.000000e+00
-1.680000e+00	-1.600000e+00	0.000000e+00	0.000000e+00	0.000000e+00
-1.600000e+00	-1.520000e+00	0.000000e+00	0.000000e+00	0.000000e+00
-1.520000e+00	-1.440000e+00	0.000000e+00	0.000000e+00	0.000000e+00
-1.440000e+00	-1.360000e+00	0.000000e+00	0.000000e+00	0.000000e+00
-1.360000e+00	-1.280000e+00	0.000000e+00	0.000000e+00	0.000000e+00
-1.280000e+00	-1.200000e+00	0.000000e+00	0.000000e+00	0.000000e+00
-1.200000e+00	-1.120000e+00	0.000000e+00	0.000000e+00	0.000000e+00
-1.120000e+00	-1.040000e+00	0.000000e+00	0.000000e+00	0.000000e+00
-1.040000e+00	-9.600000e-01	0.000000e+00	0.000000e+00	0.000000e+00
-9.600000e-01	-8.800000e-01	0.000000e+00	0.000000e+00	0.000000e+00
-8.800000e-01	-8.000000e-01	0.000000e+00	0.000000e+00	0.000000e+00
-8.000000e-01	-7.200000e-01	0.000000e+00	0.000000e+00	0.000000e+00
-7.200000e-01	-6.400000e-01	0.000000e+00	0.000000e+00	0.000000e+00
-6.400000e-01	-5.600000e-01	2.663468e-02	6.234060e-04	6.234060e-04
-5.600000e-01	-4.800000e-01	5.017216e-01	2.705479e-03	2.705479e-03
-4.800000e-01	-4.000000e-01	7.990854e-01	3.415019e-03	3.415019e-03
-4.000000e-01	-3.200000e-01	8.763439e-01	3.575531e-03	3.575531e-03
-3.200000e-01	-2.400000e-01	9.444534e-01	3.711724e-03	3.711724e-03
-2.400000e-01	-1.600000e-01	9.967873e-01	3.814383e-03	3.814383e-03
-1.600000e-01	-8.000000e-02	1.044126e+00	3.902679e-03	3.902679e-03
-8.000000e-02	0.000000e+00	1.060269e+00	3.932446e-03	3.932446e-03
0.000000e+00	8.000000e-02	1.068313e+00	3.947945e-03	3.947945e-03
8.000000e-02	1.600000e-01	1.042830e+00	3.898789e-03	3.898789e-03
1.600000e-01	2.400000e-01	1.001709e+00	3.820965e-03	3.820965e-03
2.400000e-01	3.200000e-01	9.472575e-01	3.717430e-03	3.717430e-03
3.200000e-01	4.000000e-01	8.750837e-01	3.574502e-03	3.574502e-03
4.000000e-01	4.800000e-01	7.903935e-01	3.394325e-03	3.394325e-03
4.800000e-01	5.600000e-01	4.998574e-01	2.698898e-03	2.698898e-03
5.600000e-01	6.400000e-01	2.513446e-02	6.054976e-04	6.054976e-04
6.400000e-01	7.200000e-01	0.000000e+00	0.000000e+00	0.000000e+00
7.200000e-01	8.000000e-01	0.000000e+00	0.000000e+00	0.000000e+00
8.000000e-01	8.800000e-01	0.000000e+00	0.000000e+00	0.000000e+00
8.800000e-01	9.600000e-01	0.000000e+00	0.000000e+00	0.000000e+00
9.600000e-01	1.040000e+00	0.000000e+00	0.000000e+00	0.000000e+00
1.040000e+00	1.120000e+00	0.000000e+00	0.000000e+00	0.000000e+00
1.120000e+00	1.200000e+00	0.000000e+00	0.000000e+00	0.000000e+00
1.200000e+00	1.280000e+00	0.000000e+00	0.000000e+00	0.000000e+00
1.280000e+00	1.360000e+00	0.000000e+00	0.000000e+00	0.000000e+00
1.360000e+00	1.440000e+00	0.000000e+00	0.000000e+00	0.000000e+00
1.440000e+00	1.520000e+00	0.000000e+00	0.000000e+00	0.000000e+00
1.520000e+00	1.600000e+00	0.000000e+00	0.000000e+00	0.000000e+00
1.600000e+00	1.680000e+00	0.000000e+00	0.000000e+00	0.000000e+00
1.680000e+00	1.760000e+00	0.000000e+00	0.000000e+00	0.000000e+00
1.760000e+00	1.840000e+00	0.000000e+00	0.000000e+00	0.000000e+00
1.840000e+00	1.920000e+00	0.000000e+00	0.000000e+00	0.000000e+00
1.920000e+00	2.000000e+00	0.000000e+00	0.000000e+00	0.000000e+00
2.000000e+00	2.080000e+00	0.000000e+00	0.000000e+00	0.000000e+00
2.080000e+00	2.160000e+00	0.000000e+00	0.000000e+00	0.000000e+00
2.160000e+00	2.240000e+00	0.000000e+00	0.000000e+00	0.000000e+00
2.240000e+00	2.320000e+00	0.000000e+00	0.000000e+00	0.000000e+00
2.320000e+00	2.400000e+00	0.000000e+00	0.000000e+00	0.000000e+00
2.400000e+00	2.480000e+00	0.000000e+00	0.000000e+00	0.000000e+00
2.480000e+00	2.560000e+00	0.000000e+00	0.000000e+00	0.000000e+00
2.560000e+00	2.640000e+00	0.000000e+00	0.000000e+00	0.000000e+00
2.640000e+00	2.720000e+00	0.000000e+00	0.000000e+00	0.000000e+00
2.720000e+00	2.800000e+00	0.000000e+00	0.000000e+00	0.000000e+00
2.800000e+00	2.880000e+00	0.000000e+00	0.000000e+00	0.000000e+00
2.880000e+00	2.960000e+00	0.000000e+00	0.000000e+00	0.000000e+00
2.960000e+00	3.040000e+00	0.000000e+00	0.000000e+00	0.000000e+00
3.040000e+00	3.120000e+00	0.000000e+00	0.000000e+00	0.000000e+00
3.120000e+00	3.200000e+00	0.000000e+00	0.000000e+00	0.000000e+00
3.200000e+00	3.280000e+00	0.000000e+00	0.000000e+00	0.000000e+00
3.280000e+00	3.360000e+00	0.000000e+00	0.000000e+00	0.000000e+00
3.360000e+00	3.440000e+00	0.000000e+00	0.000000e+00	0.000000e+00
3.440000e+00	3.520000e+00	0.000000e+00	0.000000e+00	0.000000e+00
3.520000e+00	3.600000e+00	0.000000e+00	0.000000e+00	0.000000e+00
3.600000e+00	3.680000e+00	0.000000e+00	0.000000e+00	0.000000e+00
3.680000e+00	3.760000e+00	0.000000e+00	0.000000e+00	0.000000e+00
3.760000e+00	3.840000e+00	0.000000e+00	0.000000e+00	0.000000e+00
3.840000e+00	3.920000e+00	0.000000e+00	0.000000e+00	0.000000e+00
3.920000e+00	4.000000e+00	0.000000e+00	0.000000e+00	0.000000e+00
# END HISTO1D


# BEGIN HISTO1D //mt/home/mbridge/Work/MyHiggsstrahlungV2/tmp/Analysisbg.yoda/MyZAnalysis/Z_y
LineColor=blue
LineStyle=solid
Path=//mt/home/mbridge/Work/MyHiggsstrahlungV2/tmp/Analysisbg.yoda/MyZAnalysis/Z_y
ScaledBy=1.88372675977284935e-04
Title=Analysisbg
# xlow	 xhigh	 val	 errminus	 errplus
-4.000000e+00	-3.920000e+00	0.000000e+00	0.000000e+00	0.000000e+00
-3.920000e+00	-3.840000e+00	0.000000e+00	0.000000e+00	0.000000e+00
-3.840000e+00	-3.760000e+00	0.000000e+00	0.000000e+00	0.000000e+00
-3.760000e+00	-3.680000e+00	0.000000e+00	0.000000e+00	0.000000e+00
-3.680000e+00	-3.600000e+00	0.000000e+00	0.000000e+00	0.000000e+00
-3.600000e+00	-3.520000e+00	0.000000e+00	0.000000e+00	0.000000e+00
-3.520000e+00	-3.440000e+00	0.000000e+00	0.000000e+00	0.000000e+00
-3.440000e+00	-3.360000e+00	0.000000e+00	0.000000e+00	0.000000e+00
-3.360000e+00	-3.280000e+00	0.000000e+00	0.000000e+00	0.000000e+00
-3.280000e+00	-3.200000e+00	0.000000e+00	0.000000e+00	0.000000e+00
-3.200000e+00	-3.120000e+00	0.000000e+00	0.000000e+00	0.000000e+00
-3.120000e+00	-3.040000e+00	0.000000e+00	0.000000e+00	0.000000e+00
-3.040000e+00	-2.960000e+00	0.000000e+00	0.000000e+00	0.000000e+00
-2.960000e+00	-2.880000e+00	0.000000e+00	0.000000e+00	0.000000e+00
-2.880000e+00	-2.800000e+00	0.000000e+00	0.000000e+00	0.000000e+00
-2.800000e+00	-2.720000e+00	0.000000e+00	0.000000e+00	0.000000e+00
-2.720000e+00	-2.640000e+00	0.000000e+00	0.000000e+00	0.000000e+00
-2.640000e+00	-2.560000e+00	0.000000e+00	0.000000e+00	0.000000e+00
-2.560000e+00	-2.480000e+00	0.000000e+00	0.000000e+00	0.000000e+00
-2.480000e+00	-2.400000e+00	0.000000e+00	0.000000e+00	0.000000e+00
-2.400000e+00	-2.320000e+00	0.000000e+00	0.000000e+00	0.000000e+00
-2.320000e+00	-2.240000e+00	0.000000e+00	0.000000e+00	0.000000e+00
-2.240000e+00	-2.160000e+00	0.000000e+00	0.000000e+00	0.000000e+00
-2.160000e+00	-2.080000e+00	0.000000e+00	0.000000e+00	0.000000e+00
-2.080000e+00	-2.000000e+00	0.000000e+00	0.000000e+00	0.000000e+00
-2.000000e+00	-1.920000e+00	0.000000e+00	0.000000e+00	0.000000e+00
-1.920000e+00	-1.840000e+00	0.000000e+00	0.000000e+00	0.000000e+00
-1.840000e+00	-1.760000e+00	0.000000e+00	0.000000e+00	0.000000e+00
-1.760000e+00	-1.680000e+00	0.000000e+00	0.000000e+00	0.000000e+00
-1.680000e+00	-1.600000e+00	0.000000e+00	0.000000e+00	0.000000e+00
-1.600000e+00	-1.520000e+00	0.000000e+00	0.000000e+00	0.000000e+00
-1.520000e+00	-1.440000e+00	0.000000e+00	0.000000e+00	0.000000e+00
-1.440000e+00	-1.360000e+00	0.000000e+00	0.000000e+00	0.000000e+00
-1.360000e+00	-1.280000e+00	0.000000e+00	0.000000e+00	0.000000e+00
-1.280000e+00	-1.200000e+00	0.000000e+00	0.000000e+00	0.000000e+00
-1.200000e+00	-1.120000e+00	0.000000e+00	0.000000e+00	0.000000e+00
-1.120000e+00	-1.040000e+00	0.000000e+00	0.000000e+00	0.000000e+00
-1.040000e+00	-9.600000e-01	0.000000e+00	0.000000e+00	0.000000e+00
-9.600000e-01	-8.800000e-01	0.000000e+00	0.000000e+00	0.000000e+00
-8.800000e-01	-8.000000e-01	0.000000e+00	0.000000e+00	0.000000e+00
-8.000000e-01	-7.200000e-01	0.000000e+00	0.000000e+00	0.000000e+00
-7.200000e-01	-6.400000e-01	0.000000e+00	0.000000e+00	0.000000e+00
-6.400000e-01	-5.600000e-01	2.504726e-02	5.985729e-04	5.985729e-04
-5.600000e-01	-4.800000e-01	5.014171e-01	2.678161e-03	2.678161e-03
-4.800000e-01	-4.000000e-01	7.933443e-01	3.368743e-03	3.368743e-03
-4.000000e-01	-3.200000e-01	8.692585e-01	3.526237e-03	3.526237e-03
-3.200000e-01	-2.400000e-01	9.485784e-01	3.683612e-03	3.683612e-03
-2.400000e-01	-1.600000e-01	9.980683e-01	3.778503e-03	3.778503e-03
-1.600000e-01	-8.000000e-02	1.045492e+00	3.867316e-03	3.867316e-03
-8.000000e-02	0.000000e+00	1.064485e+00	3.902359e-03	3.902359e-03
0.000000e+00	8.000000e-02	1.058569e+00	3.891486e-03	3.891486e-03
8.000000e-02	1.600000e-01	1.046233e+00	3.868708e-03	3.868708e-03
1.600000e-01	2.400000e-01	9.937674e-01	3.770362e-03	3.770362e-03
2.400000e-01	3.200000e-01	9.413822e-01	3.669611e-03	3.669611e-03
3.200000e-01	4.000000e-01	8.844214e-01	3.556859e-03	3.556859e-03
4.000000e-01	4.800000e-01	7.998529e-01	3.382533e-03	3.382533e-03
4.800000e-01	5.600000e-01	5.056942e-01	2.689559e-03	2.689559e-03
5.600000e-01	6.400000e-01	2.438925e-02	5.906581e-04	5.906581e-04
6.400000e-01	7.200000e-01	0.000000e+00	0.000000e+00	0.000000e+00
7.200000e-01	8.000000e-01	0.000000e+00	0.000000e+00	0.000000e+00
8.000000e-01	8.800000e-01	0.000000e+00	0.000000e+00	0.000000e+00
8.800000e-01	9.600000e-01	0.000000e+00	0.000000e+00	0.000000e+00
9.600000e-01	1.040000e+00	0.000000e+00	0.000000e+00	0.000000e+00
1.040000e+00	1.120000e+00	0.000000e+00	0.000000e+00	0.000000e+00
1.120000e+00	1.200000e+00	0.000000e+00	0.000000e+00	0.000000e+00
1.200000e+00	1.280000e+00	0.000000e+00	0.000000e+00	0.000000e+00
1.280000e+00	1.360000e+00	0.000000e+00	0.000000e+00	0.000000e+00
1.360000e+00	1.440000e+00	0.000000e+00	0.000000e+00	0.000000e+00
1.440000e+00	1.520000e+00	0.000000e+00	0.000000e+00	0.000000e+00
1.520000e+00	1.600000e+00	0.000000e+00	0.000000e+00	0.000000e+00
1.600000e+00	1.680000e+00	0.000000e+00	0.000000e+00	0.000000e+00
1.680000e+00	1.760000e+00	0.000000e+00	0.000000e+00	0.000000e+00
1.760000e+00	1.840000e+00	0.000000e+00	0.000000e+00	0.000000e+00
1.840000e+00	1.920000e+00	0.000000e+00	0.000000e+00	0.000000e+00
1.920000e+00	2.000000e+00	0.000000e+00	0.000000e+00	0.000000e+00
2.000000e+00	2.080000e+00	0.000000e+00	0.000000e+00	0.000000e+00
2.080000e+00	2.160000e+00	0.000000e+00	0.000000e+00	0.000000e+00
2.160000e+00	2.240000e+00	0.000000e+00	0.000000e+00	0.000000e+00
2.240000e+00	2.320000e+00	0.000000e+00	0.000000e+00	0.000000e+00
2.320000e+00	2.400000e+00	0.000000e+00	0.000000e+00	0.000000e+00
2.400000e+00	2.480000e+00	0.000000e+00	0.000000e+00	0.000000e+00
2.480000e+00	2.560000e+00	0.000000e+00	0.000000e+00	0.000000e+00
2.560000e+00	2.640000e+00	0.000000e+00	0.000000e+00	0.000000e+00
2.640000e+00	2.720000e+00	0.000000e+00	0.000000e+00	0.000000e+00
2.720000e+00	2.800000e+00	0.000000e+00	0.000000e+00	0.000000e+00
2.800000e+00	2.880000e+00	0.000000e+00	0.000000e+00	0.000000e+00
2.880000e+00	2.960000e+00	0.000000e+00	0.000000e+00	0.000000e+00
2.960000e+00	3.040000e+00	0.000000e+00	0.000000e+00	0.000000e+00
3.040000e+00	3.120000e+00	0.000000e+00	0.000000e+00	0.000000e+00
3.120000e+00	3.200000e+00	0.000000e+00	0.000000e+00	0.000000e+00
3.200000e+00	3.280000e+00	0.000000e+00	0.000000e+00	0.000000e+00
3.280000e+00	3.360000e+00	0.000000e+00	0.000000e+00	0.000000e+00
3.360000e+00	3.440000e+00	0.000000e+00	0.000000e+00	0.000000e+00
3.440000e+00	3.520000e+00	0.000000e+00	0.000000e+00	0.000000e+00
3.520000e+00	3.600000e+00	0.000000e+00	0.000000e+00	0.000000e+00
3.600000e+00	3.680000e+00	0.000000e+00	0.000000e+00	0.000000e+00
3.680000e+00	3.760000e+00	0.000000e+00	0.000000e+00	0.000000e+00
3.760000e+00	3.840000e+00	0.000000e+00	0.000000e+00	0.000000e+00
3.840000e+00	3.920000e+00	0.000000e+00	0.000000e+00	0.000000e+00
3.920000e+00	4.000000e+00	0.000000e+00	0.000000e+00	0.000000e+00
# END HISTO1D


# BEGIN HISTO1D //mt/home/mbridge/Work/MyHiggsstrahlungV2/tmp/Analysisb.yoda/MyZAnalysis/Z_y
LineColor=green
LineStyle=solid
Path=//mt/home/mbridge/Work/MyHiggsstrahlungV2/tmp/Analysisb.yoda/MyZAnalysis/Z_y
ScaledBy=2.16109940687767943e-04
Title=Analysisb
# xlow	 xhigh	 val	 errminus	 errplus
-4.000000e+00	-3.920000e+00	0.000000e+00	0.000000e+00	0.000000e+00
-3.920000e+00	-3.840000e+00	0.000000e+00	0.000000e+00	0.000000e+00
-3.840000e+00	-3.760000e+00	0.000000e+00	0.000000e+00	0.000000e+00
-3.760000e+00	-3.680000e+00	0.000000e+00	0.000000e+00	0.000000e+00
-3.680000e+00	-3.600000e+00	0.000000e+00	0.000000e+00	0.000000e+00
-3.600000e+00	-3.520000e+00	0.000000e+00	0.000000e+00	0.000000e+00
-3.520000e+00	-3.440000e+00	0.000000e+00	0.000000e+00	0.000000e+00
-3.440000e+00	-3.360000e+00	0.000000e+00	0.000000e+00	0.000000e+00
-3.360000e+00	-3.280000e+00	0.000000e+00	0.000000e+00	0.000000e+00
-3.280000e+00	-3.200000e+00	0.000000e+00	0.000000e+00	0.000000e+00
-3.200000e+00	-3.120000e+00	0.000000e+00	0.000000e+00	0.000000e+00
-3.120000e+00	-3.040000e+00	0.000000e+00	0.000000e+00	0.000000e+00
-3.040000e+00	-2.960000e+00	0.000000e+00	0.000000e+00	0.000000e+00
-2.960000e+00	-2.880000e+00	0.000000e+00	0.000000e+00	0.000000e+00
-2.880000e+00	-2.800000e+00	0.000000e+00	0.000000e+00	0.000000e+00
-2.800000e+00	-2.720000e+00	0.000000e+00	0.000000e+00	0.000000e+00
-2.720000e+00	-2.640000e+00	0.000000e+00	0.000000e+00	0.000000e+00
-2.640000e+00	-2.560000e+00	0.000000e+00	0.000000e+00	0.000000e+00
-2.560000e+00	-2.480000e+00	0.000000e+00	0.000000e+00	0.000000e+00
-2.480000e+00	-2.400000e+00	0.000000e+00	0.000000e+00	0.000000e+00
-2.400000e+00	-2.320000e+00	0.000000e+00	0.000000e+00	0.000000e+00
-2.320000e+00	-2.240000e+00	0.000000e+00	0.000000e+00	0.000000e+00
-2.240000e+00	-2.160000e+00	0.000000e+00	0.000000e+00	0.000000e+00
-2.160000e+00	-2.080000e+00	0.000000e+00	0.000000e+00	0.000000e+00
-2.080000e+00	-2.000000e+00	0.000000e+00	0.000000e+00	0.000000e+00
-2.000000e+00	-1.920000e+00	0.000000e+00	0.000000e+00	0.000000e+00
-1.920000e+00	-1.840000e+00	0.000000e+00	0.000000e+00	0.000000e+00
-1.840000e+00	-1.760000e+00	0.000000e+00	0.000000e+00	0.000000e+00
-1.760000e+00	-1.680000e+00	0.000000e+00	0.000000e+00	0.000000e+00
-1.680000e+00	-1.600000e+00	0.000000e+00	0.000000e+00	0.000000e+00
-1.600000e+00	-1.520000e+00	0.000000e+00	0.000000e+00	0.000000e+00
-1.520000e+00	-1.440000e+00	0.000000e+00	0.000000e+00	0.000000e+00
-1.440000e+00	-1.360000e+00	0.000000e+00	0.000000e+00	0.000000e+00
-1.360000e+00	-1.280000e+00	0.000000e+00	0.000000e+00	0.000000e+00
-1.280000e+00	-1.200000e+00	0.000000e+00	0.000000e+00	0.000000e+00
-1.200000e+00	-1.120000e+00	0.000000e+00	0.000000e+00	0.000000e+00
-1.120000e+00	-1.040000e+00	0.000000e+00	0.000000e+00	0.000000e+00
-1.040000e+00	-9.600000e-01	0.000000e+00	0.000000e+00	0.000000e+00
-9.600000e-01	-8.800000e-01	0.000000e+00	0.000000e+00	0.000000e+00
-8.800000e-01	-8.000000e-01	0.000000e+00	0.000000e+00	0.000000e+00
-8.000000e-01	-7.200000e-01	0.000000e+00	0.000000e+00	0.000000e+00
-7.200000e-01	-6.400000e-01	0.000000e+00	0.000000e+00	0.000000e+00
-6.400000e-01	-5.600000e-01	2.493396e-02	5.968889e-04	5.968889e-04
-5.600000e-01	-4.800000e-01	5.015799e-01	2.677121e-03	2.677121e-03
-4.800000e-01	-4.000000e-01	7.992873e-01	3.379476e-03	3.379476e-03
-4.000000e-01	-3.200000e-01	8.786899e-01	3.543364e-03	3.543364e-03
-3.200000e-01	-2.400000e-01	9.453047e-01	3.675225e-03	3.675225e-03
-2.400000e-01	-1.600000e-01	1.000542e+00	3.781101e-03	3.781101e-03
-1.600000e-01	-8.000000e-02	1.040784e+00	3.856477e-03	3.856477e-03
-8.000000e-02	0.000000e+00	1.062240e+00	3.896091e-03	3.896091e-03
0.000000e+00	8.000000e-02	1.065857e+00	3.902723e-03	3.902723e-03
8.000000e-02	1.600000e-01	1.041243e+00	3.857330e-03	3.857330e-03
1.600000e-01	2.400000e-01	9.974729e-01	3.775302e-03	3.775302e-03
2.400000e-01	3.200000e-01	9.417042e-01	3.668220e-03	3.668220e-03
3.200000e-01	4.000000e-01	8.749891e-01	3.535894e-03	3.535894e-03
4.000000e-01	4.800000e-01	7.946860e-01	3.369735e-03	3.369735e-03
4.800000e-01	5.600000e-01	5.044805e-01	2.684850e-03	2.684850e-03
5.600000e-01	6.400000e-01	2.620566e-02	6.119212e-04	6.119212e-04
6.400000e-01	7.200000e-01	0.000000e+00	0.000000e+00	0.000000e+00
7.200000e-01	8.000000e-01	0.000000e+00	0.000000e+00	0.000000e+00
8.000000e-01	8.800000e-01	0.000000e+00	0.000000e+00	0.000000e+00
8.800000e-01	9.600000e-01	0.000000e+00	0.000000e+00	0.000000e+00
9.600000e-01	1.040000e+00	0.000000e+00	0.000000e+00	0.000000e+00
1.040000e+00	1.120000e+00	0.000000e+00	0.000000e+00	0.000000e+00
1.120000e+00	1.200000e+00	0.000000e+00	0.000000e+00	0.000000e+00
1.200000e+00	1.280000e+00	0.000000e+00	0.000000e+00	0.000000e+00
1.280000e+00	1.360000e+00	0.000000e+00	0.000000e+00	0.000000e+00
1.360000e+00	1.440000e+00	0.000000e+00	0.000000e+00	0.000000e+00
1.440000e+00	1.520000e+00	0.000000e+00	0.000000e+00	0.000000e+00
1.520000e+00	1.600000e+00	0.000000e+00	0.000000e+00	0.000000e+00
1.600000e+00	1.680000e+00	0.000000e+00	0.000000e+00	0.000000e+00
1.680000e+00	1.760000e+00	0.000000e+00	0.000000e+00	0.000000e+00
1.760000e+00	1.840000e+00	0.000000e+00	0.000000e+00	0.000000e+00
1.840000e+00	1.920000e+00	0.000000e+00	0.000000e+00	0.000000e+00
1.920000e+00	2.000000e+00	0.000000e+00	0.000000e+00	0.000000e+00
2.000000e+00	2.080000e+00	0.000000e+00	0.000000e+00	0.000000e+00
2.080000e+00	2.160000e+00	0.000000e+00	0.000000e+00	0.000000e+00
2.160000e+00	2.240000e+00	0.000000e+00	0.000000e+00	0.000000e+00
2.240000e+00	2.320000e+00	0.000000e+00	0.000000e+00	0.000000e+00
2.320000e+00	2.400000e+00	0.000000e+00	0.000000e+00	0.000000e+00
2.400000e+00	2.480000e+00	0.000000e+00	0.000000e+00	0.000000e+00
2.480000e+00	2.560000e+00	0.000000e+00	0.000000e+00	0.000000e+00
2.560000e+00	2.640000e+00	0.000000e+00	0.000000e+00	0.000000e+00
2.640000e+00	2.720000e+00	0.000000e+00	0.000000e+00	0.000000e+00
2.720000e+00	2.800000e+00	0.000000e+00	0.000000e+00	0.000000e+00
2.800000e+00	2.880000e+00	0.000000e+00	0.000000e+00	0.000000e+00
2.880000e+00	2.960000e+00	0.000000e+00	0.000000e+00	0.000000e+00
2.960000e+00	3.040000e+00	0.000000e+00	0.000000e+00	0.000000e+00
3.040000e+00	3.120000e+00	0.000000e+00	0.000000e+00	0.000000e+00
3.120000e+00	3.200000e+00	0.000000e+00	0.000000e+00	0.000000e+00
3.200000e+00	3.280000e+00	0.000000e+00	0.000000e+00	0.000000e+00
3.280000e+00	3.360000e+00	0.000000e+00	0.000000e+00	0.000000e+00
3.360000e+00	3.440000e+00	0.000000e+00	0.000000e+00	0.000000e+00
3.440000e+00	3.520000e+00	0.000000e+00	0.000000e+00	0.000000e+00
3.520000e+00	3.600000e+00	0.000000e+00	0.000000e+00	0.000000e+00
3.600000e+00	3.680000e+00	0.000000e+00	0.000000e+00	0.000000e+00
3.680000e+00	3.760000e+00	0.000000e+00	0.000000e+00	0.000000e+00
3.760000e+00	3.840000e+00	0.000000e+00	0.000000e+00	0.000000e+00
3.840000e+00	3.920000e+00	0.000000e+00	0.000000e+00	0.000000e+00
3.920000e+00	4.000000e+00	0.000000e+00	0.000000e+00	0.000000e+00
# END HISTO1D

