# BEGIN PLOT
Legend=1
LogY=1
DrawOnly=//mt/home/mbridge/Work/MyHiggsstrahlungV2/MyHiggsstrahlungAll/Analysis.yoda/MyHAnalysis/H_A
LegendOnly=//mt/home/mbridge/Work/MyHiggsstrahlungV2/MyHiggsstrahlungAll/Analysis.yoda/MyHAnalysis/H_A
# END PLOT

# BEGIN HISTO1D //mt/home/mbridge/Work/MyHiggsstrahlungV2/MyHiggsstrahlungAll/Analysis.yoda/MyHAnalysis/H_A
LineColor=red
LineStyle=solid
Path=//mt/home/mbridge/Work/MyHiggsstrahlungV2/MyHiggsstrahlungAll/Analysis.yoda/MyHAnalysis/H_A
ScaledBy=3.03660502498083462e-03
Title=Analysis
# xlow	 xhigh	 val	 errminus	 errplus
0.000000e+00	1.000000e-02	5.944350e+01	3.800318e-01	3.800318e-01
1.000000e-02	2.000000e-02	1.843560e+01	2.066249e-01	2.066249e-01
2.000000e-02	3.000000e-02	7.403454e+00	1.280246e-01	1.280246e-01
3.000000e-02	4.000000e-02	4.257733e+00	9.521072e-02	9.521072e-02
4.000000e-02	5.000000e-02	2.667453e+00	7.397468e-02	7.397468e-02
5.000000e-02	6.000000e-02	1.806560e+00	6.052063e-02	6.052063e-02
6.000000e-02	7.000000e-02	1.408427e+00	5.325048e-02	5.325048e-02
7.000000e-02	8.000000e-02	1.026395e+00	4.526965e-02	4.526965e-02
8.000000e-02	9.000000e-02	7.315538e-01	3.782300e-02	3.782300e-02
9.000000e-02	1.000000e-01	5.891025e-01	3.349669e-02	3.349669e-02
1.000000e-01	1.100000e-01	4.545867e-01	2.934377e-02	2.934377e-02
1.100000e-01	1.200000e-01	3.796707e-01	2.691103e-02	2.691103e-02
1.200000e-01	1.300000e-01	2.835853e-01	2.315531e-02	2.315531e-02
1.300000e-01	1.400000e-01	2.228840e-01	2.040629e-02	2.040629e-02
1.400000e-01	1.500000e-01	2.004345e-01	1.920933e-02	1.920933e-02
1.500000e-01	1.600000e-01	1.539599e-01	1.731742e-02	1.731742e-02
1.600000e-01	1.700000e-01	1.049177e-01	1.383926e-02	1.383926e-02
1.700000e-01	1.800000e-01	8.630856e-02	1.280882e-02	1.280882e-02
1.800000e-01	1.900000e-01	7.653895e-02	1.183657e-02	1.183657e-02
1.900000e-01	2.000000e-01	5.201685e-02	9.797472e-03	9.797472e-03
2.000000e-01	2.100000e-01	4.615118e-02	9.389957e-03	9.389957e-03
2.100000e-01	2.200000e-01	3.720092e-02	8.219927e-03	8.219927e-03
2.200000e-01	2.300000e-01	2.465065e-02	6.674095e-03	6.674095e-03
2.300000e-01	2.400000e-01	2.212749e-02	6.504817e-03	6.504817e-03
2.400000e-01	2.500000e-01	1.828740e-02	5.514812e-03	5.514812e-03
2.500000e-01	2.600000e-01	1.229319e-02	4.707904e-03	4.707904e-03
2.600000e-01	2.700000e-01	1.488020e-02	5.351456e-03	5.351456e-03
2.700000e-01	2.800000e-01	1.160238e-02	4.385961e-03	4.385961e-03
2.800000e-01	2.900000e-01	6.620750e-03	3.310843e-03	3.310843e-03
2.900000e-01	3.000000e-01	4.917359e-03	2.839039e-03	2.839039e-03
3.000000e-01	3.100000e-01	3.342510e-03	2.363949e-03	2.363949e-03
3.100000e-01	3.200000e-01	1.703391e-03	1.703391e-03	1.703391e-03
3.200000e-01	3.300000e-01	4.097590e-03	2.954791e-03	2.954791e-03
3.300000e-01	3.400000e-01	2.458470e-03	2.458470e-03	2.458470e-03
3.400000e-01	3.500000e-01	0.000000e+00	0.000000e+00	0.000000e+00
3.500000e-01	3.600000e-01	1.703391e-03	1.703391e-03	1.703391e-03
3.600000e-01	3.700000e-01	0.000000e+00	0.000000e+00	0.000000e+00
3.700000e-01	3.800000e-01	1.639120e-03	1.639120e-03	1.639120e-03
3.800000e-01	3.900000e-01	0.000000e+00	0.000000e+00	0.000000e+00
3.900000e-01	4.000000e-01	0.000000e+00	0.000000e+00	0.000000e+00
4.000000e-01	4.100000e-01	0.000000e+00	0.000000e+00	0.000000e+00
4.100000e-01	4.200000e-01	0.000000e+00	0.000000e+00	0.000000e+00
4.200000e-01	4.300000e-01	1.639120e-03	1.639120e-03	1.639120e-03
4.300000e-01	4.400000e-01	0.000000e+00	0.000000e+00	0.000000e+00
4.400000e-01	4.500000e-01	0.000000e+00	0.000000e+00	0.000000e+00
4.500000e-01	4.600000e-01	0.000000e+00	0.000000e+00	0.000000e+00
4.600000e-01	4.700000e-01	0.000000e+00	0.000000e+00	0.000000e+00
4.700000e-01	4.800000e-01	0.000000e+00	0.000000e+00	0.000000e+00
4.800000e-01	4.900000e-01	0.000000e+00	0.000000e+00	0.000000e+00
4.900000e-01	5.000000e-01	0.000000e+00	0.000000e+00	0.000000e+00
5.000000e-01	5.100000e-01	0.000000e+00	0.000000e+00	0.000000e+00
5.100000e-01	5.200000e-01	0.000000e+00	0.000000e+00	0.000000e+00
5.200000e-01	5.300000e-01	0.000000e+00	0.000000e+00	0.000000e+00
5.300000e-01	5.400000e-01	0.000000e+00	0.000000e+00	0.000000e+00
5.400000e-01	5.500000e-01	0.000000e+00	0.000000e+00	0.000000e+00
5.500000e-01	5.600000e-01	0.000000e+00	0.000000e+00	0.000000e+00
5.600000e-01	5.700000e-01	0.000000e+00	0.000000e+00	0.000000e+00
5.700000e-01	5.800000e-01	0.000000e+00	0.000000e+00	0.000000e+00
5.800000e-01	5.900000e-01	0.000000e+00	0.000000e+00	0.000000e+00
5.900000e-01	6.000000e-01	0.000000e+00	0.000000e+00	0.000000e+00
6.000000e-01	6.100000e-01	0.000000e+00	0.000000e+00	0.000000e+00
6.100000e-01	6.200000e-01	0.000000e+00	0.000000e+00	0.000000e+00
6.200000e-01	6.300000e-01	0.000000e+00	0.000000e+00	0.000000e+00
6.300000e-01	6.400000e-01	0.000000e+00	0.000000e+00	0.000000e+00
6.400000e-01	6.500000e-01	0.000000e+00	0.000000e+00	0.000000e+00
6.500000e-01	6.600000e-01	0.000000e+00	0.000000e+00	0.000000e+00
6.600000e-01	6.700000e-01	0.000000e+00	0.000000e+00	0.000000e+00
6.700000e-01	6.800000e-01	0.000000e+00	0.000000e+00	0.000000e+00
6.800000e-01	6.900000e-01	0.000000e+00	0.000000e+00	0.000000e+00
6.900000e-01	7.000000e-01	0.000000e+00	0.000000e+00	0.000000e+00
7.000000e-01	7.100000e-01	0.000000e+00	0.000000e+00	0.000000e+00
7.100000e-01	7.200000e-01	0.000000e+00	0.000000e+00	0.000000e+00
7.200000e-01	7.300000e-01	0.000000e+00	0.000000e+00	0.000000e+00
7.300000e-01	7.400000e-01	0.000000e+00	0.000000e+00	0.000000e+00
7.400000e-01	7.500000e-01	0.000000e+00	0.000000e+00	0.000000e+00
7.500000e-01	7.600000e-01	0.000000e+00	0.000000e+00	0.000000e+00
7.600000e-01	7.700000e-01	0.000000e+00	0.000000e+00	0.000000e+00
7.700000e-01	7.800000e-01	0.000000e+00	0.000000e+00	0.000000e+00
7.800000e-01	7.900000e-01	0.000000e+00	0.000000e+00	0.000000e+00
7.900000e-01	8.000000e-01	0.000000e+00	0.000000e+00	0.000000e+00
8.000000e-01	8.100000e-01	0.000000e+00	0.000000e+00	0.000000e+00
8.100000e-01	8.200000e-01	0.000000e+00	0.000000e+00	0.000000e+00
8.200000e-01	8.300000e-01	0.000000e+00	0.000000e+00	0.000000e+00
8.300000e-01	8.400000e-01	0.000000e+00	0.000000e+00	0.000000e+00
8.400000e-01	8.500000e-01	0.000000e+00	0.000000e+00	0.000000e+00
8.500000e-01	8.600000e-01	0.000000e+00	0.000000e+00	0.000000e+00
8.600000e-01	8.700000e-01	0.000000e+00	0.000000e+00	0.000000e+00
8.700000e-01	8.800000e-01	0.000000e+00	0.000000e+00	0.000000e+00
8.800000e-01	8.900000e-01	0.000000e+00	0.000000e+00	0.000000e+00
8.900000e-01	9.000000e-01	0.000000e+00	0.000000e+00	0.000000e+00
9.000000e-01	9.100000e-01	0.000000e+00	0.000000e+00	0.000000e+00
9.100000e-01	9.200000e-01	0.000000e+00	0.000000e+00	0.000000e+00
9.200000e-01	9.300000e-01	0.000000e+00	0.000000e+00	0.000000e+00
9.300000e-01	9.400000e-01	0.000000e+00	0.000000e+00	0.000000e+00
9.400000e-01	9.500000e-01	0.000000e+00	0.000000e+00	0.000000e+00
9.500000e-01	9.600000e-01	0.000000e+00	0.000000e+00	0.000000e+00
9.600000e-01	9.700000e-01	0.000000e+00	0.000000e+00	0.000000e+00
9.700000e-01	9.800000e-01	0.000000e+00	0.000000e+00	0.000000e+00
9.800000e-01	9.900000e-01	0.000000e+00	0.000000e+00	0.000000e+00
9.900000e-01	1.000000e+00	0.000000e+00	0.000000e+00	0.000000e+00
# END HISTO1D

