# BEGIN PLOT
Legend=1
LogY=1
DrawOnly=//mt/home/mbridge/Work/MyHiggsstrahlungV2/MyHiggsstrahlungAll/Analysis.yoda/MyHAnalysis/H_T
LegendOnly=//mt/home/mbridge/Work/MyHiggsstrahlungV2/MyHiggsstrahlungAll/Analysis.yoda/MyHAnalysis/H_T
# END PLOT

# BEGIN HISTO1D //mt/home/mbridge/Work/MyHiggsstrahlungV2/MyHiggsstrahlungAll/Analysis.yoda/MyHAnalysis/H_T
LineColor=red
LineStyle=solid
Path=//mt/home/mbridge/Work/MyHiggsstrahlungV2/MyHiggsstrahlungAll/Analysis.yoda/MyHAnalysis/H_T
ScaledBy=3.03660502498083462e-03
Title=Analysis
# xlow	 xhigh	 val	 errminus	 errplus
5.000000e-01	5.050000e-01	0.000000e+00	0.000000e+00	0.000000e+00
5.050000e-01	5.100000e-01	0.000000e+00	0.000000e+00	0.000000e+00
5.100000e-01	5.150000e-01	0.000000e+00	0.000000e+00	0.000000e+00
5.150000e-01	5.200000e-01	0.000000e+00	0.000000e+00	0.000000e+00
5.200000e-01	5.250000e-01	0.000000e+00	0.000000e+00	0.000000e+00
5.250000e-01	5.300000e-01	0.000000e+00	0.000000e+00	0.000000e+00
5.300000e-01	5.350000e-01	0.000000e+00	0.000000e+00	0.000000e+00
5.350000e-01	5.400000e-01	0.000000e+00	0.000000e+00	0.000000e+00
5.400000e-01	5.450000e-01	0.000000e+00	0.000000e+00	0.000000e+00
5.450000e-01	5.500000e-01	0.000000e+00	0.000000e+00	0.000000e+00
5.500000e-01	5.550000e-01	0.000000e+00	0.000000e+00	0.000000e+00
5.550000e-01	5.600000e-01	0.000000e+00	0.000000e+00	0.000000e+00
5.600000e-01	5.650000e-01	3.278240e-03	3.278240e-03	3.278240e-03
5.650000e-01	5.700000e-01	3.406782e-03	3.406781e-03	3.406781e-03
5.700000e-01	5.750000e-01	0.000000e+00	0.000000e+00	0.000000e+00
5.750000e-01	5.800000e-01	6.556480e-03	4.636131e-03	4.636131e-03
5.800000e-01	5.850000e-01	3.278240e-03	3.278240e-03	3.278240e-03
5.850000e-01	5.900000e-01	0.000000e+00	0.000000e+00	0.000000e+00
5.900000e-01	5.950000e-01	6.556480e-03	4.636131e-03	4.636131e-03
5.950000e-01	6.000000e-01	3.278240e-03	3.278240e-03	3.278240e-03
6.000000e-01	6.050000e-01	8.195180e-03	5.909581e-03	5.909581e-03
6.050000e-01	6.100000e-01	1.966944e-02	8.030014e-03	8.030014e-03
6.100000e-01	6.150000e-01	9.963260e-03	5.753248e-03	5.753248e-03
6.150000e-01	6.200000e-01	3.454964e-02	1.103437e-02	1.103437e-02
6.200000e-01	6.250000e-01	3.631688e-02	1.166388e-02	1.166388e-02
6.250000e-01	6.300000e-01	3.972366e-02	1.215122e-02	1.215122e-02
6.300000e-01	6.350000e-01	5.093916e-02	1.441234e-02	1.441234e-02
6.350000e-01	6.400000e-01	5.939310e-02	1.456480e-02	1.456480e-02
6.400000e-01	6.450000e-01	9.558060e-02	1.906389e-02	1.906389e-02
6.450000e-01	6.500000e-01	9.243090e-02	1.880278e-02	1.880278e-02
6.500000e-01	6.550000e-01	1.022656e-01	1.964141e-02	1.964141e-02
6.550000e-01	6.600000e-01	8.548880e-02	1.815139e-02	1.815139e-02
6.600000e-01	6.650000e-01	1.612714e-01	2.505124e-02	2.505124e-02
6.650000e-01	6.700000e-01	1.866307e-01	2.625174e-02	2.625174e-02
6.700000e-01	6.750000e-01	2.583826e-01	3.193569e-02	3.193569e-02
6.750000e-01	6.800000e-01	3.031322e-01	3.406086e-02	3.406086e-02
6.800000e-01	6.850000e-01	3.521746e-01	3.699759e-02	3.699759e-02
6.850000e-01	6.900000e-01	3.094324e-01	3.411460e-02	3.411460e-02
6.900000e-01	6.950000e-01	3.718424e-01	3.828220e-02	3.828220e-02
6.950000e-01	7.000000e-01	3.918992e-01	3.873451e-02	3.873451e-02
7.000000e-01	7.050000e-01	5.245348e-01	4.498185e-02	4.498185e-02
7.050000e-01	7.100000e-01	5.011086e-01	4.333584e-02	4.333584e-02
7.100000e-01	7.150000e-01	5.645164e-01	4.643948e-02	4.643948e-02
7.150000e-01	7.200000e-01	6.035018e-01	4.775721e-02	4.775721e-02
7.200000e-01	7.250000e-01	5.935030e-01	4.810777e-02	4.810777e-02
7.250000e-01	7.300000e-01	7.635864e-01	5.430222e-02	5.430222e-02
7.300000e-01	7.350000e-01	8.917188e-01	5.901325e-02	5.901325e-02
7.350000e-01	7.400000e-01	9.379258e-01	6.000326e-02	6.000326e-02
7.400000e-01	7.450000e-01	8.641148e-01	5.720208e-02	5.720208e-02
7.450000e-01	7.500000e-01	9.199676e-01	5.973624e-02	5.973624e-02
7.500000e-01	7.550000e-01	9.768536e-01	6.144071e-02	6.144071e-02
7.550000e-01	7.600000e-01	1.023036e+00	6.303343e-02	6.303343e-02
7.600000e-01	7.650000e-01	1.015020e+00	6.224968e-02	6.224968e-02
7.650000e-01	7.700000e-01	1.076357e+00	6.419667e-02	6.419667e-02
7.700000e-01	7.750000e-01	1.045599e+00	6.348033e-02	6.348033e-02
7.750000e-01	7.800000e-01	1.197702e+00	6.876557e-02	6.876557e-02
7.800000e-01	7.850000e-01	1.127102e+00	6.599179e-02	6.599179e-02
7.850000e-01	7.900000e-01	1.250399e+00	6.988390e-02	6.988390e-02
7.900000e-01	7.950000e-01	1.398412e+00	7.403361e-02	7.403361e-02
7.950000e-01	8.000000e-01	1.331142e+00	7.278753e-02	7.278753e-02
8.000000e-01	8.050000e-01	1.439082e+00	7.593645e-02	7.593645e-02
8.050000e-01	8.100000e-01	1.380761e+00	7.480711e-02	7.480711e-02
8.100000e-01	8.150000e-01	1.561003e+00	7.944384e-02	7.944384e-02
8.150000e-01	8.200000e-01	1.519596e+00	7.853636e-02	7.853636e-02
8.200000e-01	8.250000e-01	1.553635e+00	7.927060e-02	7.927060e-02
8.250000e-01	8.300000e-01	1.482923e+00	7.794495e-02	7.794495e-02
8.300000e-01	8.350000e-01	1.693680e+00	8.315436e-02	8.315436e-02
8.350000e-01	8.400000e-01	1.585865e+00	8.132190e-02	8.132190e-02
8.400000e-01	8.450000e-01	1.756993e+00	8.567469e-02	8.567469e-02
8.450000e-01	8.500000e-01	1.793426e+00	8.748870e-02	8.748870e-02
8.500000e-01	8.550000e-01	1.904876e+00	9.007841e-02	9.007841e-02
8.550000e-01	8.600000e-01	1.810630e+00	8.848141e-02	8.848141e-02
8.600000e-01	8.650000e-01	1.905767e+00	9.129269e-02	9.129269e-02
8.650000e-01	8.700000e-01	1.895983e+00	9.129543e-02	9.129543e-02
8.700000e-01	8.750000e-01	1.900308e+00	9.105133e-02	9.105133e-02
8.750000e-01	8.800000e-01	2.069760e+00	9.606933e-02	9.606933e-02
8.800000e-01	8.850000e-01	2.231852e+00	9.995597e-02	9.995597e-02
8.850000e-01	8.900000e-01	2.176164e+00	9.887643e-02	9.887643e-02
8.900000e-01	8.950000e-01	2.260616e+00	1.012134e-01	1.012134e-01
8.950000e-01	9.000000e-01	2.519102e+00	1.071197e-01	1.071197e-01
9.000000e-01	9.050000e-01	2.312990e+00	1.034143e-01	1.034143e-01
9.050000e-01	9.100000e-01	2.893530e+00	1.161044e-01	1.161044e-01
9.100000e-01	9.150000e-01	2.720284e+00	1.131648e-01	1.131648e-01
9.150000e-01	9.200000e-01	3.008704e+00	1.199276e-01	1.199276e-01
9.200000e-01	9.250000e-01	3.101864e+00	1.218221e-01	1.218221e-01
9.250000e-01	9.300000e-01	3.461822e+00	1.288871e-01	1.288871e-01
9.300000e-01	9.350000e-01	3.701100e+00	1.337246e-01	1.337246e-01
9.350000e-01	9.400000e-01	4.347334e+00	1.454271e-01	1.454271e-01
9.400000e-01	9.450000e-01	4.808600e+00	1.529609e-01	1.529609e-01
9.450000e-01	9.500000e-01	5.237014e+00	1.598103e-01	1.598103e-01
9.500000e-01	9.550000e-01	6.207928e+00	1.744098e-01	1.744098e-01
9.550000e-01	9.600000e-01	6.913574e+00	1.842021e-01	1.842021e-01
9.600000e-01	9.650000e-01	8.851464e+00	2.084726e-01	2.084726e-01
9.650000e-01	9.700000e-01	9.913224e+00	2.207093e-01	2.207093e-01
9.700000e-01	9.750000e-01	1.267136e+01	2.495793e-01	2.495793e-01
9.750000e-01	9.800000e-01	1.466619e+01	2.685331e-01	2.685331e-01
9.800000e-01	9.850000e-01	1.696741e+01	2.888345e-01	2.888345e-01
9.850000e-01	9.900000e-01	1.713157e+01	2.902406e-01	2.902406e-01
9.900000e-01	9.950000e-01	1.212081e+01	2.441314e-01	2.441314e-01
9.950000e-01	1.000000e+00	9.194688e-01	6.723823e-02	6.723823e-02
# END HISTO1D

