# BEGIN PLOT
Legend=1
LogY=1
DrawOnly=//mt/home/mbridge/Work/my_higgsstrahlungHgg/Analysis.yoda/MyAnalysis/H_BMax
LegendOnly=//mt/home/mbridge/Work/my_higgsstrahlungHgg/Analysis.yoda/MyAnalysis/H_BMax
# END PLOT

# BEGIN HISTO1D //mt/home/mbridge/Work/my_higgsstrahlungHgg/Analysis.yoda/MyAnalysis/H_BMax
LineColor=red
LineStyle=solid
Path=//mt/home/mbridge/Work/my_higgsstrahlungHgg/Analysis.yoda/MyAnalysis/H_BMax
ScaledBy=1.45528307020074835e-03
Title=Analysis
# xlow	 xhigh	 val	 errminus	 errplus
0.000000e+00	1.000000e-02	0.000000e+00	0.000000e+00	0.000000e+00
1.000000e-02	2.000000e-02	1.143184e-04	1.143184e-04	1.143184e-04
2.000000e-02	3.000000e-02	4.687054e-03	7.319949e-04	7.319949e-04
3.000000e-02	4.000000e-02	8.814044e-02	3.174300e-03	3.174300e-03
4.000000e-02	5.000000e-02	3.953184e-01	6.722558e-03	6.722558e-03
5.000000e-02	6.000000e-02	1.050261e+00	1.095747e-02	1.095747e-02
6.000000e-02	7.000000e-02	2.095737e+00	1.547861e-02	1.547861e-02
7.000000e-02	8.000000e-02	3.493422e+00	1.998429e-02	1.998429e-02
8.000000e-02	9.000000e-02	5.466038e+00	2.499768e-02	2.499768e-02
9.000000e-02	1.000000e-01	8.489118e+00	3.115257e-02	3.115257e-02
1.000000e-01	1.100000e-01	1.318795e+01	3.882858e-02	3.882858e-02
1.100000e-01	1.200000e-01	1.309474e+01	3.869125e-02	3.869125e-02
1.200000e-01	1.300000e-01	1.047441e+01	3.460429e-02	3.460429e-02
1.300000e-01	1.400000e-01	8.420474e+00	3.102649e-02	3.102649e-02
1.400000e-01	1.500000e-01	6.813224e+00	2.790876e-02	2.790876e-02
1.500000e-01	1.600000e-01	5.511101e+00	2.510056e-02	2.510056e-02
1.600000e-01	1.700000e-01	4.529634e+00	2.275596e-02	2.275596e-02
1.700000e-01	1.800000e-01	3.682760e+00	2.051876e-02	2.051876e-02
1.800000e-01	1.900000e-01	2.958181e+00	1.838977e-02	1.838977e-02
1.900000e-01	2.000000e-01	2.381188e+00	1.649907e-02	1.649907e-02
2.000000e-01	2.100000e-01	1.907900e+00	1.476864e-02	1.476864e-02
2.100000e-01	2.200000e-01	1.537287e+00	1.325691e-02	1.325691e-02
2.200000e-01	2.300000e-01	1.197510e+00	1.170044e-02	1.170044e-02
2.300000e-01	2.400000e-01	9.343448e-01	1.033514e-02	1.033514e-02
2.400000e-01	2.500000e-01	7.107511e-01	9.014201e-03	9.014201e-03
2.500000e-01	2.600000e-01	5.343429e-01	7.815844e-03	7.815844e-03
2.600000e-01	2.700000e-01	3.883505e-01	6.663098e-03	6.663098e-03
2.700000e-01	2.800000e-01	2.770031e-01	5.627403e-03	5.627403e-03
2.800000e-01	2.900000e-01	1.798271e-01	4.534096e-03	4.534096e-03
2.900000e-01	3.000000e-01	1.088403e-01	3.527540e-03	3.527540e-03
3.000000e-01	3.100000e-01	5.407260e-02	2.486261e-03	2.486261e-03
3.100000e-01	3.200000e-01	2.378297e-02	1.649055e-03	1.649055e-03
3.200000e-01	3.300000e-01	7.431948e-03	9.218206e-04	9.218206e-04
3.300000e-01	3.400000e-01	1.829094e-03	4.572736e-04	4.572736e-04
3.400000e-01	3.500000e-01	1.143184e-04	1.143184e-04	1.143184e-04
3.500000e-01	3.600000e-01	0.000000e+00	0.000000e+00	0.000000e+00
3.600000e-01	3.700000e-01	0.000000e+00	0.000000e+00	0.000000e+00
3.700000e-01	3.800000e-01	1.143184e-04	1.143184e-04	1.143184e-04
3.800000e-01	3.900000e-01	0.000000e+00	0.000000e+00	0.000000e+00
3.900000e-01	4.000000e-01	0.000000e+00	0.000000e+00	0.000000e+00
4.000000e-01	4.100000e-01	0.000000e+00	0.000000e+00	0.000000e+00
4.100000e-01	4.200000e-01	0.000000e+00	0.000000e+00	0.000000e+00
4.200000e-01	4.300000e-01	0.000000e+00	0.000000e+00	0.000000e+00
4.300000e-01	4.400000e-01	0.000000e+00	0.000000e+00	0.000000e+00
4.400000e-01	4.500000e-01	0.000000e+00	0.000000e+00	0.000000e+00
4.500000e-01	4.600000e-01	0.000000e+00	0.000000e+00	0.000000e+00
4.600000e-01	4.700000e-01	0.000000e+00	0.000000e+00	0.000000e+00
4.700000e-01	4.800000e-01	0.000000e+00	0.000000e+00	0.000000e+00
4.800000e-01	4.900000e-01	0.000000e+00	0.000000e+00	0.000000e+00
4.900000e-01	5.000000e-01	0.000000e+00	0.000000e+00	0.000000e+00
5.000000e-01	5.100000e-01	0.000000e+00	0.000000e+00	0.000000e+00
5.100000e-01	5.200000e-01	0.000000e+00	0.000000e+00	0.000000e+00
5.200000e-01	5.300000e-01	0.000000e+00	0.000000e+00	0.000000e+00
5.300000e-01	5.400000e-01	0.000000e+00	0.000000e+00	0.000000e+00
5.400000e-01	5.500000e-01	0.000000e+00	0.000000e+00	0.000000e+00
5.500000e-01	5.600000e-01	0.000000e+00	0.000000e+00	0.000000e+00
5.600000e-01	5.700000e-01	0.000000e+00	0.000000e+00	0.000000e+00
5.700000e-01	5.800000e-01	0.000000e+00	0.000000e+00	0.000000e+00
5.800000e-01	5.900000e-01	0.000000e+00	0.000000e+00	0.000000e+00
5.900000e-01	6.000000e-01	0.000000e+00	0.000000e+00	0.000000e+00
6.000000e-01	6.100000e-01	0.000000e+00	0.000000e+00	0.000000e+00
6.100000e-01	6.200000e-01	0.000000e+00	0.000000e+00	0.000000e+00
6.200000e-01	6.300000e-01	0.000000e+00	0.000000e+00	0.000000e+00
6.300000e-01	6.400000e-01	0.000000e+00	0.000000e+00	0.000000e+00
6.400000e-01	6.500000e-01	0.000000e+00	0.000000e+00	0.000000e+00
6.500000e-01	6.600000e-01	0.000000e+00	0.000000e+00	0.000000e+00
6.600000e-01	6.700000e-01	0.000000e+00	0.000000e+00	0.000000e+00
6.700000e-01	6.800000e-01	0.000000e+00	0.000000e+00	0.000000e+00
6.800000e-01	6.900000e-01	0.000000e+00	0.000000e+00	0.000000e+00
6.900000e-01	7.000000e-01	0.000000e+00	0.000000e+00	0.000000e+00
7.000000e-01	7.100000e-01	0.000000e+00	0.000000e+00	0.000000e+00
7.100000e-01	7.200000e-01	0.000000e+00	0.000000e+00	0.000000e+00
7.200000e-01	7.300000e-01	0.000000e+00	0.000000e+00	0.000000e+00
7.300000e-01	7.400000e-01	0.000000e+00	0.000000e+00	0.000000e+00
7.400000e-01	7.500000e-01	0.000000e+00	0.000000e+00	0.000000e+00
7.500000e-01	7.600000e-01	0.000000e+00	0.000000e+00	0.000000e+00
7.600000e-01	7.700000e-01	0.000000e+00	0.000000e+00	0.000000e+00
7.700000e-01	7.800000e-01	0.000000e+00	0.000000e+00	0.000000e+00
7.800000e-01	7.900000e-01	0.000000e+00	0.000000e+00	0.000000e+00
7.900000e-01	8.000000e-01	0.000000e+00	0.000000e+00	0.000000e+00
8.000000e-01	8.100000e-01	0.000000e+00	0.000000e+00	0.000000e+00
8.100000e-01	8.200000e-01	0.000000e+00	0.000000e+00	0.000000e+00
8.200000e-01	8.300000e-01	0.000000e+00	0.000000e+00	0.000000e+00
8.300000e-01	8.400000e-01	0.000000e+00	0.000000e+00	0.000000e+00
8.400000e-01	8.500000e-01	0.000000e+00	0.000000e+00	0.000000e+00
8.500000e-01	8.600000e-01	0.000000e+00	0.000000e+00	0.000000e+00
8.600000e-01	8.700000e-01	0.000000e+00	0.000000e+00	0.000000e+00
8.700000e-01	8.800000e-01	0.000000e+00	0.000000e+00	0.000000e+00
8.800000e-01	8.900000e-01	0.000000e+00	0.000000e+00	0.000000e+00
8.900000e-01	9.000000e-01	0.000000e+00	0.000000e+00	0.000000e+00
9.000000e-01	9.100000e-01	0.000000e+00	0.000000e+00	0.000000e+00
9.100000e-01	9.200000e-01	0.000000e+00	0.000000e+00	0.000000e+00
9.200000e-01	9.300000e-01	0.000000e+00	0.000000e+00	0.000000e+00
9.300000e-01	9.400000e-01	0.000000e+00	0.000000e+00	0.000000e+00
9.400000e-01	9.500000e-01	0.000000e+00	0.000000e+00	0.000000e+00
9.500000e-01	9.600000e-01	0.000000e+00	0.000000e+00	0.000000e+00
9.600000e-01	9.700000e-01	0.000000e+00	0.000000e+00	0.000000e+00
9.700000e-01	9.800000e-01	0.000000e+00	0.000000e+00	0.000000e+00
9.800000e-01	9.900000e-01	0.000000e+00	0.000000e+00	0.000000e+00
9.900000e-01	1.000000e+00	0.000000e+00	0.000000e+00	0.000000e+00
# END HISTO1D

