# BEGIN PLOT
Legend=1
LogY=1
DrawOnly=//mt/home/mbridge/Work/my_higgsstrahlungHgg/Analysis.yoda/MyAnalysis/H_BSum
LegendOnly=//mt/home/mbridge/Work/my_higgsstrahlungHgg/Analysis.yoda/MyAnalysis/H_BSum
# END PLOT

# BEGIN HISTO1D //mt/home/mbridge/Work/my_higgsstrahlungHgg/Analysis.yoda/MyAnalysis/H_BSum
LineColor=red
LineStyle=solid
Path=//mt/home/mbridge/Work/my_higgsstrahlungHgg/Analysis.yoda/MyAnalysis/H_BSum
ScaledBy=1.45528307020074835e-03
Title=Analysis
# xlow	 xhigh	 val	 errminus	 errplus
0.000000e+00	1.000000e-02	0.000000e+00	0.000000e+00	0.000000e+00
1.000000e-02	2.000000e-02	0.000000e+00	0.000000e+00	0.000000e+00
2.000000e-02	3.000000e-02	0.000000e+00	0.000000e+00	0.000000e+00
3.000000e-02	4.000000e-02	1.143184e-04	1.143184e-04	1.143184e-04
4.000000e-02	5.000000e-02	2.286368e-03	5.112474e-04	5.112474e-04
5.000000e-02	6.000000e-02	1.543298e-02	1.328260e-03	1.328260e-03
6.000000e-02	7.000000e-02	5.647329e-02	2.540853e-03	2.540853e-03
7.000000e-02	8.000000e-02	1.462146e-01	4.088419e-03	4.088419e-03
8.000000e-02	9.000000e-02	2.900305e-01	5.758158e-03	5.758158e-03
9.000000e-02	1.000000e-01	5.062075e-01	7.607199e-03	7.607199e-03
1.000000e-01	1.100000e-01	7.853930e-01	9.475646e-03	9.475646e-03
1.100000e-01	1.200000e-01	1.103547e+00	1.123207e-02	1.123207e-02
1.200000e-01	1.300000e-01	1.489604e+00	1.304965e-02	1.304965e-02
1.300000e-01	1.400000e-01	1.932141e+00	1.486219e-02	1.486219e-02
1.400000e-01	1.500000e-01	2.407369e+00	1.658954e-02	1.658954e-02
1.500000e-01	1.600000e-01	2.993046e+00	1.849781e-02	1.849781e-02
1.600000e-01	1.700000e-01	3.629327e+00	2.036924e-02	2.036924e-02
1.700000e-01	1.800000e-01	4.389226e+00	2.240043e-02	2.240043e-02
1.800000e-01	1.900000e-01	5.312495e+00	2.464406e-02	2.464406e-02
1.900000e-01	2.000000e-01	6.762678e+00	2.780501e-02	2.780501e-02
2.000000e-01	2.100000e-01	8.665852e+00	3.147517e-02	3.147517e-02
2.100000e-01	2.200000e-01	9.205614e+00	3.244070e-02	3.244070e-02
2.200000e-01	2.300000e-01	8.404127e+00	3.099636e-02	3.099636e-02
2.300000e-01	2.400000e-01	7.257285e+00	2.880398e-02	2.880398e-02
2.400000e-01	2.500000e-01	6.161233e+00	2.653979e-02	2.653979e-02
2.500000e-01	2.600000e-01	5.269550e+00	2.454435e-02	2.454435e-02
2.600000e-01	2.700000e-01	4.489878e+00	2.265594e-02	2.265594e-02
2.700000e-01	2.800000e-01	3.787813e+00	2.080934e-02	2.080934e-02
2.800000e-01	2.900000e-01	3.219412e+00	1.918459e-02	1.918459e-02
2.900000e-01	3.000000e-01	2.735607e+00	1.768445e-02	1.768445e-02
3.000000e-01	3.100000e-01	2.322204e+00	1.629346e-02	1.629346e-02
3.100000e-01	3.200000e-01	1.931247e+00	1.485883e-02	1.485883e-02
3.200000e-01	3.300000e-01	1.575458e+00	1.342044e-02	1.342044e-02
3.300000e-01	3.400000e-01	1.263144e+00	1.201688e-02	1.201688e-02
3.400000e-01	3.500000e-01	9.148199e-01	1.022672e-02	1.022672e-02
3.500000e-01	3.600000e-01	5.800719e-01	8.143418e-03	8.143418e-03
3.600000e-01	3.700000e-01	2.757430e-01	5.614562e-03	5.614562e-03
3.700000e-01	3.800000e-01	9.946173e-02	3.372071e-03	3.372071e-03
3.800000e-01	3.900000e-01	1.749071e-02	1.414040e-03	1.414040e-03
3.900000e-01	4.000000e-01	2.286368e-03	5.112474e-04	5.112474e-04
4.000000e-01	4.100000e-01	1.143184e-04	1.143184e-04	1.143184e-04
4.100000e-01	4.200000e-01	0.000000e+00	0.000000e+00	0.000000e+00
4.200000e-01	4.300000e-01	0.000000e+00	0.000000e+00	0.000000e+00
4.300000e-01	4.400000e-01	0.000000e+00	0.000000e+00	0.000000e+00
4.400000e-01	4.500000e-01	0.000000e+00	0.000000e+00	0.000000e+00
4.500000e-01	4.600000e-01	0.000000e+00	0.000000e+00	0.000000e+00
4.600000e-01	4.700000e-01	0.000000e+00	0.000000e+00	0.000000e+00
4.700000e-01	4.800000e-01	0.000000e+00	0.000000e+00	0.000000e+00
4.800000e-01	4.900000e-01	0.000000e+00	0.000000e+00	0.000000e+00
4.900000e-01	5.000000e-01	0.000000e+00	0.000000e+00	0.000000e+00
5.000000e-01	5.100000e-01	0.000000e+00	0.000000e+00	0.000000e+00
5.100000e-01	5.200000e-01	0.000000e+00	0.000000e+00	0.000000e+00
5.200000e-01	5.300000e-01	0.000000e+00	0.000000e+00	0.000000e+00
5.300000e-01	5.400000e-01	0.000000e+00	0.000000e+00	0.000000e+00
5.400000e-01	5.500000e-01	0.000000e+00	0.000000e+00	0.000000e+00
5.500000e-01	5.600000e-01	0.000000e+00	0.000000e+00	0.000000e+00
5.600000e-01	5.700000e-01	0.000000e+00	0.000000e+00	0.000000e+00
5.700000e-01	5.800000e-01	0.000000e+00	0.000000e+00	0.000000e+00
5.800000e-01	5.900000e-01	0.000000e+00	0.000000e+00	0.000000e+00
5.900000e-01	6.000000e-01	0.000000e+00	0.000000e+00	0.000000e+00
6.000000e-01	6.100000e-01	0.000000e+00	0.000000e+00	0.000000e+00
6.100000e-01	6.200000e-01	0.000000e+00	0.000000e+00	0.000000e+00
6.200000e-01	6.300000e-01	0.000000e+00	0.000000e+00	0.000000e+00
6.300000e-01	6.400000e-01	0.000000e+00	0.000000e+00	0.000000e+00
6.400000e-01	6.500000e-01	0.000000e+00	0.000000e+00	0.000000e+00
6.500000e-01	6.600000e-01	0.000000e+00	0.000000e+00	0.000000e+00
6.600000e-01	6.700000e-01	0.000000e+00	0.000000e+00	0.000000e+00
6.700000e-01	6.800000e-01	0.000000e+00	0.000000e+00	0.000000e+00
6.800000e-01	6.900000e-01	0.000000e+00	0.000000e+00	0.000000e+00
6.900000e-01	7.000000e-01	0.000000e+00	0.000000e+00	0.000000e+00
7.000000e-01	7.100000e-01	0.000000e+00	0.000000e+00	0.000000e+00
7.100000e-01	7.200000e-01	0.000000e+00	0.000000e+00	0.000000e+00
7.200000e-01	7.300000e-01	0.000000e+00	0.000000e+00	0.000000e+00
7.300000e-01	7.400000e-01	0.000000e+00	0.000000e+00	0.000000e+00
7.400000e-01	7.500000e-01	0.000000e+00	0.000000e+00	0.000000e+00
7.500000e-01	7.600000e-01	0.000000e+00	0.000000e+00	0.000000e+00
7.600000e-01	7.700000e-01	0.000000e+00	0.000000e+00	0.000000e+00
7.700000e-01	7.800000e-01	0.000000e+00	0.000000e+00	0.000000e+00
7.800000e-01	7.900000e-01	0.000000e+00	0.000000e+00	0.000000e+00
7.900000e-01	8.000000e-01	0.000000e+00	0.000000e+00	0.000000e+00
8.000000e-01	8.100000e-01	0.000000e+00	0.000000e+00	0.000000e+00
8.100000e-01	8.200000e-01	0.000000e+00	0.000000e+00	0.000000e+00
8.200000e-01	8.300000e-01	0.000000e+00	0.000000e+00	0.000000e+00
8.300000e-01	8.400000e-01	0.000000e+00	0.000000e+00	0.000000e+00
8.400000e-01	8.500000e-01	0.000000e+00	0.000000e+00	0.000000e+00
8.500000e-01	8.600000e-01	0.000000e+00	0.000000e+00	0.000000e+00
8.600000e-01	8.700000e-01	0.000000e+00	0.000000e+00	0.000000e+00
8.700000e-01	8.800000e-01	0.000000e+00	0.000000e+00	0.000000e+00
8.800000e-01	8.900000e-01	0.000000e+00	0.000000e+00	0.000000e+00
8.900000e-01	9.000000e-01	0.000000e+00	0.000000e+00	0.000000e+00
9.000000e-01	9.100000e-01	0.000000e+00	0.000000e+00	0.000000e+00
9.100000e-01	9.200000e-01	0.000000e+00	0.000000e+00	0.000000e+00
9.200000e-01	9.300000e-01	0.000000e+00	0.000000e+00	0.000000e+00
9.300000e-01	9.400000e-01	0.000000e+00	0.000000e+00	0.000000e+00
9.400000e-01	9.500000e-01	0.000000e+00	0.000000e+00	0.000000e+00
9.500000e-01	9.600000e-01	0.000000e+00	0.000000e+00	0.000000e+00
9.600000e-01	9.700000e-01	0.000000e+00	0.000000e+00	0.000000e+00
9.700000e-01	9.800000e-01	0.000000e+00	0.000000e+00	0.000000e+00
9.800000e-01	9.900000e-01	0.000000e+00	0.000000e+00	0.000000e+00
9.900000e-01	1.000000e+00	0.000000e+00	0.000000e+00	0.000000e+00
# END HISTO1D

