# BEGIN PLOT
Legend=1
LogY=1
DrawOnly=//mt/home/mbridge/Work/my_higgsstrahlungHgg/Analysis.yoda/MyAnalysis/H_S
LegendOnly=//mt/home/mbridge/Work/my_higgsstrahlungHgg/Analysis.yoda/MyAnalysis/H_S
# END PLOT

# BEGIN HISTO1D //mt/home/mbridge/Work/my_higgsstrahlungHgg/Analysis.yoda/MyAnalysis/H_S
LineColor=red
LineStyle=solid
Path=//mt/home/mbridge/Work/my_higgsstrahlungHgg/Analysis.yoda/MyAnalysis/H_S
ScaledBy=1.45528307020074835e-03
Title=Analysis
# xlow	 xhigh	 val	 errminus	 errplus
0.000000e+00	1.000000e-02	1.263362e+00	1.201786e-02	1.201786e-02
1.000000e-02	2.000000e-02	5.403177e+00	2.485356e-02	2.485356e-02
2.000000e-02	3.000000e-02	6.838589e+00	2.796063e-02	2.796063e-02
3.000000e-02	4.000000e-02	6.712384e+00	2.770144e-02	2.770144e-02
4.000000e-02	5.000000e-02	6.199648e+00	2.662241e-02	2.662241e-02
5.000000e-02	6.000000e-02	5.519429e+00	2.511948e-02	2.511948e-02
6.000000e-02	7.000000e-02	4.914444e+00	2.370286e-02	2.370286e-02
7.000000e-02	8.000000e-02	4.455564e+00	2.256915e-02	2.256915e-02
8.000000e-02	9.000000e-02	4.006388e+00	2.140129e-02	2.140129e-02
9.000000e-02	1.000000e-01	3.629008e+00	2.036841e-02	2.036841e-02
1.000000e-01	1.100000e-01	3.290303e+00	1.939470e-02	1.939470e-02
1.100000e-01	1.200000e-01	2.984805e+00	1.847230e-02	1.847230e-02
1.200000e-01	1.300000e-01	2.763727e+00	1.777509e-02	1.777509e-02
1.300000e-01	1.400000e-01	2.542267e+00	1.704800e-02	1.704800e-02
1.400000e-01	1.500000e-01	2.356380e+00	1.641290e-02	1.641290e-02
1.500000e-01	1.600000e-01	2.167088e+00	1.573995e-02	1.573995e-02
1.600000e-01	1.700000e-01	2.007138e+00	1.514789e-02	1.514789e-02
1.700000e-01	1.800000e-01	1.872930e+00	1.463272e-02	1.463272e-02
1.800000e-01	1.900000e-01	1.734387e+00	1.408118e-02	1.408118e-02
1.900000e-01	2.000000e-01	1.667029e+00	1.380494e-02	1.380494e-02
2.000000e-01	2.100000e-01	1.537056e+00	1.325590e-02	1.325590e-02
2.100000e-01	2.200000e-01	1.434497e+00	1.280597e-02	1.280597e-02
2.200000e-01	2.300000e-01	1.351160e+00	1.242844e-02	1.242844e-02
2.300000e-01	2.400000e-01	1.278567e+00	1.208997e-02	1.208997e-02
2.400000e-01	2.500000e-01	1.180484e+00	1.161700e-02	1.161700e-02
2.500000e-01	2.600000e-01	1.125832e+00	1.134487e-02	1.134487e-02
2.600000e-01	2.700000e-01	1.043068e+00	1.091994e-02	1.091994e-02
2.700000e-01	2.800000e-01	9.907107e-01	1.064235e-02	1.064235e-02
2.800000e-01	2.900000e-01	9.630425e-01	1.049268e-02	1.049268e-02
2.900000e-01	3.000000e-01	9.270329e-01	1.029465e-02	1.029465e-02
3.000000e-01	3.100000e-01	8.487150e-01	9.850153e-03	9.850153e-03
3.100000e-01	3.200000e-01	8.391230e-01	9.794397e-03	9.794397e-03
3.200000e-01	3.300000e-01	7.730419e-01	9.400815e-03	9.400815e-03
3.300000e-01	3.400000e-01	7.453800e-01	9.231114e-03	9.231114e-03
3.400000e-01	3.500000e-01	7.101680e-01	9.010429e-03	9.010429e-03
3.500000e-01	3.600000e-01	6.893550e-01	8.877370e-03	8.877370e-03
3.600000e-01	3.700000e-01	6.490000e-01	8.613612e-03	8.613612e-03
3.700000e-01	3.800000e-01	6.155067e-01	8.388423e-03	8.388423e-03
3.800000e-01	3.900000e-01	5.853202e-01	8.180099e-03	8.180099e-03
3.900000e-01	4.000000e-01	5.449774e-01	7.893253e-03	7.893253e-03
4.000000e-01	4.100000e-01	5.289679e-01	7.776419e-03	7.776419e-03
4.100000e-01	4.200000e-01	5.018725e-01	7.574627e-03	7.574627e-03
4.200000e-01	4.300000e-01	4.783159e-01	7.394673e-03	7.394673e-03
4.300000e-01	4.400000e-01	4.561386e-01	7.221217e-03	7.221217e-03
4.400000e-01	4.500000e-01	4.277867e-01	6.993192e-03	6.993192e-03
4.500000e-01	4.600000e-01	4.239164e-01	6.961625e-03	6.961625e-03
4.600000e-01	4.700000e-01	4.034387e-01	6.791283e-03	6.791283e-03
4.700000e-01	4.800000e-01	3.948624e-01	6.718691e-03	6.718691e-03
4.800000e-01	4.900000e-01	3.633200e-01	6.444845e-03	6.444845e-03
4.900000e-01	5.000000e-01	3.476510e-01	6.304277e-03	6.304277e-03
5.000000e-01	5.100000e-01	3.395299e-01	6.230169e-03	6.230169e-03
5.100000e-01	5.200000e-01	3.181562e-01	6.030924e-03	6.030924e-03
5.200000e-01	5.300000e-01	3.144964e-01	5.996122e-03	5.996122e-03
5.300000e-01	5.400000e-01	2.834025e-01	5.692008e-03	5.692008e-03
5.400000e-01	5.500000e-01	2.667091e-01	5.521798e-03	5.521798e-03
5.500000e-01	5.600000e-01	2.571139e-01	5.421643e-03	5.421643e-03
5.600000e-01	5.700000e-01	2.448799e-01	5.291071e-03	5.291071e-03
5.700000e-01	5.800000e-01	2.296764e-01	5.124206e-03	5.124206e-03
5.800000e-01	5.900000e-01	2.198373e-01	5.013162e-03	5.013162e-03
5.900000e-01	6.000000e-01	2.047522e-01	4.838168e-03	4.838168e-03
6.000000e-01	6.100000e-01	1.834831e-01	4.579928e-03	4.579928e-03
6.100000e-01	6.200000e-01	1.784591e-01	4.516868e-03	4.516868e-03
6.200000e-01	6.300000e-01	1.720553e-01	4.435064e-03	4.435064e-03
6.300000e-01	6.400000e-01	1.578741e-01	4.248290e-03	4.248290e-03
6.400000e-01	6.500000e-01	1.446177e-01	4.066084e-03	4.066084e-03
6.500000e-01	6.600000e-01	1.340995e-01	3.915418e-03	3.915418e-03
6.600000e-01	6.700000e-01	1.244957e-01	3.772599e-03	3.772599e-03
6.700000e-01	6.800000e-01	1.114681e-01	3.569839e-03	3.569839e-03
6.800000e-01	6.900000e-01	1.004868e-01	3.389338e-03	3.389338e-03
6.900000e-01	7.000000e-01	8.917413e-02	3.192950e-03	3.192950e-03
7.000000e-01	7.100000e-01	7.911184e-02	3.007382e-03	3.007382e-03
7.100000e-01	7.200000e-01	7.316503e-02	2.892102e-03	2.892102e-03
7.200000e-01	7.300000e-01	6.402079e-02	2.705373e-03	2.705373e-03
7.300000e-01	7.400000e-01	5.224351e-02	2.443848e-03	2.443848e-03
7.400000e-01	7.500000e-01	4.275574e-02	2.210847e-03	2.210847e-03
7.500000e-01	7.600000e-01	3.063733e-02	1.871473e-03	1.871473e-03
7.600000e-01	7.700000e-01	2.309232e-02	1.624770e-03	1.624770e-03
7.700000e-01	7.800000e-01	1.851958e-02	1.455036e-03	1.455036e-03
7.800000e-01	7.900000e-01	1.543480e-02	1.328417e-03	1.328417e-03
7.900000e-01	8.000000e-01	9.602745e-03	1.047745e-03	1.047745e-03
8.000000e-01	8.100000e-01	8.459561e-03	9.834040e-04	9.834040e-04
8.100000e-01	8.200000e-01	7.202059e-03	9.073741e-04	9.073741e-04
8.200000e-01	8.300000e-01	3.886825e-03	6.665850e-04	6.665850e-04
8.300000e-01	8.400000e-01	3.200915e-03	6.049161e-04	6.049161e-04
8.400000e-01	8.500000e-01	2.057731e-03	4.850119e-04	4.850119e-04
8.500000e-01	8.600000e-01	2.172049e-03	4.983023e-04	4.983023e-04
8.600000e-01	8.700000e-01	1.143184e-03	3.615066e-04	3.615066e-04
8.700000e-01	8.800000e-01	9.145472e-04	3.233413e-04	3.233413e-04
8.800000e-01	8.900000e-01	5.715920e-04	2.556237e-04	2.556237e-04
8.900000e-01	9.000000e-01	3.429552e-04	1.980053e-04	1.980053e-04
9.000000e-01	9.100000e-01	1.143184e-04	1.143184e-04	1.143184e-04
9.100000e-01	9.200000e-01	1.143184e-04	1.143184e-04	1.143184e-04
9.200000e-01	9.300000e-01	1.143184e-04	1.143184e-04	1.143184e-04
9.300000e-01	9.400000e-01	0.000000e+00	0.000000e+00	0.000000e+00
9.400000e-01	9.500000e-01	0.000000e+00	0.000000e+00	0.000000e+00
9.500000e-01	9.600000e-01	0.000000e+00	0.000000e+00	0.000000e+00
9.600000e-01	9.700000e-01	0.000000e+00	0.000000e+00	0.000000e+00
9.700000e-01	9.800000e-01	0.000000e+00	0.000000e+00	0.000000e+00
9.800000e-01	9.900000e-01	0.000000e+00	0.000000e+00	0.000000e+00
9.900000e-01	1.000000e+00	0.000000e+00	0.000000e+00	0.000000e+00
# END HISTO1D

