# BEGIN PLOT
Legend=1
LogY=1
DrawOnly=//mt/home/mbridge/Work/MyHiggsstrahlungV2/MyHiggsstrahlungHbb/Analysis.yoda/MyFSAnalysis/EtaSumEt
LegendOnly=//mt/home/mbridge/Work/MyHiggsstrahlungV2/MyHiggsstrahlungHbb/Analysis.yoda/MyFSAnalysis/EtaSumEt
# END PLOT

# BEGIN HISTO1D //mt/home/mbridge/Work/MyHiggsstrahlungV2/MyHiggsstrahlungHbb/Analysis.yoda/MyFSAnalysis/EtaSumEt
LineColor=red
LineStyle=solid
Path=//mt/home/mbridge/Work/MyHiggsstrahlungV2/MyHiggsstrahlungHbb/Analysis.yoda/MyFSAnalysis/EtaSumEt
Title=Analysis
# xlow	 xhigh	 val	 errminus	 errplus
0.000000e+00	5.000000e-02	2.530981e+00	1.139025e-02	1.139025e-02
5.000000e-02	1.000000e-01	2.520382e+00	1.158145e-02	1.158145e-02
1.000000e-01	1.500000e-01	2.495275e+00	1.130258e-02	1.130258e-02
1.500000e-01	2.000000e-01	2.495807e+00	1.149836e-02	1.149836e-02
2.000000e-01	2.500000e-01	2.468163e+00	1.150550e-02	1.150550e-02
2.500000e-01	3.000000e-01	2.430093e+00	1.134034e-02	1.134034e-02
3.000000e-01	3.500000e-01	2.398298e+00	1.146647e-02	1.146647e-02
3.500000e-01	4.000000e-01	2.332222e+00	1.138425e-02	1.138425e-02
4.000000e-01	4.500000e-01	2.294787e+00	1.145595e-02	1.145595e-02
4.500000e-01	5.000000e-01	2.253322e+00	1.154525e-02	1.154525e-02
5.000000e-01	5.500000e-01	2.201372e+00	1.142529e-02	1.142529e-02
5.500000e-01	6.000000e-01	2.149603e+00	1.153893e-02	1.153893e-02
6.000000e-01	6.500000e-01	2.080230e+00	1.133601e-02	1.133601e-02
6.500000e-01	7.000000e-01	2.020021e+00	1.138127e-02	1.138127e-02
7.000000e-01	7.500000e-01	1.974096e+00	1.135923e-02	1.135923e-02
7.500000e-01	8.000000e-01	1.918505e+00	1.145646e-02	1.145646e-02
8.000000e-01	8.500000e-01	1.817313e+00	1.121924e-02	1.121924e-02
8.500000e-01	9.000000e-01	1.791466e+00	1.140618e-02	1.140618e-02
9.000000e-01	9.500000e-01	1.731654e+00	1.145383e-02	1.145383e-02
9.500000e-01	1.000000e+00	1.666078e+00	1.155139e-02	1.155139e-02
1.000000e+00	1.050000e+00	1.595470e+00	1.145773e-02	1.145773e-02
1.050000e+00	1.100000e+00	1.523836e+00	1.132006e-02	1.132006e-02
1.100000e+00	1.150000e+00	1.466218e+00	1.133923e-02	1.133923e-02
1.150000e+00	1.200000e+00	1.418552e+00	1.145040e-02	1.145040e-02
1.200000e+00	1.250000e+00	1.365263e+00	1.133744e-02	1.133744e-02
1.250000e+00	1.300000e+00	1.283037e+00	1.115462e-02	1.115462e-02
1.300000e+00	1.350000e+00	1.246251e+00	1.133779e-02	1.133779e-02
1.350000e+00	1.400000e+00	1.207424e+00	1.136257e-02	1.136257e-02
1.400000e+00	1.450000e+00	1.143410e+00	1.130333e-02	1.130333e-02
1.450000e+00	1.500000e+00	1.080782e+00	1.125019e-02	1.125019e-02
1.500000e+00	1.550000e+00	1.059209e+00	1.153525e-02	1.153525e-02
1.550000e+00	1.600000e+00	9.992881e-01	1.156874e-02	1.156874e-02
1.600000e+00	1.650000e+00	9.291494e-01	1.116626e-02	1.116626e-02
1.650000e+00	1.700000e+00	9.064429e-01	1.116994e-02	1.116994e-02
1.700000e+00	1.750000e+00	8.646619e-01	1.143530e-02	1.143530e-02
1.750000e+00	1.800000e+00	8.366027e-01	1.141747e-02	1.141747e-02
1.800000e+00	1.850000e+00	7.939500e-01	1.166109e-02	1.166109e-02
1.850000e+00	1.900000e+00	7.670911e-01	1.152296e-02	1.152296e-02
1.900000e+00	1.950000e+00	7.319578e-01	1.200905e-02	1.200905e-02
1.950000e+00	2.000000e+00	6.867488e-01	1.111208e-02	1.111208e-02
2.000000e+00	2.050000e+00	6.398738e-01	1.105722e-02	1.105722e-02
2.050000e+00	2.100000e+00	6.281164e-01	1.119439e-02	1.119439e-02
2.100000e+00	2.150000e+00	6.065183e-01	1.162738e-02	1.162738e-02
2.150000e+00	2.200000e+00	5.802092e-01	1.241045e-02	1.241045e-02
2.200000e+00	2.250000e+00	5.413068e-01	1.151674e-02	1.151674e-02
2.250000e+00	2.300000e+00	5.098884e-01	1.125793e-02	1.125793e-02
2.300000e+00	2.350000e+00	4.785631e-01	1.122303e-02	1.122303e-02
2.350000e+00	2.400000e+00	4.509507e-01	1.124009e-02	1.124009e-02
2.400000e+00	2.450000e+00	4.523148e-01	1.201229e-02	1.201229e-02
2.450000e+00	2.500000e+00	4.285460e-01	1.175637e-02	1.175637e-02
2.500000e+00	2.550000e+00	3.978059e-01	1.084458e-02	1.084458e-02
2.550000e+00	2.600000e+00	3.439629e-01	1.050567e-02	1.050567e-02
2.600000e+00	2.650000e+00	3.502114e-01	1.098584e-02	1.098584e-02
2.650000e+00	2.700000e+00	3.547425e-01	1.176936e-02	1.176936e-02
2.700000e+00	2.750000e+00	3.381586e-01	1.175987e-02	1.175987e-02
2.750000e+00	2.800000e+00	2.993017e-01	1.059363e-02	1.059363e-02
2.800000e+00	2.850000e+00	3.073630e-01	1.146804e-02	1.146804e-02
2.850000e+00	2.900000e+00	3.077711e-01	1.218671e-02	1.218671e-02
2.900000e+00	2.950000e+00	2.625351e-01	1.079008e-02	1.079008e-02
2.950000e+00	3.000000e+00	2.467542e-01	1.120967e-02	1.120967e-02
3.000000e+00	3.050000e+00	2.444189e-01	1.262164e-02	1.262164e-02
3.050000e+00	3.100000e+00	2.200282e-01	1.048081e-02	1.048081e-02
3.100000e+00	3.150000e+00	2.179826e-01	1.111242e-02	1.111242e-02
3.150000e+00	3.200000e+00	2.249608e-01	1.176870e-02	1.176870e-02
3.200000e+00	3.250000e+00	2.027836e-01	1.145535e-02	1.145535e-02
3.250000e+00	3.300000e+00	1.983766e-01	1.106302e-02	1.106302e-02
3.300000e+00	3.350000e+00	1.675919e-01	9.505750e-03	9.505750e-03
3.350000e+00	3.400000e+00	1.627352e-01	9.926587e-03	9.926587e-03
3.400000e+00	3.450000e+00	1.666852e-01	1.120002e-02	1.120002e-02
3.450000e+00	3.500000e+00	1.519054e-01	1.033282e-02	1.033282e-02
3.500000e+00	3.550000e+00	1.659199e-01	1.235360e-02	1.235360e-02
3.550000e+00	3.600000e+00	1.474512e-01	1.260194e-02	1.260194e-02
3.600000e+00	3.650000e+00	1.263358e-01	9.979715e-03	9.979715e-03
3.650000e+00	3.700000e+00	1.223204e-01	1.003605e-02	1.003605e-02
3.700000e+00	3.750000e+00	1.153479e-01	1.087426e-02	1.087426e-02
3.750000e+00	3.800000e+00	1.326155e-01	1.197170e-02	1.197170e-02
3.800000e+00	3.850000e+00	9.699623e-02	9.943164e-03	9.943164e-03
3.850000e+00	3.900000e+00	1.133803e-01	1.156794e-02	1.156794e-02
3.900000e+00	3.950000e+00	1.133543e-01	1.443112e-02	1.443112e-02
3.950000e+00	4.000000e+00	9.782041e-02	1.143517e-02	1.143517e-02
4.000000e+00	4.050000e+00	1.001352e-01	1.121775e-02	1.121775e-02
4.050000e+00	4.100000e+00	8.327313e-02	1.357385e-02	1.357385e-02
4.100000e+00	4.150000e+00	1.053115e-01	1.259275e-02	1.259275e-02
4.150000e+00	4.200000e+00	9.171530e-02	1.512603e-02	1.512603e-02
4.200000e+00	4.250000e+00	9.116012e-02	1.115072e-02	1.115072e-02
4.250000e+00	4.300000e+00	7.048354e-02	1.404331e-02	1.404331e-02
4.300000e+00	4.350000e+00	8.690957e-02	1.484141e-02	1.484141e-02
4.350000e+00	4.400000e+00	5.792633e-02	8.172429e-03	8.172429e-03
4.400000e+00	4.450000e+00	5.250204e-02	7.421499e-03	7.421499e-03
4.450000e+00	4.500000e+00	4.654223e-02	7.633469e-03	7.633469e-03
4.500000e+00	4.550000e+00	6.696523e-02	1.364032e-02	1.364032e-02
4.550000e+00	4.600000e+00	6.001491e-02	1.154587e-02	1.154587e-02
4.600000e+00	4.650000e+00	5.573379e-02	9.869845e-03	9.869845e-03
4.650000e+00	4.700000e+00	7.163739e-02	1.742657e-02	1.742657e-02
4.700000e+00	4.750000e+00	4.380768e-02	8.163912e-03	8.163912e-03
4.750000e+00	4.800000e+00	3.400317e-02	8.398700e-03	8.398700e-03
4.800000e+00	4.850000e+00	3.821139e-02	6.406687e-03	6.406687e-03
4.850000e+00	4.900000e+00	4.682286e-02	1.829193e-02	1.829193e-02
4.900000e+00	4.950000e+00	3.637823e-02	7.768473e-03	7.768473e-03
4.950000e+00	5.000000e+00	3.897873e-02	1.000462e-02	1.000462e-02
# END HISTO1D

