# BEGIN PLOT
Legend=1
LogY=1
DrawOnly=//mt/home/mbridge/Work/MyHiggsstrahlungV2/MyHiggsstrahlungHbb/Analysis.yoda/MyFSAnalysis/Mult
LegendOnly=//mt/home/mbridge/Work/MyHiggsstrahlungV2/MyHiggsstrahlungHbb/Analysis.yoda/MyFSAnalysis/Mult
# END PLOT

# BEGIN HISTO1D //mt/home/mbridge/Work/MyHiggsstrahlungV2/MyHiggsstrahlungHbb/Analysis.yoda/MyFSAnalysis/Mult
LineColor=red
LineStyle=solid
Path=//mt/home/mbridge/Work/MyHiggsstrahlungV2/MyHiggsstrahlungHbb/Analysis.yoda/MyFSAnalysis/Mult
ScaledBy=3.64509560399297336e-03
Title=Analysis
# xlow	 xhigh	 val	 errminus	 errplus
0.000000e+00	1.000000e+00	0.000000e+00	0.000000e+00	0.000000e+00
1.000000e+00	2.000000e+00	0.000000e+00	0.000000e+00	0.000000e+00
2.000000e+00	3.000000e+00	0.000000e+00	0.000000e+00	0.000000e+00
3.000000e+00	4.000000e+00	0.000000e+00	0.000000e+00	0.000000e+00
4.000000e+00	5.000000e+00	0.000000e+00	0.000000e+00	0.000000e+00
5.000000e+00	6.000000e+00	0.000000e+00	0.000000e+00	0.000000e+00
6.000000e+00	7.000000e+00	0.000000e+00	0.000000e+00	0.000000e+00
7.000000e+00	8.000000e+00	0.000000e+00	0.000000e+00	0.000000e+00
8.000000e+00	9.000000e+00	0.000000e+00	0.000000e+00	0.000000e+00
9.000000e+00	1.000000e+01	0.000000e+00	0.000000e+00	0.000000e+00
1.000000e+01	1.100000e+01	0.000000e+00	0.000000e+00	0.000000e+00
1.100000e+01	1.200000e+01	0.000000e+00	0.000000e+00	0.000000e+00
1.200000e+01	1.300000e+01	0.000000e+00	0.000000e+00	0.000000e+00
1.300000e+01	1.400000e+01	0.000000e+00	0.000000e+00	0.000000e+00
1.400000e+01	1.500000e+01	0.000000e+00	0.000000e+00	0.000000e+00
1.500000e+01	1.600000e+01	0.000000e+00	0.000000e+00	0.000000e+00
1.600000e+01	1.700000e+01	0.000000e+00	0.000000e+00	0.000000e+00
1.700000e+01	1.800000e+01	0.000000e+00	0.000000e+00	0.000000e+00
1.800000e+01	1.900000e+01	2.289692e-05	2.289692e-05	2.289692e-05
1.900000e+01	2.000000e+01	4.579384e-05	3.238114e-05	3.238114e-05
2.000000e+01	2.100000e+01	4.579384e-05	3.238114e-05	3.238114e-05
2.100000e+01	2.200000e+01	9.158767e-05	4.579383e-05	4.579383e-05
2.200000e+01	2.300000e+01	1.831753e-04	6.476227e-05	6.476227e-05
2.300000e+01	2.400000e+01	3.892476e-04	9.440641e-05	9.440641e-05
2.400000e+01	2.500000e+01	8.242891e-04	1.373815e-04	1.373815e-04
2.500000e+01	2.600000e+01	8.242891e-04	1.373815e-04	1.373815e-04
2.600000e+01	2.700000e+01	1.602784e-03	1.915694e-04	1.915694e-04
2.700000e+01	2.800000e+01	2.243898e-03	2.266679e-04	2.266679e-04
2.800000e+01	2.900000e+01	3.068187e-03	2.650510e-04	2.650510e-04
2.900000e+01	3.000000e+01	4.487796e-03	3.205569e-04	3.205569e-04
3.000000e+01	3.100000e+01	5.060219e-03	3.403871e-04	3.403871e-04
3.100000e+01	3.200000e+01	6.685900e-03	3.912627e-04	3.912627e-04
3.200000e+01	3.300000e+01	8.655035e-03	4.451669e-04	4.451669e-04
3.300000e+01	3.400000e+01	9.273252e-03	4.607916e-04	4.607916e-04
3.400000e+01	3.500000e+01	1.158584e-02	5.150534e-04	5.150534e-04
3.500000e+01	3.600000e+01	1.385264e-02	5.631898e-04	5.631898e-04
3.600000e+01	3.700000e+01	1.712689e-02	6.262213e-04	6.262213e-04
3.700000e+01	3.800000e+01	1.822595e-02	6.460015e-04	6.460015e-04
3.800000e+01	3.900000e+01	2.033246e-02	6.823128e-04	6.823128e-04
3.900000e+01	4.000000e+01	2.150021e-02	7.016327e-04	7.016327e-04
4.000000e+01	4.100000e+01	2.227870e-02	7.142224e-04	7.142224e-04
4.100000e+01	4.200000e+01	2.555296e-02	7.649078e-04	7.649078e-04
4.200000e+01	4.300000e+01	2.646884e-02	7.784952e-04	7.784952e-04
4.300000e+01	4.400000e+01	2.578193e-02	7.683272e-04	7.683272e-04
4.400000e+01	4.500000e+01	2.807162e-02	8.017192e-04	8.017192e-04
4.500000e+01	4.600000e+01	2.946833e-02	8.214219e-04	8.214219e-04
4.600000e+01	4.700000e+01	3.017814e-02	8.312559e-04	8.312559e-04
4.700000e+01	4.800000e+01	3.127719e-02	8.462572e-04	8.462572e-04
4.800000e+01	4.900000e+01	3.010945e-02	8.303093e-04	8.303093e-04
4.900000e+01	5.000000e+01	3.004076e-02	8.293616e-04	8.293616e-04
5.000000e+01	5.100000e+01	3.036131e-02	8.337748e-04	8.337748e-04
5.100000e+01	5.200000e+01	2.830059e-02	8.049822e-04	8.049822e-04
5.200000e+01	5.300000e+01	2.958282e-02	8.230160e-04	8.230160e-04
5.300000e+01	5.400000e+01	2.875853e-02	8.114689e-04	8.114689e-04
5.400000e+01	5.500000e+01	2.935385e-02	8.198248e-04	8.198248e-04
5.500000e+01	5.600000e+01	2.690388e-02	7.848668e-04	7.848668e-04
5.600000e+01	5.700000e+01	2.550717e-02	7.642222e-04	7.642222e-04
5.700000e+01	5.800000e+01	2.498054e-02	7.562918e-04	7.562918e-04
5.800000e+01	5.900000e+01	2.427073e-02	7.454697e-04	7.454697e-04
5.900000e+01	6.000000e+01	2.349224e-02	7.334165e-04	7.334165e-04
6.000000e+01	6.100000e+01	2.095068e-02	6.926081e-04	6.926081e-04
6.100000e+01	6.200000e+01	2.076750e-02	6.895737e-04	6.895737e-04
6.200000e+01	6.300000e+01	1.932500e-02	6.651939e-04	6.651939e-04
6.300000e+01	6.400000e+01	1.804277e-02	6.427472e-04	6.427472e-04
6.400000e+01	6.500000e+01	1.772221e-02	6.370119e-04	6.370119e-04
6.500000e+01	6.600000e+01	1.570729e-02	5.997069e-04	5.997069e-04
6.600000e+01	6.700000e+01	1.518066e-02	5.895679e-04	5.895679e-04
6.700000e+01	6.800000e+01	1.433347e-02	5.728807e-04	5.728807e-04
6.800000e+01	6.900000e+01	1.392133e-02	5.645844e-04	5.645844e-04
6.900000e+01	7.000000e+01	1.208957e-02	5.261312e-04	5.261312e-04
7.000000e+01	7.100000e+01	1.220406e-02	5.286164e-04	5.286164e-04
7.100000e+01	7.200000e+01	1.149425e-02	5.130136e-04	5.130136e-04
7.200000e+01	7.300000e+01	1.030361e-02	4.857170e-04	4.857170e-04
7.300000e+01	7.400000e+01	9.067180e-03	4.556430e-04	4.556430e-04
7.400000e+01	7.500000e+01	8.952695e-03	4.527572e-04	4.527572e-04
7.500000e+01	7.600000e+01	6.891972e-03	3.972466e-04	3.972466e-04
7.600000e+01	7.700000e+01	7.510189e-03	4.146808e-04	4.146808e-04
7.700000e+01	7.800000e+01	6.548519e-03	3.872220e-04	3.872220e-04
7.800000e+01	7.900000e+01	6.250859e-03	3.783192e-04	3.783192e-04
7.900000e+01	8.000000e+01	5.563951e-03	3.569276e-04	3.569276e-04
8.000000e+01	8.100000e+01	5.037322e-03	3.396161e-04	3.396161e-04
8.100000e+01	8.200000e+01	5.243394e-03	3.464933e-04	3.464933e-04
8.200000e+01	8.300000e+01	4.235930e-03	3.114318e-04	3.114318e-04
8.300000e+01	8.400000e+01	3.709301e-03	2.914302e-04	2.914302e-04
8.400000e+01	8.500000e+01	3.892476e-03	2.985393e-04	2.985393e-04
8.500000e+01	8.600000e+01	2.747630e-03	2.508232e-04	2.508232e-04
8.600000e+01	8.700000e+01	2.885012e-03	2.570173e-04	2.570173e-04
8.700000e+01	8.800000e+01	2.449970e-03	2.368476e-04	2.368476e-04
8.800000e+01	8.900000e+01	2.312589e-03	2.301112e-04	2.301112e-04
8.900000e+01	9.000000e+01	2.037826e-03	2.160091e-04	2.160091e-04
9.000000e+01	9.100000e+01	2.037826e-03	2.160091e-04	2.160091e-04
9.100000e+01	9.200000e+01	1.556990e-03	1.888128e-04	1.888128e-04
9.200000e+01	9.300000e+01	1.648578e-03	1.942868e-04	1.942868e-04
9.300000e+01	9.400000e+01	1.053258e-03	1.552945e-04	1.552945e-04
9.400000e+01	9.500000e+01	1.396712e-03	1.788306e-04	1.788306e-04
9.500000e+01	9.600000e+01	8.013921e-04	1.354600e-04	1.354600e-04
9.600000e+01	9.700000e+01	9.616706e-04	1.483890e-04	1.483890e-04
9.700000e+01	9.800000e+01	5.953199e-04	1.167518e-04	1.167518e-04
9.800000e+01	9.900000e+01	8.471860e-04	1.392765e-04	1.392765e-04
9.900000e+01	1.000000e+02	5.724230e-04	1.144846e-04	1.144846e-04
# END HISTO1D

