# BEGIN PLOT
Legend=1
LogY=0
Title=Charged multiplicity of events
XLabel=$N_\mathrm{ch}$
YLabel=$1/\sigma \; \mathrm{d}\sigma/\mathrm{d}N_\mathrm{ch}$
DrawOnly=//mt/home/mbridge/Work/higgsstrahlung/Analysis.yoda/MC_FSPARTICLES/MultCh
LegendOnly=//mt/home/mbridge/Work/higgsstrahlung/Analysis.yoda/MC_FSPARTICLES/MultCh
# END PLOT

# BEGIN HISTO1D //mt/home/mbridge/Work/higgsstrahlung/Analysis.yoda/MC_FSPARTICLES/MultCh
LineColor=red
LineStyle=solid
Path=//mt/home/mbridge/Work/higgsstrahlung/Analysis.yoda/MC_FSPARTICLES/MultCh
ScaledBy=3.16877214323020643e-05
Title=Analysis
# xlow	 xhigh	 val	 errminus	 errplus
-5.000000e-01	1.500000e+00	0.000000e+00	0.000000e+00	0.000000e+00
1.500000e+00	3.500000e+00	1.229298e-03	1.307268e-05	1.307268e-05
3.500000e+00	5.500000e+00	5.112750e-02	8.314444e-05	8.314444e-05
5.500000e+00	7.500000e+00	1.252781e-02	4.031245e-05	4.031245e-05
7.500000e+00	9.500000e+00	2.161662e-02	5.386648e-05	5.386648e-05
9.500000e+00	1.150000e+01	3.721198e-02	7.079380e-05	7.079380e-05
1.150000e+01	1.350000e+01	4.467718e-02	7.783725e-05	7.783725e-05
1.350000e+01	1.550000e+01	4.352983e-02	7.720968e-05	7.720968e-05
1.550000e+01	1.750000e+01	4.085739e-02	7.514488e-05	7.514488e-05
1.750000e+01	1.950000e+01	4.019209e-02	7.472406e-05	7.472406e-05
1.950000e+01	2.150000e+01	4.124116e-02	7.576576e-05	7.576576e-05
2.150000e+01	2.350000e+01	4.065775e-02	7.524839e-05	7.524839e-05
2.350000e+01	2.550000e+01	3.713416e-02	7.191848e-05	7.191848e-05
2.550000e+01	2.750000e+01	3.078923e-02	6.548790e-05	6.548790e-05
2.750000e+01	2.950000e+01	2.280278e-02	5.635836e-05	5.635836e-05
2.950000e+01	3.150000e+01	1.517657e-02	4.597829e-05	4.597829e-05
3.150000e+01	3.350000e+01	9.355095e-03	3.609862e-05	3.609862e-05
3.350000e+01	3.550000e+01	5.186230e-03	2.687778e-05	2.687778e-05
3.550000e+01	3.750000e+01	2.632270e-03	1.914836e-05	1.914836e-05
3.750000e+01	3.950000e+01	1.218556e-03	1.302836e-05	1.302836e-05
3.950000e+01	4.150000e+01	5.205450e-04	8.515236e-06	8.515236e-06
4.150000e+01	4.350000e+01	1.990524e-04	5.265641e-06	5.265641e-06
4.350000e+01	4.550000e+01	7.703005e-05	3.275652e-06	3.275652e-06
4.550000e+01	4.750000e+01	3.050558e-05	2.061376e-06	2.061376e-06
4.750000e+01	4.950000e+01	7.104040e-06	9.947644e-07	9.947644e-07
4.950000e+01	5.150000e+01	1.950128e-06	5.211938e-07	5.211938e-07
5.150000e+01	5.350000e+01	0.000000e+00	0.000000e+00	0.000000e+00
5.350000e+01	5.550000e+01	1.392949e-07	1.392949e-07	1.392949e-07
5.550000e+01	5.750000e+01	1.392949e-07	1.392949e-07	1.392949e-07
5.750000e+01	5.950000e+01	0.000000e+00	0.000000e+00	0.000000e+00
5.950000e+01	6.150000e+01	0.000000e+00	0.000000e+00	0.000000e+00
6.150000e+01	6.350000e+01	0.000000e+00	0.000000e+00	0.000000e+00
6.350000e+01	6.550000e+01	0.000000e+00	0.000000e+00	0.000000e+00
6.550000e+01	6.750000e+01	0.000000e+00	0.000000e+00	0.000000e+00
6.750000e+01	6.950000e+01	0.000000e+00	0.000000e+00	0.000000e+00
6.950000e+01	7.150000e+01	0.000000e+00	0.000000e+00	0.000000e+00
7.150000e+01	7.350000e+01	0.000000e+00	0.000000e+00	0.000000e+00
7.350000e+01	7.550000e+01	0.000000e+00	0.000000e+00	0.000000e+00
7.550000e+01	7.750000e+01	0.000000e+00	0.000000e+00	0.000000e+00
7.750000e+01	7.950000e+01	0.000000e+00	0.000000e+00	0.000000e+00
7.950000e+01	8.150000e+01	0.000000e+00	0.000000e+00	0.000000e+00
8.150000e+01	8.350000e+01	0.000000e+00	0.000000e+00	0.000000e+00
8.350000e+01	8.550000e+01	0.000000e+00	0.000000e+00	0.000000e+00
8.550000e+01	8.750000e+01	0.000000e+00	0.000000e+00	0.000000e+00
8.750000e+01	8.950000e+01	0.000000e+00	0.000000e+00	0.000000e+00
8.950000e+01	9.150000e+01	0.000000e+00	0.000000e+00	0.000000e+00
9.150000e+01	9.350000e+01	0.000000e+00	0.000000e+00	0.000000e+00
9.350000e+01	9.550000e+01	0.000000e+00	0.000000e+00	0.000000e+00
9.550000e+01	9.750000e+01	0.000000e+00	0.000000e+00	0.000000e+00
9.750000e+01	9.950000e+01	0.000000e+00	0.000000e+00	0.000000e+00
9.950000e+01	1.015000e+02	0.000000e+00	0.000000e+00	0.000000e+00
1.015000e+02	1.035000e+02	0.000000e+00	0.000000e+00	0.000000e+00
1.035000e+02	1.055000e+02	0.000000e+00	0.000000e+00	0.000000e+00
1.055000e+02	1.075000e+02	0.000000e+00	0.000000e+00	0.000000e+00
1.075000e+02	1.095000e+02	0.000000e+00	0.000000e+00	0.000000e+00
1.095000e+02	1.115000e+02	0.000000e+00	0.000000e+00	0.000000e+00
1.115000e+02	1.135000e+02	0.000000e+00	0.000000e+00	0.000000e+00
1.135000e+02	1.155000e+02	0.000000e+00	0.000000e+00	0.000000e+00
1.155000e+02	1.175000e+02	0.000000e+00	0.000000e+00	0.000000e+00
1.175000e+02	1.195000e+02	0.000000e+00	0.000000e+00	0.000000e+00
1.195000e+02	1.215000e+02	0.000000e+00	0.000000e+00	0.000000e+00
1.215000e+02	1.235000e+02	0.000000e+00	0.000000e+00	0.000000e+00
1.235000e+02	1.255000e+02	0.000000e+00	0.000000e+00	0.000000e+00
1.255000e+02	1.275000e+02	0.000000e+00	0.000000e+00	0.000000e+00
1.275000e+02	1.295000e+02	0.000000e+00	0.000000e+00	0.000000e+00
1.295000e+02	1.315000e+02	0.000000e+00	0.000000e+00	0.000000e+00
1.315000e+02	1.335000e+02	0.000000e+00	0.000000e+00	0.000000e+00
1.335000e+02	1.355000e+02	0.000000e+00	0.000000e+00	0.000000e+00
1.355000e+02	1.375000e+02	0.000000e+00	0.000000e+00	0.000000e+00
1.375000e+02	1.395000e+02	0.000000e+00	0.000000e+00	0.000000e+00
1.395000e+02	1.415000e+02	0.000000e+00	0.000000e+00	0.000000e+00
1.415000e+02	1.435000e+02	0.000000e+00	0.000000e+00	0.000000e+00
1.435000e+02	1.455000e+02	0.000000e+00	0.000000e+00	0.000000e+00
1.455000e+02	1.475000e+02	0.000000e+00	0.000000e+00	0.000000e+00
1.475000e+02	1.495000e+02	0.000000e+00	0.000000e+00	0.000000e+00
1.495000e+02	1.515000e+02	0.000000e+00	0.000000e+00	0.000000e+00
1.515000e+02	1.535000e+02	0.000000e+00	0.000000e+00	0.000000e+00
1.535000e+02	1.555000e+02	0.000000e+00	0.000000e+00	0.000000e+00
1.555000e+02	1.575000e+02	0.000000e+00	0.000000e+00	0.000000e+00
1.575000e+02	1.595000e+02	0.000000e+00	0.000000e+00	0.000000e+00
1.595000e+02	1.615000e+02	0.000000e+00	0.000000e+00	0.000000e+00
1.615000e+02	1.635000e+02	0.000000e+00	0.000000e+00	0.000000e+00
1.635000e+02	1.655000e+02	0.000000e+00	0.000000e+00	0.000000e+00
1.655000e+02	1.675000e+02	0.000000e+00	0.000000e+00	0.000000e+00
1.675000e+02	1.695000e+02	0.000000e+00	0.000000e+00	0.000000e+00
1.695000e+02	1.715000e+02	0.000000e+00	0.000000e+00	0.000000e+00
1.715000e+02	1.735000e+02	0.000000e+00	0.000000e+00	0.000000e+00
1.735000e+02	1.755000e+02	0.000000e+00	0.000000e+00	0.000000e+00
1.755000e+02	1.775000e+02	0.000000e+00	0.000000e+00	0.000000e+00
1.775000e+02	1.795000e+02	0.000000e+00	0.000000e+00	0.000000e+00
1.795000e+02	1.815000e+02	0.000000e+00	0.000000e+00	0.000000e+00
1.815000e+02	1.835000e+02	0.000000e+00	0.000000e+00	0.000000e+00
1.835000e+02	1.855000e+02	0.000000e+00	0.000000e+00	0.000000e+00
1.855000e+02	1.875000e+02	0.000000e+00	0.000000e+00	0.000000e+00
1.875000e+02	1.895000e+02	0.000000e+00	0.000000e+00	0.000000e+00
1.895000e+02	1.915000e+02	0.000000e+00	0.000000e+00	0.000000e+00
1.915000e+02	1.935000e+02	0.000000e+00	0.000000e+00	0.000000e+00
1.935000e+02	1.955000e+02	0.000000e+00	0.000000e+00	0.000000e+00
1.955000e+02	1.975000e+02	0.000000e+00	0.000000e+00	0.000000e+00
1.975000e+02	1.995000e+02	0.000000e+00	0.000000e+00	0.000000e+00
# END HISTO1D

