# BEGIN PLOT
Legend=1
LogY=1
Title=Transverse momentum of all particles
XLabel=$p_\perp$ [GeV]
YLabel=$1/\sigma \; \mathrm{d}\sigma/\mathrm{d}p_\perp$ [GeV$^{-1}$]
FullRange=1
DrawOnly=//mt/home/mbridge/Work/higgsstrahlung/Analysis.yoda/MC_FSPARTICLES/Pt
LegendOnly=//mt/home/mbridge/Work/higgsstrahlung/Analysis.yoda/MC_FSPARTICLES/Pt
# END PLOT

# BEGIN HISTO1D //mt/home/mbridge/Work/higgsstrahlung/Analysis.yoda/MC_FSPARTICLES/Pt
LineColor=red
LineStyle=solid
Path=//mt/home/mbridge/Work/higgsstrahlung/Analysis.yoda/MC_FSPARTICLES/Pt
ScaledBy=1.08847012953937364e-06
Title=Analysis
# xlow	 xhigh	 val	 errminus	 errplus
0.000000e+00	1.000000e-01	0.000000e+00	0.000000e+00	0.000000e+00
1.000000e-01	2.000000e-01	0.000000e+00	0.000000e+00	0.000000e+00
2.000000e-01	3.000000e-01	0.000000e+00	0.000000e+00	0.000000e+00
3.000000e-01	4.000000e-01	0.000000e+00	0.000000e+00	0.000000e+00
4.000000e-01	5.000000e-01	0.000000e+00	0.000000e+00	0.000000e+00
5.000000e-01	6.000000e-01	7.359144e-01	2.646008e-04	2.646008e-04
6.000000e-01	7.000000e-01	6.313542e-01	2.450914e-04	2.450914e-04
7.000000e-01	8.000000e-01	5.482149e-01	2.283919e-04	2.283919e-04
8.000000e-01	9.000000e-01	4.797263e-01	2.136556e-04	2.136556e-04
9.000000e-01	1.000000e+00	4.241621e-01	2.009073e-04	2.009073e-04
1.000000e+00	1.100000e+00	3.780320e-01	1.896729e-04	1.896729e-04
1.100000e+00	1.200000e+00	3.387097e-01	1.795416e-04	1.795416e-04
1.200000e+00	1.300000e+00	3.053524e-01	1.704748e-04	1.704748e-04
1.300000e+00	1.400000e+00	2.771875e-01	1.624278e-04	1.624278e-04
1.400000e+00	1.500000e+00	2.522198e-01	1.549434e-04	1.549434e-04
1.500000e+00	1.600000e+00	2.308379e-01	1.482347e-04	1.482347e-04
1.600000e+00	1.700000e+00	2.120029e-01	1.420616e-04	1.420616e-04
1.700000e+00	1.800000e+00	1.952098e-01	1.363220e-04	1.363220e-04
1.800000e+00	1.900000e+00	1.808805e-01	1.312273e-04	1.312273e-04
1.900000e+00	2.000000e+00	1.675839e-01	1.263139e-04	1.263139e-04
2.000000e+00	2.100000e+00	1.558470e-01	1.218135e-04	1.218135e-04
2.100000e+00	2.200000e+00	1.454754e-01	1.176928e-04	1.176928e-04
2.200000e+00	2.300000e+00	1.360127e-01	1.138022e-04	1.138022e-04
2.300000e+00	2.400000e+00	1.272767e-01	1.100921e-04	1.100921e-04
2.400000e+00	2.500000e+00	1.194592e-01	1.066584e-04	1.066584e-04
2.500000e+00	2.600000e+00	1.124652e-01	1.034912e-04	1.034912e-04
2.600000e+00	2.700000e+00	1.059401e-01	1.004471e-04	1.004471e-04
2.700000e+00	2.800000e+00	9.997503e-02	9.758005e-05	9.758005e-05
2.800000e+00	2.900000e+00	9.432641e-02	9.478523e-05	9.478523e-05
2.900000e+00	3.000000e+00	8.934778e-02	9.225186e-05	9.225186e-05
3.000000e+00	3.100000e+00	8.463207e-02	8.978664e-05	8.978664e-05
3.100000e+00	3.200000e+00	8.053361e-02	8.758684e-05	8.758684e-05
3.200000e+00	3.300000e+00	7.659706e-02	8.542157e-05	8.542157e-05
3.300000e+00	3.400000e+00	7.269769e-02	8.322030e-05	8.322030e-05
3.400000e+00	3.500000e+00	6.914253e-02	8.115998e-05	8.115998e-05
3.500000e+00	3.600000e+00	6.598139e-02	7.928444e-05	7.928444e-05
3.600000e+00	3.700000e+00	6.283937e-02	7.737631e-05	7.737631e-05
3.700000e+00	3.800000e+00	6.035621e-02	7.583239e-05	7.583239e-05
3.800000e+00	3.900000e+00	5.772665e-02	7.416429e-05	7.416429e-05
3.900000e+00	4.000000e+00	5.506474e-02	7.243473e-05	7.243473e-05
4.000000e+00	4.100000e+00	5.280658e-02	7.093477e-05	7.093477e-05
4.100000e+00	4.200000e+00	5.048393e-02	6.935754e-05	6.935754e-05
4.200000e+00	4.300000e+00	4.833934e-02	6.786939e-05	6.786939e-05
4.300000e+00	4.400000e+00	4.666278e-02	6.668468e-05	6.668468e-05
4.400000e+00	4.500000e+00	4.470382e-02	6.526896e-05	6.526896e-05
4.500000e+00	4.600000e+00	4.309145e-02	6.408247e-05	6.408247e-05
4.600000e+00	4.700000e+00	4.143389e-02	6.283844e-05	6.283844e-05
4.700000e+00	4.800000e+00	3.991722e-02	6.167865e-05	6.167865e-05
4.800000e+00	4.900000e+00	3.845280e-02	6.053648e-05	6.053648e-05
4.900000e+00	5.000000e+00	3.703591e-02	5.941147e-05	5.941147e-05
5.000000e+00	5.100000e+00	3.559585e-02	5.824581e-05	5.824581e-05
5.100000e+00	5.200000e+00	3.430495e-02	5.718053e-05	5.718053e-05
5.200000e+00	5.300000e+00	3.329917e-02	5.633704e-05	5.633704e-05
5.300000e+00	5.400000e+00	3.203905e-02	5.526068e-05	5.526068e-05
5.400000e+00	5.500000e+00	3.105568e-02	5.440639e-05	5.440639e-05
5.500000e+00	5.600000e+00	2.996404e-02	5.344107e-05	5.344107e-05
5.600000e+00	5.700000e+00	2.903732e-02	5.260918e-05	5.260918e-05
5.700000e+00	5.800000e+00	2.802838e-02	5.168634e-05	5.168634e-05
5.800000e+00	5.900000e+00	2.719722e-02	5.091478e-05	5.091478e-05
5.900000e+00	6.000000e+00	2.633088e-02	5.009791e-05	5.009791e-05
6.000000e+00	6.100000e+00	2.547341e-02	4.927524e-05	4.927524e-05
6.100000e+00	6.200000e+00	2.459755e-02	4.842108e-05	4.842108e-05
6.200000e+00	6.300000e+00	2.396055e-02	4.779012e-05	4.779012e-05
6.300000e+00	6.400000e+00	2.323433e-02	4.705956e-05	4.705956e-05
6.400000e+00	6.500000e+00	2.249350e-02	4.630330e-05	4.630330e-05
6.500000e+00	6.600000e+00	2.192316e-02	4.571294e-05	4.571294e-05
6.600000e+00	6.700000e+00	2.124784e-02	4.500329e-05	4.500329e-05
6.700000e+00	6.800000e+00	2.067008e-02	4.438680e-05	4.438680e-05
6.800000e+00	6.900000e+00	2.009168e-02	4.376261e-05	4.376261e-05
6.900000e+00	7.000000e+00	1.954750e-02	4.316421e-05	4.316421e-05
7.000000e+00	7.100000e+00	1.897557e-02	4.252774e-05	4.252774e-05
7.100000e+00	7.200000e+00	1.841985e-02	4.190061e-05	4.190061e-05
7.200000e+00	7.300000e+00	1.787549e-02	4.127510e-05	4.127510e-05
7.300000e+00	7.400000e+00	1.750901e-02	4.085018e-05	4.085018e-05
7.400000e+00	7.500000e+00	1.691823e-02	4.015484e-05	4.015484e-05
7.500000e+00	7.600000e+00	1.657358e-02	3.974388e-05	3.974388e-05
7.600000e+00	7.700000e+00	1.618021e-02	3.926943e-05	3.926943e-05
7.700000e+00	7.800000e+00	1.572641e-02	3.871416e-05	3.871416e-05
7.800000e+00	7.900000e+00	1.533426e-02	3.822711e-05	3.822711e-05
7.900000e+00	8.000000e+00	1.499803e-02	3.780702e-05	3.780702e-05
8.000000e+00	8.100000e+00	1.462754e-02	3.733573e-05	3.733573e-05
8.100000e+00	8.200000e+00	1.420855e-02	3.679671e-05	3.679671e-05
8.200000e+00	8.300000e+00	1.389024e-02	3.638158e-05	3.638158e-05
8.300000e+00	8.400000e+00	1.355857e-02	3.594432e-05	3.594432e-05
8.400000e+00	8.500000e+00	1.325955e-02	3.554500e-05	3.554500e-05
8.500000e+00	8.600000e+00	1.291286e-02	3.507532e-05	3.507532e-05
8.600000e+00	8.700000e+00	1.267289e-02	3.474817e-05	3.474817e-05
8.700000e+00	8.800000e+00	1.235998e-02	3.431624e-05	3.431624e-05
8.800000e+00	8.900000e+00	1.211099e-02	3.396781e-05	3.396781e-05
8.900000e+00	9.000000e+00	1.174569e-02	3.345025e-05	3.345025e-05
9.000000e+00	9.100000e+00	1.152826e-02	3.314072e-05	3.314072e-05
9.100000e+00	9.200000e+00	1.130367e-02	3.281484e-05	3.281484e-05
9.200000e+00	9.300000e+00	1.099092e-02	3.235741e-05	3.235741e-05
9.300000e+00	9.400000e+00	1.089381e-02	3.221456e-05	3.221456e-05
9.400000e+00	9.500000e+00	1.065336e-02	3.185552e-05	3.185552e-05
9.500000e+00	9.600000e+00	1.034472e-02	3.139038e-05	3.139038e-05
9.600000e+00	9.700000e+00	1.015121e-02	3.109489e-05	3.109489e-05
9.700000e+00	9.800000e+00	9.966688e-03	3.080968e-05	3.080968e-05
9.800000e+00	9.900000e+00	9.792164e-03	3.053856e-05	3.053856e-05
9.900000e+00	1.000000e+01	9.597510e-03	3.023205e-05	3.023205e-05
1.000000e+01	1.010000e+01	9.358229e-03	2.985175e-05	2.985175e-05
1.010000e+01	1.020000e+01	9.182561e-03	2.957119e-05	2.957119e-05
1.020000e+01	1.030000e+01	9.041183e-03	2.934130e-05	2.934130e-05
1.030000e+01	1.040000e+01	8.869262e-03	2.906058e-05	2.906058e-05
1.040000e+01	1.050000e+01	8.701941e-03	2.878446e-05	2.878446e-05
1.050000e+01	1.060000e+01	8.492748e-03	2.843414e-05	2.843414e-05
1.060000e+01	1.070000e+01	8.367617e-03	2.822210e-05	2.822210e-05
1.070000e+01	1.080000e+01	8.236345e-03	2.800131e-05	2.800131e-05
1.080000e+01	1.090000e+01	8.097557e-03	2.776271e-05	2.776271e-05
1.090000e+01	1.100000e+01	7.961141e-03	2.752925e-05	2.752925e-05
1.100000e+01	1.110000e+01	7.763959e-03	2.718430e-05	2.718430e-05
1.110000e+01	1.120000e+01	7.603861e-03	2.690103e-05	2.690103e-05
1.120000e+01	1.130000e+01	7.545698e-03	2.679800e-05	2.679800e-05
1.130000e+01	1.140000e+01	7.368635e-03	2.647985e-05	2.647985e-05
1.140000e+01	1.150000e+01	7.264919e-03	2.629225e-05	2.629225e-05
1.150000e+01	1.160000e+01	7.155758e-03	2.609431e-05	2.609431e-05
1.160000e+01	1.170000e+01	7.043804e-03	2.588786e-05	2.588786e-05
1.170000e+01	1.180000e+01	6.949250e-03	2.571217e-05	2.571217e-05
1.180000e+01	1.190000e+01	6.874374e-03	2.557236e-05	2.557236e-05
1.190000e+01	1.200000e+01	6.751225e-03	2.534261e-05	2.534261e-05
1.200000e+01	1.210000e+01	6.646816e-03	2.514613e-05	2.514613e-05
1.210000e+01	1.220000e+01	6.487001e-03	2.483911e-05	2.483911e-05
1.220000e+01	1.230000e+01	6.414745e-03	2.470008e-05	2.470008e-05
1.230000e+01	1.240000e+01	6.299478e-03	2.447623e-05	2.447623e-05
1.240000e+01	1.250000e+01	6.237362e-03	2.435488e-05	2.435488e-05
1.250000e+01	1.260000e+01	6.148551e-03	2.418052e-05	2.418052e-05
1.260000e+01	1.270000e+01	6.043085e-03	2.397038e-05	2.397038e-05
1.270000e+01	1.280000e+01	5.945318e-03	2.377548e-05	2.377548e-05
1.280000e+01	1.290000e+01	5.849066e-03	2.358282e-05	2.358282e-05
1.290000e+01	1.300000e+01	5.777509e-03	2.343695e-05	2.343695e-05
1.300000e+01	1.310000e+01	5.696644e-03	2.327185e-05	2.327185e-05
1.310000e+01	1.320000e+01	5.613896e-03	2.309969e-05	2.309969e-05
1.320000e+01	1.330000e+01	5.517669e-03	2.289961e-05	2.289961e-05
1.330000e+01	1.340000e+01	5.475432e-03	2.281146e-05	2.281146e-05
1.340000e+01	1.350000e+01	5.402701e-03	2.265976e-05	2.265976e-05
1.350000e+01	1.360000e+01	5.339521e-03	2.252482e-05	2.252482e-05
1.360000e+01	1.370000e+01	5.281834e-03	2.240270e-05	2.240270e-05
1.370000e+01	1.380000e+01	5.180966e-03	2.218762e-05	2.218762e-05
1.380000e+01	1.390000e+01	5.115235e-03	2.204439e-05	2.204439e-05
1.390000e+01	1.400000e+01	5.067471e-03	2.194211e-05	2.194211e-05
1.400000e+01	1.410000e+01	4.980121e-03	2.175015e-05	2.175015e-05
1.410000e+01	1.420000e+01	4.943677e-03	2.166959e-05	2.166959e-05
1.420000e+01	1.430000e+01	4.930243e-03	2.163876e-05	2.163876e-05
1.430000e+01	1.440000e+01	4.854885e-03	2.147178e-05	2.147178e-05
1.440000e+01	1.450000e+01	4.774737e-03	2.129566e-05	2.129566e-05
1.450000e+01	1.460000e+01	4.730582e-03	2.119568e-05	2.119568e-05
1.460000e+01	1.470000e+01	4.680807e-03	2.108283e-05	2.108283e-05
1.470000e+01	1.480000e+01	4.603416e-03	2.090703e-05	2.090703e-05
1.480000e+01	1.490000e+01	4.556208e-03	2.079750e-05	2.079750e-05
1.490000e+01	1.500000e+01	4.515210e-03	2.070242e-05	2.070242e-05
1.500000e+01	1.510000e+01	4.491436e-03	2.064899e-05	2.064899e-05
1.510000e+01	1.520000e+01	4.421061e-03	2.048622e-05	2.048622e-05
1.520000e+01	1.530000e+01	4.370355e-03	2.036698e-05	2.036698e-05
1.530000e+01	1.540000e+01	4.375952e-03	2.038111e-05	2.038111e-05
1.540000e+01	1.550000e+01	4.336096e-03	2.028634e-05	2.028634e-05
1.550000e+01	1.560000e+01	4.230146e-03	2.003669e-05	2.003669e-05
1.560000e+01	1.570000e+01	4.169152e-03	1.988969e-05	1.988969e-05
1.570000e+01	1.580000e+01	4.153398e-03	1.985145e-05	1.985145e-05
1.580000e+01	1.590000e+01	4.141138e-03	1.982057e-05	1.982057e-05
1.590000e+01	1.600000e+01	4.119730e-03	1.977032e-05	1.977032e-05
1.600000e+01	1.610000e+01	4.032810e-03	1.956071e-05	1.956071e-05
1.610000e+01	1.620000e+01	4.017662e-03	1.952164e-05	1.952164e-05
1.620000e+01	1.630000e+01	3.993083e-03	1.946218e-05	1.946218e-05
1.630000e+01	1.640000e+01	3.933270e-03	1.931435e-05	1.931435e-05
1.640000e+01	1.650000e+01	3.911923e-03	1.926118e-05	1.926118e-05
1.650000e+01	1.660000e+01	3.895130e-03	1.921907e-05	1.921907e-05
1.660000e+01	1.670000e+01	3.830555e-03	1.905735e-05	1.905735e-05
1.670000e+01	1.680000e+01	3.828088e-03	1.905342e-05	1.905342e-05
1.680000e+01	1.690000e+01	3.764919e-03	1.889392e-05	1.889392e-05
1.690000e+01	1.700000e+01	3.758197e-03	1.887647e-05	1.887647e-05
1.700000e+01	1.710000e+01	3.725031e-03	1.879259e-05	1.879259e-05
1.710000e+01	1.720000e+01	3.720898e-03	1.878023e-05	1.878023e-05
1.720000e+01	1.730000e+01	3.665943e-03	1.864070e-05	1.864070e-05
1.730000e+01	1.740000e+01	3.624065e-03	1.853328e-05	1.853328e-05
1.740000e+01	1.750000e+01	3.602115e-03	1.847661e-05	1.847661e-05
1.750000e+01	1.760000e+01	3.556043e-03	1.835775e-05	1.835775e-05
1.760000e+01	1.770000e+01	3.593746e-03	1.845384e-05	1.845384e-05
1.770000e+01	1.780000e+01	3.529273e-03	1.828584e-05	1.828584e-05
1.780000e+01	1.790000e+01	3.507241e-03	1.822889e-05	1.822889e-05
1.790000e+01	1.800000e+01	3.455603e-03	1.809445e-05	1.809445e-05
1.800000e+01	1.810000e+01	3.446909e-03	1.806872e-05	1.806872e-05
1.810000e+01	1.820000e+01	3.418424e-03	1.799649e-05	1.799649e-05
1.820000e+01	1.830000e+01	3.437735e-03	1.804805e-05	1.804805e-05
1.830000e+01	1.840000e+01	3.370103e-03	1.786556e-05	1.786556e-05
1.840000e+01	1.850000e+01	3.353948e-03	1.782368e-05	1.782368e-05
1.850000e+01	1.860000e+01	3.351770e-03	1.781753e-05	1.781753e-05
1.860000e+01	1.870000e+01	3.310990e-03	1.770746e-05	1.770746e-05
1.870000e+01	1.880000e+01	3.284044e-03	1.763490e-05	1.763490e-05
1.880000e+01	1.890000e+01	3.288733e-03	1.764737e-05	1.764737e-05
1.890000e+01	1.900000e+01	3.252398e-03	1.754749e-05	1.754749e-05
1.900000e+01	1.910000e+01	3.226128e-03	1.747610e-05	1.747610e-05
1.910000e+01	1.920000e+01	3.224264e-03	1.747187e-05	1.747187e-05
1.920000e+01	1.930000e+01	3.183003e-03	1.735779e-05	1.735779e-05
1.930000e+01	1.940000e+01	3.184725e-03	1.736330e-05	1.736330e-05
1.940000e+01	1.950000e+01	3.181497e-03	1.735280e-05	1.735280e-05
1.950000e+01	1.960000e+01	3.164910e-03	1.730786e-05	1.730786e-05
1.960000e+01	1.970000e+01	3.122704e-03	1.718951e-05	1.718951e-05
1.970000e+01	1.980000e+01	3.099121e-03	1.712489e-05	1.712489e-05
1.980000e+01	1.990000e+01	3.098421e-03	1.712379e-05	1.712379e-05
1.990000e+01	2.000000e+01	3.094039e-03	1.711071e-05	1.711071e-05
2.000000e+01	2.010000e+01	3.084924e-03	1.708371e-05	1.708371e-05
2.010000e+01	2.020000e+01	2.998119e-03	1.684070e-05	1.684070e-05
2.020000e+01	2.030000e+01	3.035097e-03	1.694533e-05	1.694533e-05
2.030000e+01	2.040000e+01	3.041050e-03	1.696103e-05	1.696103e-05
2.040000e+01	2.050000e+01	2.994212e-03	1.682955e-05	1.682955e-05
2.050000e+01	2.060000e+01	3.011427e-03	1.687740e-05	1.687740e-05
2.060000e+01	2.070000e+01	3.006965e-03	1.686360e-05	1.686360e-05
2.070000e+01	2.080000e+01	2.971941e-03	1.676499e-05	1.676499e-05
2.080000e+01	2.090000e+01	2.970466e-03	1.676089e-05	1.676089e-05
2.090000e+01	2.100000e+01	2.964995e-03	1.674451e-05	1.674451e-05
2.100000e+01	2.110000e+01	2.953934e-03	1.671356e-05	1.671356e-05
2.110000e+01	2.120000e+01	2.921132e-03	1.661720e-05	1.661720e-05
2.120000e+01	2.130000e+01	2.924892e-03	1.662954e-05	1.662954e-05
2.130000e+01	2.140000e+01	2.871064e-03	1.647326e-05	1.647326e-05
2.140000e+01	2.150000e+01	2.892273e-03	1.653512e-05	1.653512e-05
2.150000e+01	2.160000e+01	2.889250e-03	1.652652e-05	1.652652e-05
2.160000e+01	2.170000e+01	2.894961e-03	1.654207e-05	1.654207e-05
2.170000e+01	2.180000e+01	2.863867e-03	1.645240e-05	1.645240e-05
2.180000e+01	2.190000e+01	2.834176e-03	1.636617e-05	1.636617e-05
2.190000e+01	2.200000e+01	2.839610e-03	1.638075e-05	1.638075e-05
2.200000e+01	2.210000e+01	2.851100e-03	1.641399e-05	1.641399e-05
2.210000e+01	2.220000e+01	2.825232e-03	1.633769e-05	1.633769e-05
2.220000e+01	2.230000e+01	2.831615e-03	1.635888e-05	1.635888e-05
2.230000e+01	2.240000e+01	2.813623e-03	1.630347e-05	1.630347e-05
2.240000e+01	2.250000e+01	2.812452e-03	1.630091e-05	1.630091e-05
2.250000e+01	2.260000e+01	2.821859e-03	1.632733e-05	1.632733e-05
2.260000e+01	2.270000e+01	2.777443e-03	1.619696e-05	1.619696e-05
2.270000e+01	2.280000e+01	2.784212e-03	1.621756e-05	1.621756e-05
2.280000e+01	2.290000e+01	2.725036e-03	1.604295e-05	1.604295e-05
2.290000e+01	2.300000e+01	2.759264e-03	1.614234e-05	1.614234e-05
2.300000e+01	2.310000e+01	2.754991e-03	1.613039e-05	1.613039e-05
2.310000e+01	2.320000e+01	2.775046e-03	1.618743e-05	1.618743e-05
2.320000e+01	2.330000e+01	2.767463e-03	1.616507e-05	1.616507e-05
2.330000e+01	2.340000e+01	2.742312e-03	1.609012e-05	1.609012e-05
2.340000e+01	2.350000e+01	2.719698e-03	1.602337e-05	1.602337e-05
2.350000e+01	2.360000e+01	2.732600e-03	1.606053e-05	1.606053e-05
2.360000e+01	2.370000e+01	2.738966e-03	1.608099e-05	1.608099e-05
2.370000e+01	2.380000e+01	2.733712e-03	1.606422e-05	1.606422e-05
2.380000e+01	2.390000e+01	2.736660e-03	1.607443e-05	1.607443e-05
2.390000e+01	2.400000e+01	2.717108e-03	1.601455e-05	1.601455e-05
2.400000e+01	2.410000e+01	2.718070e-03	1.601631e-05	1.601631e-05
2.410000e+01	2.420000e+01	2.713372e-03	1.600340e-05	1.600340e-05
2.420000e+01	2.430000e+01	2.725848e-03	1.603862e-05	1.603862e-05
2.430000e+01	2.440000e+01	2.701829e-03	1.596764e-05	1.596764e-05
2.440000e+01	2.450000e+01	2.691942e-03	1.593668e-05	1.593668e-05
2.450000e+01	2.460000e+01	2.689473e-03	1.592921e-05	1.592921e-05
2.460000e+01	2.470000e+01	2.703220e-03	1.597027e-05	1.597027e-05
2.470000e+01	2.480000e+01	2.702597e-03	1.596910e-05	1.596910e-05
2.480000e+01	2.490000e+01	2.705216e-03	1.597408e-05	1.597408e-05
2.490000e+01	2.500000e+01	2.706694e-03	1.597949e-05	1.597949e-05
2.500000e+01	2.510000e+01	2.681153e-03	1.590169e-05	1.590169e-05
2.510000e+01	2.520000e+01	2.697249e-03	1.594860e-05	1.594860e-05
2.520000e+01	2.530000e+01	2.707888e-03	1.598044e-05	1.598044e-05
2.530000e+01	2.540000e+01	2.697773e-03	1.594976e-05	1.594976e-05
2.540000e+01	2.550000e+01	2.710573e-03	1.598708e-05	1.598708e-05
2.550000e+01	2.560000e+01	2.664903e-03	1.584959e-05	1.584959e-05
2.560000e+01	2.570000e+01	2.675753e-03	1.588165e-05	1.588165e-05
2.570000e+01	2.580000e+01	2.699146e-03	1.595268e-05	1.595268e-05
2.580000e+01	2.590000e+01	2.718228e-03	1.600832e-05	1.600832e-05
2.590000e+01	2.600000e+01	2.708370e-03	1.597745e-05	1.597745e-05
2.600000e+01	2.610000e+01	2.674610e-03	1.587596e-05	1.587596e-05
2.610000e+01	2.620000e+01	2.704551e-03	1.596404e-05	1.596404e-05
2.620000e+01	2.630000e+01	2.692487e-03	1.592703e-05	1.592703e-05
2.630000e+01	2.640000e+01	2.707072e-03	1.597150e-05	1.597150e-05
2.640000e+01	2.650000e+01	2.677233e-03	1.588403e-05	1.588403e-05
2.650000e+01	2.660000e+01	2.690792e-03	1.592408e-05	1.592408e-05
2.660000e+01	2.670000e+01	2.711554e-03	1.598580e-05	1.598580e-05
2.670000e+01	2.680000e+01	2.721093e-03	1.601220e-05	1.601220e-05
2.680000e+01	2.690000e+01	2.696338e-03	1.593853e-05	1.593853e-05
2.690000e+01	2.700000e+01	2.700208e-03	1.594863e-05	1.594863e-05
2.700000e+01	2.710000e+01	2.711245e-03	1.598134e-05	1.598134e-05
2.710000e+01	2.720000e+01	2.687130e-03	1.590870e-05	1.590870e-05
2.720000e+01	2.730000e+01	2.709071e-03	1.597558e-05	1.597558e-05
2.730000e+01	2.740000e+01	2.698267e-03	1.594205e-05	1.594205e-05
2.740000e+01	2.750000e+01	2.673231e-03	1.586718e-05	1.586718e-05
2.750000e+01	2.760000e+01	2.694751e-03	1.592837e-05	1.592837e-05
2.760000e+01	2.770000e+01	2.700857e-03	1.595008e-05	1.595008e-05
2.770000e+01	2.780000e+01	2.655626e-03	1.581260e-05	1.581260e-05
2.780000e+01	2.790000e+01	2.648481e-03	1.579059e-05	1.579059e-05
2.790000e+01	2.800000e+01	2.656186e-03	1.581238e-05	1.581238e-05
2.800000e+01	2.810000e+01	2.642001e-03	1.577171e-05	1.577171e-05
2.810000e+01	2.820000e+01	2.646957e-03	1.578623e-05	1.578623e-05
2.820000e+01	2.830000e+01	2.640330e-03	1.576508e-05	1.576508e-05
2.830000e+01	2.840000e+01	2.620543e-03	1.570260e-05	1.570260e-05
2.840000e+01	2.850000e+01	2.639121e-03	1.575822e-05	1.575822e-05
2.850000e+01	2.860000e+01	2.652038e-03	1.579992e-05	1.579992e-05
2.860000e+01	2.870000e+01	2.590694e-03	1.561390e-05	1.561390e-05
2.870000e+01	2.880000e+01	2.622769e-03	1.571296e-05	1.571296e-05
2.880000e+01	2.890000e+01	2.622626e-03	1.570957e-05	1.570957e-05
2.890000e+01	2.900000e+01	2.618446e-03	1.569928e-05	1.569928e-05
2.900000e+01	2.910000e+01	2.589598e-03	1.560926e-05	1.560926e-05
2.910000e+01	2.920000e+01	2.572577e-03	1.555667e-05	1.555667e-05
2.920000e+01	2.930000e+01	2.566869e-03	1.554043e-05	1.554043e-05
2.930000e+01	2.940000e+01	2.547446e-03	1.547879e-05	1.547879e-05
2.940000e+01	2.950000e+01	2.565526e-03	1.553545e-05	1.553545e-05
2.950000e+01	2.960000e+01	2.541810e-03	1.546161e-05	1.546161e-05
2.960000e+01	2.970000e+01	2.550048e-03	1.548478e-05	1.548478e-05
2.970000e+01	2.980000e+01	2.571584e-03	1.555230e-05	1.555230e-05
2.980000e+01	2.990000e+01	2.553474e-03	1.549713e-05	1.549713e-05
2.990000e+01	3.000000e+01	2.523552e-03	1.540523e-05	1.540523e-05
# END HISTO1D

