# BEGIN PLOT
Legend=1
LogY=1
Title=Transverse momentum of charged particles
XLabel=$p_\perp$ [GeV]
YLabel=$1/\sigma \; \mathrm{d}\sigma/\mathrm{d}p_\perp$ [GeV$^{-1}$]
FullRange=1
DrawOnly=//mt/home/mbridge/Work/higgsstrahlung/Analysis.yoda/MC_FSPARTICLES/PtCh
LegendOnly=//mt/home/mbridge/Work/higgsstrahlung/Analysis.yoda/MC_FSPARTICLES/PtCh
# END PLOT

# BEGIN HISTO1D //mt/home/mbridge/Work/higgsstrahlung/Analysis.yoda/MC_FSPARTICLES/PtCh
LineColor=red
LineStyle=solid
Path=//mt/home/mbridge/Work/higgsstrahlung/Analysis.yoda/MC_FSPARTICLES/PtCh
ScaledBy=1.81547740254824208e-06
Title=Analysis
# xlow	 xhigh	 val	 errminus	 errplus
0.000000e+00	1.000000e-01	0.000000e+00	0.000000e+00	0.000000e+00
1.000000e-01	2.000000e-01	0.000000e+00	0.000000e+00	0.000000e+00
2.000000e-01	3.000000e-01	0.000000e+00	0.000000e+00	0.000000e+00
3.000000e-01	4.000000e-01	0.000000e+00	0.000000e+00	0.000000e+00
4.000000e-01	5.000000e-01	0.000000e+00	0.000000e+00	0.000000e+00
5.000000e-01	6.000000e-01	6.081410e-01	3.106222e-04	3.106222e-04
6.000000e-01	7.000000e-01	5.402935e-01	2.927893e-04	2.927893e-04
7.000000e-01	8.000000e-01	4.813694e-01	2.763675e-04	2.763675e-04
8.000000e-01	9.000000e-01	4.297520e-01	2.611349e-04	2.611349e-04
9.000000e-01	1.000000e+00	3.866670e-01	2.477089e-04	2.477089e-04
1.000000e+00	1.100000e+00	3.494456e-01	2.354903e-04	2.354903e-04
1.100000e+00	1.200000e+00	3.167173e-01	2.241964e-04	2.241964e-04
1.200000e+00	1.300000e+00	2.884153e-01	2.139487e-04	2.139487e-04
1.300000e+00	1.400000e+00	2.638971e-01	2.046584e-04	2.046584e-04
1.400000e+00	1.500000e+00	2.422497e-01	1.960913e-04	1.960913e-04
1.500000e+00	1.600000e+00	2.234473e-01	1.883328e-04	1.883328e-04
1.600000e+00	1.700000e+00	2.063488e-01	1.809881e-04	1.809881e-04
1.700000e+00	1.800000e+00	1.910716e-01	1.741643e-04	1.741643e-04
1.800000e+00	1.900000e+00	1.780307e-01	1.681219e-04	1.681219e-04
1.900000e+00	2.000000e+00	1.657675e-01	1.622304e-04	1.622304e-04
2.000000e+00	2.100000e+00	1.550099e-01	1.568819e-04	1.568819e-04
2.100000e+00	2.200000e+00	1.451590e-01	1.518190e-04	1.518190e-04
2.200000e+00	2.300000e+00	1.366353e-01	1.472999e-04	1.472999e-04
2.300000e+00	2.400000e+00	1.282069e-01	1.426916e-04	1.426916e-04
2.400000e+00	2.500000e+00	1.206516e-01	1.384247e-04	1.384247e-04
2.500000e+00	2.600000e+00	1.140742e-01	1.346030e-04	1.346030e-04
2.600000e+00	2.700000e+00	1.077927e-01	1.308474e-04	1.308474e-04
2.700000e+00	2.800000e+00	1.021488e-01	1.273799e-04	1.273799e-04
2.800000e+00	2.900000e+00	9.672570e-02	1.239544e-04	1.239544e-04
2.900000e+00	3.000000e+00	9.177676e-02	1.207456e-04	1.207456e-04
3.000000e+00	3.100000e+00	8.709253e-02	1.176285e-04	1.176285e-04
3.100000e+00	3.200000e+00	8.307733e-02	1.148875e-04	1.148875e-04
3.200000e+00	3.300000e+00	7.928308e-02	1.122347e-04	1.122347e-04
3.300000e+00	3.400000e+00	7.541886e-02	1.094683e-04	1.094683e-04
3.400000e+00	3.500000e+00	7.167461e-02	1.067165e-04	1.067165e-04
3.500000e+00	3.600000e+00	6.852881e-02	1.043509e-04	1.043509e-04
3.600000e+00	3.700000e+00	6.555596e-02	1.020672e-04	1.020672e-04
3.700000e+00	3.800000e+00	6.305569e-02	1.001035e-04	1.001035e-04
3.800000e+00	3.900000e+00	6.043363e-02	9.800343e-05	9.800343e-05
3.900000e+00	4.000000e+00	5.756528e-02	9.564956e-05	9.564956e-05
4.000000e+00	4.100000e+00	5.535554e-02	9.379697e-05	9.379697e-05
4.100000e+00	4.200000e+00	5.308500e-02	9.185448e-05	9.185448e-05
4.200000e+00	4.300000e+00	5.084920e-02	8.990160e-05	8.990160e-05
4.300000e+00	4.400000e+00	4.930690e-02	8.853300e-05	8.853300e-05
4.400000e+00	4.500000e+00	4.724644e-02	8.666216e-05	8.666216e-05
4.500000e+00	4.600000e+00	4.565213e-02	8.518966e-05	8.518966e-05
4.600000e+00	4.700000e+00	4.390761e-02	8.354659e-05	8.354659e-05
4.700000e+00	4.800000e+00	4.236129e-02	8.206415e-05	8.206415e-05
4.800000e+00	4.900000e+00	4.080953e-02	8.054784e-05	8.054784e-05
4.900000e+00	5.000000e+00	3.939096e-02	7.913679e-05	7.913679e-05
5.000000e+00	5.100000e+00	3.791712e-02	7.764496e-05	7.764496e-05
5.100000e+00	5.200000e+00	3.655880e-02	7.624141e-05	7.624141e-05
5.200000e+00	5.300000e+00	3.547745e-02	7.510684e-05	7.510684e-05
5.300000e+00	5.400000e+00	3.418513e-02	7.372683e-05	7.372683e-05
5.400000e+00	5.500000e+00	3.313326e-02	7.258374e-05	7.258374e-05
5.500000e+00	5.600000e+00	3.209187e-02	7.143446e-05	7.143446e-05
5.600000e+00	5.700000e+00	3.107714e-02	7.029701e-05	7.029701e-05
5.700000e+00	5.800000e+00	2.993771e-02	6.899627e-05	6.899627e-05
5.800000e+00	5.900000e+00	2.919280e-02	6.813408e-05	6.813408e-05
5.900000e+00	6.000000e+00	2.813395e-02	6.688766e-05	6.688766e-05
6.000000e+00	6.100000e+00	2.731695e-02	6.590952e-05	6.590952e-05
6.100000e+00	6.200000e+00	2.638630e-02	6.477735e-05	6.477735e-05
6.200000e+00	6.300000e+00	2.577415e-02	6.402263e-05	6.402263e-05
6.300000e+00	6.400000e+00	2.495150e-02	6.299294e-05	6.299294e-05
6.400000e+00	6.500000e+00	2.416407e-02	6.199097e-05	6.199097e-05
6.500000e+00	6.600000e+00	2.361023e-02	6.127742e-05	6.127742e-05
6.600000e+00	6.700000e+00	2.283281e-02	6.025860e-05	6.025860e-05
6.700000e+00	6.800000e+00	2.224725e-02	5.948231e-05	5.948231e-05
6.800000e+00	6.900000e+00	2.154660e-02	5.853906e-05	5.853906e-05
6.900000e+00	7.000000e+00	2.110206e-02	5.793073e-05	5.793073e-05
7.000000e+00	7.100000e+00	2.048618e-02	5.707892e-05	5.707892e-05
7.100000e+00	7.200000e+00	1.982685e-02	5.615319e-05	5.615319e-05
7.200000e+00	7.300000e+00	1.925798e-02	5.534015e-05	5.534015e-05
7.300000e+00	7.400000e+00	1.886786e-02	5.477785e-05	5.477785e-05
7.400000e+00	7.500000e+00	1.826929e-02	5.390198e-05	5.390198e-05
7.500000e+00	7.600000e+00	1.790290e-02	5.335802e-05	5.335802e-05
7.600000e+00	7.700000e+00	1.746189e-02	5.269755e-05	5.269755e-05
7.700000e+00	7.800000e+00	1.698290e-02	5.196899e-05	5.196899e-05
7.800000e+00	7.900000e+00	1.655217e-02	5.130486e-05	5.130486e-05
7.900000e+00	8.000000e+00	1.618702e-02	5.073798e-05	5.073798e-05
8.000000e+00	8.100000e+00	1.577895e-02	5.009144e-05	5.009144e-05
8.100000e+00	8.200000e+00	1.535998e-02	4.942339e-05	4.942339e-05
8.200000e+00	8.300000e+00	1.502254e-02	4.887576e-05	4.887576e-05
8.300000e+00	8.400000e+00	1.464223e-02	4.825223e-05	4.825223e-05
8.400000e+00	8.500000e+00	1.427393e-02	4.764010e-05	4.764010e-05
8.500000e+00	8.600000e+00	1.394128e-02	4.708115e-05	4.708115e-05
8.600000e+00	8.700000e+00	1.364399e-02	4.657755e-05	4.657755e-05
8.700000e+00	8.800000e+00	1.333785e-02	4.605030e-05	4.605030e-05
8.800000e+00	8.900000e+00	1.307535e-02	4.559436e-05	4.559436e-05
8.900000e+00	9.000000e+00	1.273312e-02	4.499193e-05	4.499193e-05
9.000000e+00	9.100000e+00	1.238537e-02	4.437489e-05	4.437489e-05
9.100000e+00	9.200000e+00	1.217475e-02	4.399408e-05	4.399408e-05
9.200000e+00	9.300000e+00	1.186358e-02	4.342893e-05	4.342893e-05
9.300000e+00	9.400000e+00	1.173190e-02	4.318742e-05	4.318742e-05
9.400000e+00	9.500000e+00	1.151756e-02	4.278918e-05	4.278918e-05
9.500000e+00	9.600000e+00	1.105531e-02	4.192054e-05	4.192054e-05
9.600000e+00	9.700000e+00	1.090736e-02	4.163852e-05	4.163852e-05
9.700000e+00	9.800000e+00	1.075002e-02	4.133667e-05	4.133667e-05
9.800000e+00	9.900000e+00	1.055061e-02	4.094997e-05	4.094997e-05
9.900000e+00	1.000000e+01	1.033970e-02	4.053697e-05	4.053697e-05
1.000000e+01	1.010000e+01	1.006300e-02	3.998994e-05	3.998994e-05
1.010000e+01	1.020000e+01	9.885606e-03	3.963694e-05	3.963694e-05
1.020000e+01	1.030000e+01	9.726886e-03	3.931621e-05	3.931621e-05
1.030000e+01	1.040000e+01	9.538549e-03	3.893139e-05	3.893139e-05
1.040000e+01	1.050000e+01	9.373617e-03	3.859447e-05	3.859447e-05
1.050000e+01	1.060000e+01	9.145722e-03	3.811832e-05	3.811832e-05
1.060000e+01	1.070000e+01	9.005083e-03	3.782374e-05	3.782374e-05
1.070000e+01	1.080000e+01	8.839313e-03	3.747352e-05	3.747352e-05
1.080000e+01	1.090000e+01	8.708283e-03	3.719372e-05	3.719372e-05
1.090000e+01	1.100000e+01	8.532624e-03	3.681774e-05	3.681774e-05
1.100000e+01	1.110000e+01	8.338988e-03	3.639566e-05	3.639566e-05
1.110000e+01	1.120000e+01	8.178533e-03	3.604084e-05	3.604084e-05
1.120000e+01	1.130000e+01	8.093147e-03	3.585263e-05	3.585263e-05
1.130000e+01	1.140000e+01	7.919792e-03	3.546433e-05	3.546433e-05
1.140000e+01	1.150000e+01	7.802005e-03	3.519966e-05	3.519966e-05
1.150000e+01	1.160000e+01	7.704108e-03	3.497678e-05	3.497678e-05
1.160000e+01	1.170000e+01	7.553258e-03	3.463055e-05	3.463055e-05
1.170000e+01	1.180000e+01	7.431871e-03	3.435023e-05	3.435023e-05
1.180000e+01	1.190000e+01	7.326928e-03	3.410463e-05	3.410463e-05
1.190000e+01	1.200000e+01	7.239754e-03	3.390153e-05	3.390153e-05
1.200000e+01	1.210000e+01	7.144449e-03	3.367683e-05	3.367683e-05
1.210000e+01	1.220000e+01	6.943185e-03	3.319756e-05	3.319756e-05
1.220000e+01	1.230000e+01	6.840477e-03	3.294841e-05	3.294841e-05
1.230000e+01	1.240000e+01	6.740010e-03	3.270584e-05	3.270584e-05
1.240000e+01	1.250000e+01	6.671299e-03	3.253604e-05	3.253604e-05
1.250000e+01	1.260000e+01	6.586784e-03	3.233169e-05	3.233169e-05
1.260000e+01	1.270000e+01	6.472643e-03	3.204608e-05	3.204608e-05
1.270000e+01	1.280000e+01	6.343551e-03	3.172326e-05	3.172326e-05
1.280000e+01	1.290000e+01	6.254329e-03	3.149957e-05	3.149957e-05
1.290000e+01	1.300000e+01	6.189103e-03	3.133413e-05	3.133413e-05
1.300000e+01	1.310000e+01	6.104509e-03	3.111872e-05	3.111872e-05
1.310000e+01	1.320000e+01	6.017525e-03	3.089244e-05	3.089244e-05
1.320000e+01	1.330000e+01	5.890159e-03	3.056082e-05	3.056082e-05
1.330000e+01	1.340000e+01	5.891447e-03	3.056376e-05	3.056376e-05
1.340000e+01	1.350000e+01	5.761188e-03	3.022339e-05	3.022339e-05
1.350000e+01	1.360000e+01	5.696644e-03	3.005140e-05	3.005140e-05
1.360000e+01	1.370000e+01	5.661442e-03	2.995882e-05	2.995882e-05
1.370000e+01	1.380000e+01	5.520225e-03	2.958222e-05	2.958222e-05
1.380000e+01	1.390000e+01	5.490481e-03	2.949993e-05	2.949993e-05
1.390000e+01	1.400000e+01	5.399239e-03	2.925359e-05	2.925359e-05
1.400000e+01	1.410000e+01	5.280746e-03	2.892741e-05	2.892741e-05
1.410000e+01	1.420000e+01	5.280674e-03	2.892613e-05	2.892613e-05
1.420000e+01	1.430000e+01	5.274459e-03	2.890682e-05	2.890682e-05
1.430000e+01	1.440000e+01	5.178399e-03	2.863946e-05	2.863946e-05
1.440000e+01	1.450000e+01	5.112670e-03	2.846168e-05	2.846168e-05
1.450000e+01	1.460000e+01	5.098749e-03	2.841882e-05	2.841882e-05
1.460000e+01	1.470000e+01	4.989657e-03	2.811101e-05	2.811101e-05
1.470000e+01	1.480000e+01	4.934647e-03	2.795645e-05	2.795645e-05
1.480000e+01	1.490000e+01	4.875083e-03	2.778287e-05	2.778287e-05
1.490000e+01	1.500000e+01	4.825811e-03	2.763951e-05	2.763951e-05
1.500000e+01	1.510000e+01	4.804154e-03	2.757811e-05	2.757811e-05
1.510000e+01	1.520000e+01	4.724871e-03	2.734759e-05	2.734759e-05
1.520000e+01	1.530000e+01	4.699130e-03	2.727294e-05	2.727294e-05
1.530000e+01	1.540000e+01	4.675023e-03	2.720232e-05	2.720232e-05
1.540000e+01	1.550000e+01	4.664620e-03	2.717051e-05	2.717051e-05
1.550000e+01	1.560000e+01	4.523474e-03	2.675378e-05	2.675378e-05
1.560000e+01	1.570000e+01	4.455232e-03	2.654923e-05	2.654923e-05
1.570000e+01	1.580000e+01	4.446122e-03	2.652001e-05	2.652001e-05
1.580000e+01	1.590000e+01	4.437865e-03	2.649270e-05	2.649270e-05
1.590000e+01	1.600000e+01	4.407634e-03	2.640400e-05	2.640400e-05
1.600000e+01	1.610000e+01	4.322639e-03	2.614890e-05	2.614890e-05
1.610000e+01	1.620000e+01	4.326446e-03	2.615683e-05	2.615683e-05
1.620000e+01	1.630000e+01	4.293451e-03	2.605677e-05	2.605677e-05
1.630000e+01	1.640000e+01	4.221405e-03	2.583440e-05	2.583440e-05
1.640000e+01	1.650000e+01	4.188905e-03	2.573458e-05	2.573458e-05
1.650000e+01	1.660000e+01	4.208597e-03	2.579301e-05	2.579301e-05
1.660000e+01	1.670000e+01	4.125867e-03	2.553446e-05	2.553446e-05
1.670000e+01	1.680000e+01	4.136507e-03	2.556978e-05	2.556978e-05
1.680000e+01	1.690000e+01	4.088872e-03	2.542137e-05	2.542137e-05
1.690000e+01	1.700000e+01	4.055248e-03	2.531398e-05	2.531398e-05
1.700000e+01	1.710000e+01	4.033750e-03	2.524596e-05	2.524596e-05
1.710000e+01	1.720000e+01	4.027248e-03	2.522088e-05	2.522088e-05
1.720000e+01	1.730000e+01	3.975931e-03	2.506068e-05	2.506068e-05
1.730000e+01	1.740000e+01	3.948020e-03	2.497058e-05	2.497058e-05
1.740000e+01	1.750000e+01	3.872078e-03	2.472559e-05	2.472559e-05
1.750000e+01	1.760000e+01	3.824454e-03	2.457358e-05	2.457358e-05
1.760000e+01	1.770000e+01	3.894328e-03	2.479462e-05	2.479462e-05
1.770000e+01	1.780000e+01	3.833065e-03	2.459655e-05	2.459655e-05
1.780000e+01	1.790000e+01	3.835575e-03	2.460583e-05	2.460583e-05
1.790000e+01	1.800000e+01	3.775617e-03	2.441193e-05	2.441193e-05
1.800000e+01	1.810000e+01	3.772252e-03	2.439643e-05	2.439643e-05
1.810000e+01	1.820000e+01	3.707628e-03	2.418811e-05	2.418811e-05
1.820000e+01	1.830000e+01	3.728467e-03	2.425953e-05	2.425953e-05
1.830000e+01	1.840000e+01	3.669495e-03	2.405835e-05	2.405835e-05
1.840000e+01	1.850000e+01	3.655418e-03	2.401427e-05	2.401427e-05
1.850000e+01	1.860000e+01	3.656330e-03	2.401488e-05	2.401488e-05
1.860000e+01	1.870000e+01	3.634540e-03	2.394160e-05	2.394160e-05
1.870000e+01	1.880000e+01	3.607737e-03	2.385308e-05	2.385308e-05
1.880000e+01	1.890000e+01	3.609256e-03	2.385790e-05	2.385790e-05
1.890000e+01	1.900000e+01	3.570727e-03	2.372576e-05	2.372576e-05
1.900000e+01	1.910000e+01	3.547099e-03	2.364617e-05	2.364617e-05
1.910000e+01	1.920000e+01	3.518700e-03	2.355061e-05	2.355061e-05
1.920000e+01	1.930000e+01	3.523631e-03	2.356685e-05	2.356685e-05
1.930000e+01	1.940000e+01	3.502749e-03	2.349594e-05	2.349594e-05
1.940000e+01	1.950000e+01	3.530052e-03	2.358533e-05	2.358533e-05
1.950000e+01	1.960000e+01	3.508175e-03	2.351227e-05	2.351227e-05
1.960000e+01	1.970000e+01	3.465964e-03	2.336459e-05	2.336459e-05
1.970000e+01	1.980000e+01	3.439370e-03	2.327548e-05	2.327548e-05
1.980000e+01	1.990000e+01	3.443240e-03	2.329020e-05	2.329020e-05
1.990000e+01	2.000000e+01	3.456509e-03	2.333345e-05	2.333345e-05
2.000000e+01	2.010000e+01	3.411822e-03	2.317850e-05	2.317850e-05
2.010000e+01	2.020000e+01	3.354010e-03	2.297869e-05	2.297869e-05
2.020000e+01	2.030000e+01	3.390473e-03	2.310474e-05	2.310474e-05
2.030000e+01	2.040000e+01	3.407799e-03	2.316369e-05	2.316369e-05
2.040000e+01	2.050000e+01	3.360296e-03	2.300138e-05	2.300138e-05
2.050000e+01	2.060000e+01	3.393439e-03	2.311415e-05	2.311415e-05
2.060000e+01	2.070000e+01	3.436406e-03	2.325875e-05	2.325875e-05
2.070000e+01	2.080000e+01	3.362099e-03	2.300266e-05	2.300266e-05
2.080000e+01	2.090000e+01	3.365847e-03	2.301541e-05	2.301541e-05
2.090000e+01	2.100000e+01	3.328563e-03	2.288446e-05	2.288446e-05
2.100000e+01	2.110000e+01	3.351355e-03	2.296446e-05	2.296446e-05
2.110000e+01	2.120000e+01	3.312116e-03	2.282436e-05	2.282436e-05
2.120000e+01	2.130000e+01	3.342608e-03	2.293179e-05	2.293179e-05
2.130000e+01	2.140000e+01	3.259527e-03	2.263891e-05	2.263891e-05
2.140000e+01	2.150000e+01	3.291406e-03	2.275278e-05	2.275278e-05
2.150000e+01	2.160000e+01	3.317114e-03	2.284167e-05	2.284167e-05
2.160000e+01	2.170000e+01	3.296010e-03	2.276415e-05	2.276415e-05
2.170000e+01	2.180000e+01	3.287001e-03	2.273441e-05	2.273441e-05
2.180000e+01	2.190000e+01	3.248815e-03	2.259955e-05	2.259955e-05
2.190000e+01	2.200000e+01	3.268612e-03	2.266716e-05	2.266716e-05
2.200000e+01	2.210000e+01	3.281815e-03	2.271267e-05	2.271267e-05
2.210000e+01	2.220000e+01	3.259920e-03	2.263407e-05	2.263407e-05
2.220000e+01	2.230000e+01	3.254099e-03	2.261760e-05	2.261760e-05
2.230000e+01	2.240000e+01	3.220027e-03	2.249075e-05	2.249075e-05
2.240000e+01	2.250000e+01	3.230739e-03	2.253085e-05	2.253085e-05
2.250000e+01	2.260000e+01	3.263480e-03	2.264320e-05	2.264320e-05
2.260000e+01	2.270000e+01	3.201215e-03	2.242382e-05	2.242382e-05
2.270000e+01	2.280000e+01	3.251961e-03	2.260374e-05	2.260374e-05
2.280000e+01	2.290000e+01	3.148582e-03	2.223669e-05	2.223669e-05
2.290000e+01	2.300000e+01	3.228039e-03	2.251633e-05	2.251633e-05
2.300000e+01	2.310000e+01	3.219657e-03	2.248578e-05	2.248578e-05
2.310000e+01	2.320000e+01	3.240619e-03	2.255661e-05	2.255661e-05
2.320000e+01	2.330000e+01	3.247609e-03	2.258035e-05	2.258035e-05
2.330000e+01	2.340000e+01	3.220381e-03	2.248423e-05	2.248423e-05
2.340000e+01	2.350000e+01	3.180065e-03	2.233990e-05	2.233990e-05
2.350000e+01	2.360000e+01	3.208095e-03	2.243728e-05	2.243728e-05
2.360000e+01	2.370000e+01	3.221344e-03	2.248544e-05	2.248544e-05
2.370000e+01	2.380000e+01	3.240194e-03	2.255165e-05	2.255165e-05
2.380000e+01	2.390000e+01	3.259618e-03	2.262262e-05	2.262262e-05
2.390000e+01	2.400000e+01	3.214634e-03	2.246054e-05	2.246054e-05
2.400000e+01	2.410000e+01	3.211098e-03	2.244313e-05	2.244313e-05
2.410000e+01	2.420000e+01	3.225976e-03	2.249859e-05	2.249859e-05
2.420000e+01	2.430000e+01	3.245524e-03	2.256375e-05	2.256375e-05
2.430000e+01	2.440000e+01	3.228550e-03	2.250382e-05	2.250382e-05
2.440000e+01	2.450000e+01	3.217454e-03	2.246198e-05	2.246198e-05
2.450000e+01	2.460000e+01	3.205460e-03	2.241886e-05	2.241886e-05
2.460000e+01	2.470000e+01	3.241506e-03	2.254744e-05	2.254744e-05
2.470000e+01	2.480000e+01	3.267054e-03	2.263765e-05	2.263765e-05
2.480000e+01	2.490000e+01	3.273905e-03	2.265695e-05	2.265695e-05
2.490000e+01	2.500000e+01	3.283184e-03	2.269062e-05	2.269062e-05
2.500000e+01	2.510000e+01	3.234810e-03	2.251715e-05	2.251715e-05
2.510000e+01	2.520000e+01	3.300729e-03	2.274742e-05	2.274742e-05
2.520000e+01	2.530000e+01	3.296572e-03	2.273123e-05	2.273123e-05
2.530000e+01	2.540000e+01	3.273979e-03	2.265099e-05	2.265099e-05
2.540000e+01	2.550000e+01	3.309791e-03	2.277445e-05	2.277445e-05
2.550000e+01	2.560000e+01	3.274753e-03	2.264891e-05	2.264891e-05
2.560000e+01	2.570000e+01	3.280515e-03	2.266969e-05	2.266969e-05
2.570000e+01	2.580000e+01	3.302791e-03	2.275037e-05	2.275037e-05
2.580000e+01	2.590000e+01	3.319240e-03	2.280420e-05	2.280420e-05
2.590000e+01	2.600000e+01	3.327032e-03	2.282885e-05	2.282885e-05
2.600000e+01	2.610000e+01	3.304626e-03	2.274951e-05	2.274951e-05
2.610000e+01	2.620000e+01	3.335858e-03	2.285522e-05	2.285522e-05
2.620000e+01	2.630000e+01	3.344570e-03	2.288316e-05	2.288316e-05
2.630000e+01	2.640000e+01	3.381941e-03	2.301359e-05	2.301359e-05
2.640000e+01	2.650000e+01	3.341028e-03	2.287628e-05	2.287628e-05
2.650000e+01	2.660000e+01	3.363510e-03	2.295198e-05	2.295198e-05
2.660000e+01	2.670000e+01	3.391651e-03	2.304839e-05	2.304839e-05
2.670000e+01	2.680000e+01	3.404511e-03	2.308831e-05	2.308831e-05
2.680000e+01	2.690000e+01	3.372655e-03	2.297825e-05	2.297825e-05
2.690000e+01	2.700000e+01	3.388483e-03	2.303040e-05	2.303040e-05
2.700000e+01	2.710000e+01	3.388383e-03	2.302985e-05	2.302985e-05
2.710000e+01	2.720000e+01	3.398141e-03	2.306250e-05	2.306250e-05
2.720000e+01	2.730000e+01	3.403475e-03	2.308286e-05	2.308286e-05
2.730000e+01	2.740000e+01	3.407024e-03	2.309234e-05	2.309234e-05
2.740000e+01	2.750000e+01	3.362449e-03	2.293899e-05	2.293899e-05
2.750000e+01	2.760000e+01	3.402899e-03	2.307213e-05	2.307213e-05
2.760000e+01	2.770000e+01	3.419320e-03	2.313477e-05	2.313477e-05
2.770000e+01	2.780000e+01	3.358864e-03	2.292300e-05	2.292300e-05
2.780000e+01	2.790000e+01	3.367593e-03	2.295300e-05	2.295300e-05
2.790000e+01	2.800000e+01	3.353997e-03	2.290256e-05	2.290256e-05
2.800000e+01	2.810000e+01	3.345165e-03	2.287517e-05	2.287517e-05
2.810000e+01	2.820000e+01	3.361142e-03	2.292971e-05	2.292971e-05
2.820000e+01	2.830000e+01	3.358389e-03	2.291758e-05	2.291758e-05
2.830000e+01	2.840000e+01	3.314703e-03	2.276100e-05	2.276100e-05
2.840000e+01	2.850000e+01	3.365531e-03	2.293668e-05	2.293668e-05
2.850000e+01	2.860000e+01	3.383497e-03	2.300255e-05	2.300255e-05
2.860000e+01	2.870000e+01	3.293537e-03	2.269025e-05	2.269025e-05
2.870000e+01	2.880000e+01	3.357960e-03	2.291592e-05	2.291592e-05
2.880000e+01	2.890000e+01	3.354964e-03	2.290160e-05	2.290160e-05
2.890000e+01	2.900000e+01	3.363068e-03	2.293424e-05	2.293424e-05
2.900000e+01	2.910000e+01	3.320147e-03	2.278110e-05	2.278110e-05
2.910000e+01	2.920000e+01	3.278680e-03	2.263363e-05	2.263363e-05
2.920000e+01	2.930000e+01	3.292507e-03	2.268416e-05	2.268416e-05
2.930000e+01	2.940000e+01	3.244633e-03	2.251234e-05	2.251234e-05
2.940000e+01	2.950000e+01	3.279765e-03	2.263811e-05	2.263811e-05
2.950000e+01	2.960000e+01	3.252438e-03	2.254005e-05	2.254005e-05
2.960000e+01	2.970000e+01	3.295233e-03	2.268612e-05	2.268612e-05
2.970000e+01	2.980000e+01	3.297040e-03	2.269555e-05	2.269555e-05
2.980000e+01	2.990000e+01	3.269438e-03	2.259879e-05	2.259879e-05
2.990000e+01	3.000000e+01	3.270072e-03	2.260213e-05	2.260213e-05
# END HISTO1D

