# BEGIN PLOT
Legend=1
LogY=1
DrawOnly=//mt/home/mbridge/Work/my_higgsstrahlungHbb/Analysis.yoda/MyAnalysis/Mult
LegendOnly=//mt/home/mbridge/Work/my_higgsstrahlungHbb/Analysis.yoda/MyAnalysis/Mult
# END PLOT

# BEGIN HISTO1D //mt/home/mbridge/Work/my_higgsstrahlungHbb/Analysis.yoda/MyAnalysis/Mult
LineColor=red
LineStyle=solid
Path=//mt/home/mbridge/Work/my_higgsstrahlungHbb/Analysis.yoda/MyAnalysis/Mult
ScaledBy=1.82123423145658342e-04
Title=Analysis
# xlow	 xhigh	 val	 errminus	 errplus
0.000000e+00	1.000000e+00	0.000000e+00	0.000000e+00	0.000000e+00
1.000000e+00	2.000000e+00	0.000000e+00	0.000000e+00	0.000000e+00
2.000000e+00	3.000000e+00	0.000000e+00	0.000000e+00	0.000000e+00
3.000000e+00	4.000000e+00	0.000000e+00	0.000000e+00	0.000000e+00
4.000000e+00	5.000000e+00	0.000000e+00	0.000000e+00	0.000000e+00
5.000000e+00	6.000000e+00	0.000000e+00	0.000000e+00	0.000000e+00
6.000000e+00	7.000000e+00	0.000000e+00	0.000000e+00	0.000000e+00
7.000000e+00	8.000000e+00	0.000000e+00	0.000000e+00	0.000000e+00
8.000000e+00	9.000000e+00	0.000000e+00	0.000000e+00	0.000000e+00
9.000000e+00	1.000000e+01	0.000000e+00	0.000000e+00	0.000000e+00
1.000000e+01	1.100000e+01	0.000000e+00	0.000000e+00	0.000000e+00
1.100000e+01	1.200000e+01	0.000000e+00	0.000000e+00	0.000000e+00
1.200000e+01	1.300000e+01	0.000000e+00	0.000000e+00	0.000000e+00
1.300000e+01	1.400000e+01	0.000000e+00	0.000000e+00	0.000000e+00
1.400000e+01	1.500000e+01	0.000000e+00	0.000000e+00	0.000000e+00
1.500000e+01	1.600000e+01	1.144021e-06	1.144021e-06	1.144021e-06
1.600000e+01	1.700000e+01	2.288042e-06	1.617890e-06	1.617890e-06
1.700000e+01	1.800000e+01	2.288042e-06	1.617890e-06	1.617890e-06
1.800000e+01	1.900000e+01	9.152166e-06	3.235780e-06	3.235780e-06
1.900000e+01	2.000000e+01	2.860052e-05	5.720104e-06	5.720104e-06
2.000000e+01	2.100000e+01	4.804887e-05	7.414102e-06	7.414102e-06
2.100000e+01	2.200000e+01	1.144021e-04	1.144021e-05	1.144021e-05
2.200000e+01	2.300000e+01	2.322362e-04	1.629979e-05	1.629979e-05
2.300000e+01	2.400000e+01	4.164236e-04	2.182653e-05	2.182653e-05
2.400000e+01	2.500000e+01	6.143392e-04	2.651069e-05	2.651069e-05
2.500000e+01	2.600000e+01	9.712736e-04	3.333402e-05	3.333402e-05
2.600000e+01	2.700000e+01	1.592477e-03	4.268287e-05	4.268287e-05
2.700000e+01	2.800000e+01	2.182792e-03	4.997158e-05	4.997158e-05
2.800000e+01	2.900000e+01	3.045383e-03	5.902527e-05	5.902527e-05
2.900000e+01	3.000000e+01	4.258045e-03	6.979464e-05	6.979464e-05
3.000000e+01	3.100000e+01	5.128645e-03	7.659815e-05	7.659815e-05
3.100000e+01	3.200000e+01	6.800059e-03	8.820096e-05	8.820096e-05
3.200000e+01	3.300000e+01	8.352496e-03	9.775187e-05	9.775187e-05
3.300000e+01	3.400000e+01	1.008226e-02	1.073979e-04	1.073979e-04
3.400000e+01	3.500000e+01	1.180286e-02	1.162012e-04	1.162012e-04
3.500000e+01	3.600000e+01	1.389299e-02	1.260709e-04	1.260709e-04
3.600000e+01	3.700000e+01	1.622908e-02	1.362586e-04	1.362586e-04
3.700000e+01	3.800000e+01	1.778495e-02	1.426406e-04	1.426406e-04
3.800000e+01	3.900000e+01	1.962568e-02	1.498405e-04	1.498405e-04
3.900000e+01	4.000000e+01	2.180961e-02	1.579577e-04	1.579577e-04
4.000000e+01	4.100000e+01	2.344442e-02	1.637709e-04	1.637709e-04
4.100000e+01	4.200000e+01	2.503575e-02	1.692378e-04	1.692378e-04
4.200000e+01	4.300000e+01	2.608253e-02	1.727396e-04	1.727396e-04
4.300000e+01	4.400000e+01	2.733752e-02	1.768465e-04	1.768465e-04
4.400000e+01	4.500000e+01	2.832710e-02	1.800189e-04	1.800189e-04
4.500000e+01	4.600000e+01	2.927092e-02	1.829933e-04	1.829933e-04
4.600000e+01	4.700000e+01	3.011177e-02	1.856030e-04	1.856030e-04
4.700000e+01	4.800000e+01	3.059455e-02	1.870850e-04	1.870850e-04
4.800000e+01	4.900000e+01	3.027765e-02	1.861136e-04	1.861136e-04
4.900000e+01	5.000000e+01	3.022846e-02	1.859623e-04	1.859623e-04
5.000000e+01	5.100000e+01	3.008431e-02	1.855184e-04	1.855184e-04
5.100000e+01	5.200000e+01	2.995962e-02	1.851335e-04	1.851335e-04
5.200000e+01	5.300000e+01	2.911418e-02	1.825027e-04	1.825027e-04
5.300000e+01	5.400000e+01	2.889224e-02	1.818057e-04	1.818057e-04
5.400000e+01	5.500000e+01	2.775966e-02	1.782067e-04	1.782067e-04
5.500000e+01	5.600000e+01	2.684788e-02	1.752556e-04	1.752556e-04
5.600000e+01	5.700000e+01	2.594067e-02	1.722692e-04	1.722692e-04
5.700000e+01	5.800000e+01	2.485728e-02	1.686335e-04	1.686335e-04
5.800000e+01	5.900000e+01	2.399126e-02	1.656699e-04	1.656699e-04
5.900000e+01	6.000000e+01	2.283122e-02	1.616149e-04	1.616149e-04
6.000000e+01	6.100000e+01	2.169292e-02	1.575346e-04	1.575346e-04
6.100000e+01	6.200000e+01	2.081546e-02	1.543157e-04	1.543157e-04
6.200000e+01	6.300000e+01	1.952500e-02	1.494557e-04	1.494557e-04
6.300000e+01	6.400000e+01	1.862123e-02	1.459557e-04	1.459557e-04
6.400000e+01	6.500000e+01	1.740856e-02	1.411232e-04	1.411232e-04
6.500000e+01	6.600000e+01	1.636064e-02	1.368098e-04	1.368098e-04
6.600000e+01	6.700000e+01	1.525094e-02	1.320886e-04	1.320886e-04
6.700000e+01	6.800000e+01	1.433458e-02	1.280588e-04	1.280588e-04
6.800000e+01	6.900000e+01	1.349601e-02	1.242567e-04	1.242567e-04
6.900000e+01	7.000000e+01	1.257164e-02	1.199259e-04	1.199259e-04
7.000000e+01	7.100000e+01	1.165643e-02	1.154781e-04	1.154781e-04
7.100000e+01	7.200000e+01	1.074236e-02	1.108579e-04	1.108579e-04
7.200000e+01	7.300000e+01	1.012458e-02	1.076231e-04	1.076231e-04
7.300000e+01	7.400000e+01	9.223095e-03	1.027201e-04	1.027201e-04
7.400000e+01	7.500000e+01	8.471474e-03	9.844563e-05	9.844563e-05
7.500000e+01	7.600000e+01	7.933784e-03	9.527022e-05	9.527022e-05
7.600000e+01	7.700000e+01	7.263388e-03	9.115628e-05	9.115628e-05
7.700000e+01	7.800000e+01	6.598712e-03	8.688534e-05	8.688534e-05
7.800000e+01	7.900000e+01	6.047294e-03	8.317590e-05	8.317590e-05
7.900000e+01	8.000000e+01	5.680063e-03	8.061086e-05	8.061086e-05
8.000000e+01	8.100000e+01	5.079452e-03	7.622991e-05	7.622991e-05
8.100000e+01	8.200000e+01	4.596675e-03	7.251684e-05	7.251684e-05
8.200000e+01	8.300000e+01	4.272918e-03	6.991643e-05	6.991643e-05
8.300000e+01	8.400000e+01	3.851918e-03	6.638278e-05	6.638278e-05
8.400000e+01	8.500000e+01	3.533880e-03	6.358327e-05	6.358327e-05
8.500000e+01	8.600000e+01	3.025935e-03	5.883649e-05	5.883649e-05
8.600000e+01	8.700000e+01	2.787979e-03	5.647570e-05	5.647570e-05
8.700000e+01	8.800000e+01	2.566039e-03	5.418119e-05	5.418119e-05
8.800000e+01	8.900000e+01	2.257153e-03	5.081565e-05	5.081565e-05
8.900000e+01	9.000000e+01	2.062669e-03	4.857712e-05	4.857712e-05
9.000000e+01	9.100000e+01	1.881914e-03	4.639988e-05	4.639988e-05
9.100000e+01	9.200000e+01	1.673702e-03	4.375786e-05	4.375786e-05
9.200000e+01	9.300000e+01	1.543284e-03	4.201844e-05	4.201844e-05
9.300000e+01	9.400000e+01	1.285879e-03	3.835457e-05	3.835457e-05
9.400000e+01	9.500000e+01	1.163469e-03	3.648332e-05	3.648332e-05
9.500000e+01	9.600000e+01	1.020467e-03	3.416775e-05	3.416775e-05
9.600000e+01	9.700000e+01	9.186487e-04	3.241841e-05	3.241841e-05
9.700000e+01	9.800000e+01	7.779341e-04	2.983241e-05	2.983241e-05
9.800000e+01	9.900000e+01	7.081489e-04	2.846291e-05	2.846291e-05
9.900000e+01	1.000000e+02	6.475158e-04	2.721712e-05	2.721712e-05
# END HISTO1D

