# BEGIN PLOT
Legend=1
LogY=1
DrawOnly=//mt/home/mbridge/Work/my_higgsstrahlungHbb/Analysis.yoda/MyAnalysis/Phi
LegendOnly=//mt/home/mbridge/Work/my_higgsstrahlungHbb/Analysis.yoda/MyAnalysis/Phi
# END PLOT

# BEGIN HISTO1D //mt/home/mbridge/Work/my_higgsstrahlungHbb/Analysis.yoda/MyAnalysis/Phi
LineColor=red
LineStyle=solid
Path=//mt/home/mbridge/Work/my_higgsstrahlungHbb/Analysis.yoda/MyAnalysis/Phi
ScaledBy=3.38783105172016866e-06
Title=Analysis
# xlow	 xhigh	 val	 errminus	 errplus
0.000000e+00	6.283185e-02	1.582696e-01	2.315281e-04	2.315281e-04
6.283185e-02	1.256637e-01	1.583292e-01	2.315717e-04	2.315717e-04
1.256637e-01	1.884956e-01	1.591219e-01	2.321506e-04	2.321506e-04
1.884956e-01	2.513274e-01	1.592133e-01	2.322175e-04	2.322175e-04
2.513274e-01	3.141593e-01	1.592279e-01	2.322279e-04	2.322279e-04
3.141593e-01	3.769911e-01	1.589742e-01	2.320430e-04	2.320430e-04
3.769911e-01	4.398230e-01	1.588273e-01	2.319356e-04	2.319356e-04
4.398230e-01	5.026548e-01	1.587947e-01	2.319119e-04	2.319119e-04
5.026548e-01	5.654867e-01	1.590915e-01	2.321284e-04	2.321284e-04
5.654867e-01	6.283185e-01	1.590304e-01	2.320840e-04	2.320840e-04
6.283185e-01	6.911504e-01	1.589617e-01	2.320338e-04	2.320338e-04
6.911504e-01	7.539822e-01	1.590670e-01	2.321107e-04	2.321107e-04
7.539822e-01	8.168141e-01	1.586390e-01	2.317981e-04	2.317981e-04
8.168141e-01	8.796459e-01	1.589200e-01	2.320035e-04	2.320035e-04
8.796459e-01	9.424778e-01	1.590281e-01	2.320822e-04	2.320822e-04
9.424778e-01	1.005310e+00	1.588753e-01	2.319701e-04	2.319701e-04
1.005310e+00	1.068142e+00	1.591972e-01	2.322054e-04	2.322054e-04
1.068142e+00	1.130973e+00	1.587178e-01	2.318573e-04	2.318573e-04
1.130973e+00	1.193805e+00	1.588653e-01	2.319631e-04	2.319631e-04
1.193805e+00	1.256637e+00	1.585669e-01	2.317452e-04	2.317452e-04
1.256637e+00	1.319469e+00	1.585720e-01	2.317489e-04	2.317489e-04
1.319469e+00	1.382301e+00	1.587434e-01	2.318741e-04	2.318741e-04
1.382301e+00	1.445133e+00	1.585337e-01	2.317210e-04	2.317210e-04
1.445133e+00	1.507964e+00	1.584783e-01	2.316823e-04	2.316823e-04
1.507964e+00	1.570796e+00	1.585463e-01	2.317301e-04	2.317301e-04
1.570796e+00	1.633628e+00	1.585418e-01	2.317269e-04	2.317269e-04
1.633628e+00	1.696460e+00	1.593182e-01	2.322935e-04	2.322935e-04
1.696460e+00	1.759292e+00	1.592792e-01	2.322651e-04	2.322651e-04
1.759292e+00	1.822124e+00	1.588626e-01	2.319612e-04	2.319612e-04
1.822124e+00	1.884956e+00	1.589513e-01	2.320260e-04	2.320260e-04
1.884956e+00	1.947787e+00	1.588560e-01	2.319582e-04	2.319582e-04
1.947787e+00	2.010619e+00	1.591010e-01	2.321352e-04	2.321352e-04
2.010619e+00	2.073451e+00	1.584975e-01	2.316945e-04	2.316945e-04
2.073451e+00	2.136283e+00	1.591373e-01	2.321616e-04	2.321616e-04
2.136283e+00	2.199115e+00	1.587583e-01	2.318850e-04	2.318850e-04
2.199115e+00	2.261947e+00	1.584639e-01	2.316700e-04	2.316700e-04
2.261947e+00	2.324779e+00	1.582316e-01	2.315000e-04	2.315000e-04
2.324779e+00	2.387610e+00	1.586592e-01	2.318145e-04	2.318145e-04
2.387610e+00	2.450442e+00	1.590628e-01	2.321073e-04	2.321073e-04
2.450442e+00	2.513274e+00	1.585222e-01	2.317125e-04	2.317125e-04
2.513274e+00	2.576106e+00	1.580274e-01	2.313506e-04	2.313506e-04
2.576106e+00	2.638938e+00	1.583207e-01	2.315652e-04	2.315652e-04
2.638938e+00	2.701770e+00	1.591075e-01	2.321399e-04	2.321399e-04
2.701770e+00	2.764602e+00	1.586899e-01	2.318350e-04	2.318350e-04
2.764602e+00	2.827433e+00	1.591614e-01	2.321811e-04	2.321811e-04
2.827433e+00	2.890265e+00	1.587850e-01	2.319045e-04	2.319045e-04
2.890265e+00	2.953097e+00	1.590770e-01	2.321177e-04	2.321177e-04
2.953097e+00	3.015929e+00	1.588802e-01	2.319741e-04	2.319741e-04
3.015929e+00	3.078761e+00	1.592141e-01	2.322177e-04	2.322177e-04
3.078761e+00	3.141593e+00	1.590959e-01	2.321315e-04	2.321315e-04
3.141593e+00	3.204425e+00	1.593903e-01	2.323461e-04	2.323461e-04
3.204425e+00	3.267256e+00	1.594687e-01	2.324051e-04	2.324051e-04
3.267256e+00	3.330088e+00	1.586414e-01	2.317997e-04	2.317997e-04
3.330088e+00	3.392920e+00	1.588961e-01	2.319856e-04	2.319856e-04
3.392920e+00	3.455752e+00	1.587925e-01	2.319100e-04	2.319100e-04
3.455752e+00	3.518584e+00	1.593167e-01	2.322925e-04	2.322925e-04
3.518584e+00	3.581416e+00	1.592575e-01	2.322493e-04	2.322493e-04
3.581416e+00	3.644247e+00	1.597414e-01	2.326037e-04	2.326037e-04
3.644247e+00	3.707079e+00	1.594347e-01	2.323784e-04	2.323784e-04
3.707079e+00	3.769911e+00	1.596869e-01	2.325622e-04	2.325622e-04
3.769911e+00	3.832743e+00	1.595350e-01	2.324515e-04	2.324515e-04
3.832743e+00	3.895575e+00	1.590600e-01	2.321053e-04	2.321053e-04
3.895575e+00	3.958407e+00	1.593140e-01	2.322906e-04	2.322906e-04
3.958407e+00	4.021239e+00	1.597611e-01	2.326163e-04	2.326163e-04
4.021239e+00	4.084070e+00	1.595685e-01	2.324779e-04	2.324779e-04
4.084070e+00	4.146902e+00	1.596298e-01	2.325206e-04	2.325206e-04
4.146902e+00	4.209734e+00	1.594025e-01	2.323550e-04	2.323550e-04
4.209734e+00	4.272566e+00	1.601205e-01	2.328777e-04	2.328777e-04
4.272566e+00	4.335398e+00	1.599094e-01	2.327243e-04	2.327243e-04
4.335398e+00	4.398230e+00	1.603139e-01	2.330183e-04	2.330183e-04
4.398230e+00	4.461062e+00	1.598980e-01	2.327159e-04	2.327159e-04
4.461062e+00	4.523893e+00	1.598267e-01	2.326658e-04	2.326658e-04
4.523893e+00	4.586725e+00	1.601537e-01	2.329019e-04	2.329019e-04
4.586725e+00	4.649557e+00	1.596269e-01	2.325186e-04	2.325186e-04
4.649557e+00	4.712389e+00	1.601950e-01	2.329319e-04	2.329319e-04
4.712389e+00	4.775221e+00	1.602997e-01	2.330080e-04	2.330080e-04
4.775221e+00	4.838053e+00	1.595560e-01	2.324668e-04	2.324668e-04
4.838053e+00	4.900885e+00	1.594021e-01	2.323547e-04	2.323547e-04
4.900885e+00	4.963716e+00	1.596604e-01	2.325448e-04	2.325448e-04
4.963716e+00	5.026548e+00	1.597851e-01	2.326337e-04	2.326337e-04
5.026548e+00	5.089380e+00	1.592704e-01	2.322587e-04	2.322587e-04
5.089380e+00	5.152212e+00	1.591217e-01	2.321503e-04	2.321503e-04
5.152212e+00	5.215044e+00	1.596887e-01	2.325635e-04	2.325635e-04
5.215044e+00	5.277876e+00	1.592165e-01	2.322194e-04	2.322194e-04
5.277876e+00	5.340708e+00	1.593161e-01	2.322920e-04	2.322920e-04
5.340708e+00	5.403539e+00	1.596997e-01	2.325734e-04	2.325734e-04
5.403539e+00	5.466371e+00	1.599881e-01	2.327814e-04	2.327814e-04
5.466371e+00	5.529203e+00	1.591031e-01	2.321367e-04	2.321367e-04
5.529203e+00	5.592035e+00	1.591657e-01	2.321824e-04	2.321824e-04
5.592035e+00	5.654867e+00	1.589022e-01	2.319901e-04	2.319901e-04
5.654867e+00	5.717699e+00	1.597722e-01	2.326244e-04	2.326244e-04
5.717699e+00	5.780530e+00	1.594649e-01	2.324024e-04	2.324024e-04
5.780530e+00	5.843362e+00	1.596857e-01	2.325613e-04	2.325613e-04
5.843362e+00	5.906194e+00	1.595101e-01	2.324335e-04	2.324335e-04
5.906194e+00	5.969026e+00	1.594461e-01	2.323868e-04	2.323868e-04
5.969026e+00	6.031858e+00	1.594227e-01	2.323698e-04	2.323698e-04
6.031858e+00	6.094690e+00	1.587000e-01	2.318424e-04	2.318424e-04
6.094690e+00	6.157522e+00	1.588528e-01	2.319540e-04	2.319540e-04
6.157522e+00	6.220353e+00	1.597017e-01	2.325748e-04	2.325748e-04
6.220353e+00	6.283185e+00	1.586282e-01	2.317900e-04	2.317900e-04
# END HISTO1D

