# BEGIN PLOT
Legend=1
LogY=1
DrawOnly=//mt/home/mbridge/Work/MyHiggsstrahlungV2/tmp/Analysisbgwzc.yoda/MyHAnalysis/H_A //mt/home/mbridge/Work/MyHiggsstrahlungV2/tmp/Analysisbg.yoda/MyHAnalysis/H_A //mt/home/mbridge/Work/MyHiggsstrahlungV2/tmp/Analysisb.yoda/MyHAnalysis/H_A
LegendOnly=//mt/home/mbridge/Work/MyHiggsstrahlungV2/tmp/Analysisbgwzc.yoda/MyHAnalysis/H_A //mt/home/mbridge/Work/MyHiggsstrahlungV2/tmp/Analysisbg.yoda/MyHAnalysis/H_A //mt/home/mbridge/Work/MyHiggsstrahlungV2/tmp/Analysisb.yoda/MyHAnalysis/H_A
RatioPlot=1
RatioPlotReference=//mt/home/mbridge/Work/MyHiggsstrahlungV2/tmp/Analysisbgwzc.yoda/MyHAnalysis/H_A
RatioPlotYLabel=Ratio
# END PLOT

# BEGIN HISTO1D //mt/home/mbridge/Work/MyHiggsstrahlungV2/tmp/Analysisbgwzc.yoda/MyHAnalysis/H_A
LineColor=red
LineStyle=solid
Path=//mt/home/mbridge/Work/MyHiggsstrahlungV2/tmp/Analysisbgwzc.yoda/MyHAnalysis/H_A
ScaledBy=1.51881227383296550e-04
Title=Analysisbgwzc
# xlow	 xhigh	 val	 errminus	 errplus
0.000000e+00	1.000000e-02	5.919007e+01	8.479252e-02	8.479252e-02
1.000000e-02	2.000000e-02	1.846560e+01	4.628796e-02	4.628796e-02
2.000000e-02	3.000000e-02	7.658774e+00	2.909681e-02	2.909681e-02
3.000000e-02	4.000000e-02	4.213502e+00	2.117182e-02	2.117182e-02
4.000000e-02	5.000000e-02	2.713206e+00	1.674794e-02	1.674794e-02
5.000000e-02	6.000000e-02	1.862900e+00	1.374716e-02	1.374716e-02
6.000000e-02	7.000000e-02	1.346426e+00	1.159277e-02	1.159277e-02
7.000000e-02	8.000000e-02	1.004283e+00	9.951208e-03	9.951208e-03
8.000000e-02	9.000000e-02	7.589678e-01	8.596795e-03	8.596795e-03
9.000000e-02	1.000000e-01	5.807404e-01	7.502492e-03	7.502492e-03
1.000000e-01	1.100000e-01	4.478409e-01	6.543578e-03	6.543578e-03
1.100000e-01	1.200000e-01	3.540376e-01	5.823109e-03	5.823109e-03
1.200000e-01	1.300000e-01	2.785467e-01	5.144494e-03	5.144494e-03
1.300000e-01	1.400000e-01	2.196437e-01	4.561683e-03	4.561683e-03
1.400000e-01	1.500000e-01	1.726220e-01	4.020415e-03	4.020415e-03
1.500000e-01	1.600000e-01	1.428156e-01	3.680440e-03	3.680440e-03
1.600000e-01	1.700000e-01	1.135035e-01	3.273683e-03	3.273683e-03
1.700000e-01	1.800000e-01	9.340682e-02	2.956408e-03	2.956408e-03
1.800000e-01	1.900000e-01	7.141536e-02	2.582301e-03	2.582301e-03
1.900000e-01	2.000000e-01	6.375926e-02	2.452794e-03	2.452794e-03
2.000000e-01	2.100000e-01	5.134191e-02	2.180519e-03	2.180519e-03
2.100000e-01	2.200000e-01	4.052867e-02	1.941909e-03	1.941909e-03
2.200000e-01	2.300000e-01	3.385728e-02	1.761258e-03	1.761258e-03
2.300000e-01	2.400000e-01	2.530011e-02	1.545243e-03	1.545243e-03
2.400000e-01	2.500000e-01	2.210184e-02	1.433502e-03	1.433502e-03
2.500000e-01	2.600000e-01	1.481215e-02	1.174217e-03	1.174217e-03
2.600000e-01	2.700000e-01	1.233338e-02	1.078816e-03	1.078816e-03
2.700000e-01	2.800000e-01	1.170887e-02	1.052038e-03	1.052038e-03
2.800000e-01	2.900000e-01	7.949826e-03	8.547689e-04	8.547689e-04
2.900000e-01	3.000000e-01	7.511765e-03	8.371684e-04	8.371684e-04
3.000000e-01	3.100000e-01	5.156042e-03	6.787665e-04	6.787665e-04
3.100000e-01	3.200000e-01	4.207776e-03	6.385919e-04	6.385919e-04
3.200000e-01	3.300000e-01	3.159506e-03	5.427486e-04	5.427486e-04
3.300000e-01	3.400000e-01	2.544619e-03	4.992041e-04	4.992041e-04
3.400000e-01	3.500000e-01	1.027998e-03	2.993192e-04	2.993192e-04
3.500000e-01	3.600000e-01	1.113196e-03	3.112085e-04	3.112085e-04
3.600000e-01	3.700000e-01	6.558470e-04	2.526799e-04	2.526799e-04
3.700000e-01	3.800000e-01	1.396892e-03	3.673595e-04	3.673595e-04
3.800000e-01	3.900000e-01	6.180804e-04	2.366126e-04	2.366126e-04
3.900000e-01	4.000000e-01	2.459505e-04	1.419996e-04	1.419996e-04
4.000000e-01	4.100000e-01	2.049483e-04	1.477891e-04	1.477891e-04
4.100000e-01	4.200000e-01	0.000000e+00	0.000000e+00	0.000000e+00
4.200000e-01	4.300000e-01	8.198351e-05	8.198350e-05	8.198350e-05
4.300000e-01	4.400000e-01	0.000000e+00	0.000000e+00	0.000000e+00
4.400000e-01	4.500000e-01	8.198351e-05	8.198350e-05	8.198350e-05
4.500000e-01	4.600000e-01	0.000000e+00	0.000000e+00	0.000000e+00
4.600000e-01	4.700000e-01	0.000000e+00	0.000000e+00	0.000000e+00
4.700000e-01	4.800000e-01	0.000000e+00	0.000000e+00	0.000000e+00
4.800000e-01	4.900000e-01	0.000000e+00	0.000000e+00	0.000000e+00
4.900000e-01	5.000000e-01	0.000000e+00	0.000000e+00	0.000000e+00
5.000000e-01	5.100000e-01	0.000000e+00	0.000000e+00	0.000000e+00
5.100000e-01	5.200000e-01	0.000000e+00	0.000000e+00	0.000000e+00
5.200000e-01	5.300000e-01	0.000000e+00	0.000000e+00	0.000000e+00
5.300000e-01	5.400000e-01	0.000000e+00	0.000000e+00	0.000000e+00
5.400000e-01	5.500000e-01	0.000000e+00	0.000000e+00	0.000000e+00
5.500000e-01	5.600000e-01	0.000000e+00	0.000000e+00	0.000000e+00
5.600000e-01	5.700000e-01	0.000000e+00	0.000000e+00	0.000000e+00
5.700000e-01	5.800000e-01	0.000000e+00	0.000000e+00	0.000000e+00
5.800000e-01	5.900000e-01	0.000000e+00	0.000000e+00	0.000000e+00
5.900000e-01	6.000000e-01	0.000000e+00	0.000000e+00	0.000000e+00
6.000000e-01	6.100000e-01	0.000000e+00	0.000000e+00	0.000000e+00
6.100000e-01	6.200000e-01	0.000000e+00	0.000000e+00	0.000000e+00
6.200000e-01	6.300000e-01	0.000000e+00	0.000000e+00	0.000000e+00
6.300000e-01	6.400000e-01	0.000000e+00	0.000000e+00	0.000000e+00
6.400000e-01	6.500000e-01	0.000000e+00	0.000000e+00	0.000000e+00
6.500000e-01	6.600000e-01	0.000000e+00	0.000000e+00	0.000000e+00
6.600000e-01	6.700000e-01	0.000000e+00	0.000000e+00	0.000000e+00
6.700000e-01	6.800000e-01	0.000000e+00	0.000000e+00	0.000000e+00
6.800000e-01	6.900000e-01	0.000000e+00	0.000000e+00	0.000000e+00
6.900000e-01	7.000000e-01	0.000000e+00	0.000000e+00	0.000000e+00
7.000000e-01	7.100000e-01	0.000000e+00	0.000000e+00	0.000000e+00
7.100000e-01	7.200000e-01	0.000000e+00	0.000000e+00	0.000000e+00
7.200000e-01	7.300000e-01	0.000000e+00	0.000000e+00	0.000000e+00
7.300000e-01	7.400000e-01	0.000000e+00	0.000000e+00	0.000000e+00
7.400000e-01	7.500000e-01	0.000000e+00	0.000000e+00	0.000000e+00
7.500000e-01	7.600000e-01	0.000000e+00	0.000000e+00	0.000000e+00
7.600000e-01	7.700000e-01	0.000000e+00	0.000000e+00	0.000000e+00
7.700000e-01	7.800000e-01	0.000000e+00	0.000000e+00	0.000000e+00
7.800000e-01	7.900000e-01	0.000000e+00	0.000000e+00	0.000000e+00
7.900000e-01	8.000000e-01	0.000000e+00	0.000000e+00	0.000000e+00
8.000000e-01	8.100000e-01	0.000000e+00	0.000000e+00	0.000000e+00
8.100000e-01	8.200000e-01	0.000000e+00	0.000000e+00	0.000000e+00
8.200000e-01	8.300000e-01	0.000000e+00	0.000000e+00	0.000000e+00
8.300000e-01	8.400000e-01	0.000000e+00	0.000000e+00	0.000000e+00
8.400000e-01	8.500000e-01	0.000000e+00	0.000000e+00	0.000000e+00
8.500000e-01	8.600000e-01	0.000000e+00	0.000000e+00	0.000000e+00
8.600000e-01	8.700000e-01	0.000000e+00	0.000000e+00	0.000000e+00
8.700000e-01	8.800000e-01	0.000000e+00	0.000000e+00	0.000000e+00
8.800000e-01	8.900000e-01	0.000000e+00	0.000000e+00	0.000000e+00
8.900000e-01	9.000000e-01	0.000000e+00	0.000000e+00	0.000000e+00
9.000000e-01	9.100000e-01	0.000000e+00	0.000000e+00	0.000000e+00
9.100000e-01	9.200000e-01	0.000000e+00	0.000000e+00	0.000000e+00
9.200000e-01	9.300000e-01	0.000000e+00	0.000000e+00	0.000000e+00
9.300000e-01	9.400000e-01	0.000000e+00	0.000000e+00	0.000000e+00
9.400000e-01	9.500000e-01	0.000000e+00	0.000000e+00	0.000000e+00
9.500000e-01	9.600000e-01	0.000000e+00	0.000000e+00	0.000000e+00
9.600000e-01	9.700000e-01	0.000000e+00	0.000000e+00	0.000000e+00
9.700000e-01	9.800000e-01	0.000000e+00	0.000000e+00	0.000000e+00
9.800000e-01	9.900000e-01	0.000000e+00	0.000000e+00	0.000000e+00
9.900000e-01	1.000000e+00	0.000000e+00	0.000000e+00	0.000000e+00
# END HISTO1D


# BEGIN HISTO1D //mt/home/mbridge/Work/MyHiggsstrahlungV2/tmp/Analysisbg.yoda/MyHAnalysis/H_A
LineColor=blue
LineStyle=solid
Path=//mt/home/mbridge/Work/MyHiggsstrahlungV2/tmp/Analysisbg.yoda/MyHAnalysis/H_A
ScaledBy=1.88372675977284935e-04
Title=Analysisbg
# xlow	 xhigh	 val	 errminus	 errplus
0.000000e+00	1.000000e-02	6.686401e+01	8.747506e-02	8.747506e-02
1.000000e-02	2.000000e-02	1.846255e+01	4.596573e-02	4.596573e-02
2.000000e-02	3.000000e-02	6.334238e+00	2.692376e-02	2.692376e-02
3.000000e-02	4.000000e-02	3.023013e+00	1.859973e-02	1.859973e-02
4.000000e-02	5.000000e-02	1.696466e+00	1.393357e-02	1.393357e-02
5.000000e-02	6.000000e-02	1.064745e+00	1.103852e-02	1.103852e-02
6.000000e-02	7.000000e-02	6.876717e-01	8.871156e-03	8.871156e-03
7.000000e-02	8.000000e-02	4.744612e-01	7.368619e-03	7.368619e-03
8.000000e-02	9.000000e-02	3.362219e-01	6.202977e-03	6.202977e-03
9.000000e-02	1.000000e-01	2.379173e-01	5.217936e-03	5.217936e-03
1.000000e-01	1.100000e-01	1.811585e-01	4.553218e-03	4.553218e-03
1.100000e-01	1.200000e-01	1.397268e-01	3.998727e-03	3.998727e-03
1.200000e-01	1.300000e-01	1.126054e-01	3.589728e-03	3.589728e-03
1.300000e-01	1.400000e-01	8.274755e-02	3.077421e-03	3.077421e-03
1.400000e-01	1.500000e-01	6.202815e-02	2.664339e-03	2.664339e-03
1.500000e-01	1.600000e-01	4.840706e-02	2.353632e-03	2.353632e-03
1.600000e-01	1.700000e-01	3.593622e-02	2.028000e-03	2.028000e-03
1.700000e-01	1.800000e-01	3.307331e-02	1.945489e-03	1.945489e-03
1.800000e-01	1.900000e-01	2.460389e-02	1.677972e-03	1.677972e-03
1.900000e-01	2.000000e-01	1.888408e-02	1.470125e-03	1.470125e-03
2.000000e-01	2.100000e-01	1.453342e-02	1.289632e-03	1.289632e-03
2.100000e-01	2.200000e-01	1.304802e-02	1.222061e-03	1.222061e-03
2.200000e-01	2.300000e-01	1.121476e-02	1.132862e-03	1.132862e-03
2.300000e-01	2.400000e-01	1.007083e-02	1.073554e-03	1.073554e-03
2.400000e-01	2.500000e-01	6.293999e-03	8.486827e-04	8.486827e-04
2.500000e-01	2.600000e-01	5.492945e-03	7.928383e-04	7.928383e-04
2.600000e-01	2.700000e-01	4.691890e-03	7.327502e-04	7.327502e-04
2.700000e-01	2.800000e-01	3.089781e-03	5.946287e-04	5.946287e-04
2.800000e-01	2.900000e-01	2.975345e-03	5.835132e-04	5.835132e-04
2.900000e-01	3.000000e-01	1.258800e-03	3.795425e-04	3.795425e-04
3.000000e-01	3.100000e-01	1.258800e-03	3.795425e-04	3.795425e-04
3.100000e-01	3.200000e-01	1.487673e-03	4.126061e-04	4.126061e-04
3.200000e-01	3.300000e-01	8.010545e-04	3.027701e-04	3.027701e-04
3.300000e-01	3.400000e-01	8.010545e-04	3.027701e-04	3.027701e-04
3.400000e-01	3.500000e-01	6.866181e-04	2.803107e-04	2.803107e-04
3.500000e-01	3.600000e-01	4.577454e-04	2.288727e-04	2.288727e-04
3.600000e-01	3.700000e-01	3.433091e-04	1.982096e-04	1.982096e-04
3.700000e-01	3.800000e-01	4.577454e-04	2.288727e-04	2.288727e-04
3.800000e-01	3.900000e-01	2.288727e-04	1.618374e-04	1.618374e-04
3.900000e-01	4.000000e-01	2.288727e-04	1.618374e-04	1.618374e-04
4.000000e-01	4.100000e-01	0.000000e+00	0.000000e+00	0.000000e+00
4.100000e-01	4.200000e-01	0.000000e+00	0.000000e+00	0.000000e+00
4.200000e-01	4.300000e-01	0.000000e+00	0.000000e+00	0.000000e+00
4.300000e-01	4.400000e-01	0.000000e+00	0.000000e+00	0.000000e+00
4.400000e-01	4.500000e-01	1.144364e-04	1.144364e-04	1.144364e-04
4.500000e-01	4.600000e-01	0.000000e+00	0.000000e+00	0.000000e+00
4.600000e-01	4.700000e-01	0.000000e+00	0.000000e+00	0.000000e+00
4.700000e-01	4.800000e-01	0.000000e+00	0.000000e+00	0.000000e+00
4.800000e-01	4.900000e-01	0.000000e+00	0.000000e+00	0.000000e+00
4.900000e-01	5.000000e-01	0.000000e+00	0.000000e+00	0.000000e+00
5.000000e-01	5.100000e-01	0.000000e+00	0.000000e+00	0.000000e+00
5.100000e-01	5.200000e-01	0.000000e+00	0.000000e+00	0.000000e+00
5.200000e-01	5.300000e-01	0.000000e+00	0.000000e+00	0.000000e+00
5.300000e-01	5.400000e-01	0.000000e+00	0.000000e+00	0.000000e+00
5.400000e-01	5.500000e-01	0.000000e+00	0.000000e+00	0.000000e+00
5.500000e-01	5.600000e-01	0.000000e+00	0.000000e+00	0.000000e+00
5.600000e-01	5.700000e-01	0.000000e+00	0.000000e+00	0.000000e+00
5.700000e-01	5.800000e-01	0.000000e+00	0.000000e+00	0.000000e+00
5.800000e-01	5.900000e-01	0.000000e+00	0.000000e+00	0.000000e+00
5.900000e-01	6.000000e-01	0.000000e+00	0.000000e+00	0.000000e+00
6.000000e-01	6.100000e-01	0.000000e+00	0.000000e+00	0.000000e+00
6.100000e-01	6.200000e-01	0.000000e+00	0.000000e+00	0.000000e+00
6.200000e-01	6.300000e-01	0.000000e+00	0.000000e+00	0.000000e+00
6.300000e-01	6.400000e-01	0.000000e+00	0.000000e+00	0.000000e+00
6.400000e-01	6.500000e-01	0.000000e+00	0.000000e+00	0.000000e+00
6.500000e-01	6.600000e-01	0.000000e+00	0.000000e+00	0.000000e+00
6.600000e-01	6.700000e-01	0.000000e+00	0.000000e+00	0.000000e+00
6.700000e-01	6.800000e-01	0.000000e+00	0.000000e+00	0.000000e+00
6.800000e-01	6.900000e-01	0.000000e+00	0.000000e+00	0.000000e+00
6.900000e-01	7.000000e-01	0.000000e+00	0.000000e+00	0.000000e+00
7.000000e-01	7.100000e-01	0.000000e+00	0.000000e+00	0.000000e+00
7.100000e-01	7.200000e-01	0.000000e+00	0.000000e+00	0.000000e+00
7.200000e-01	7.300000e-01	0.000000e+00	0.000000e+00	0.000000e+00
7.300000e-01	7.400000e-01	0.000000e+00	0.000000e+00	0.000000e+00
7.400000e-01	7.500000e-01	0.000000e+00	0.000000e+00	0.000000e+00
7.500000e-01	7.600000e-01	0.000000e+00	0.000000e+00	0.000000e+00
7.600000e-01	7.700000e-01	0.000000e+00	0.000000e+00	0.000000e+00
7.700000e-01	7.800000e-01	0.000000e+00	0.000000e+00	0.000000e+00
7.800000e-01	7.900000e-01	0.000000e+00	0.000000e+00	0.000000e+00
7.900000e-01	8.000000e-01	0.000000e+00	0.000000e+00	0.000000e+00
8.000000e-01	8.100000e-01	0.000000e+00	0.000000e+00	0.000000e+00
8.100000e-01	8.200000e-01	0.000000e+00	0.000000e+00	0.000000e+00
8.200000e-01	8.300000e-01	0.000000e+00	0.000000e+00	0.000000e+00
8.300000e-01	8.400000e-01	0.000000e+00	0.000000e+00	0.000000e+00
8.400000e-01	8.500000e-01	0.000000e+00	0.000000e+00	0.000000e+00
8.500000e-01	8.600000e-01	0.000000e+00	0.000000e+00	0.000000e+00
8.600000e-01	8.700000e-01	0.000000e+00	0.000000e+00	0.000000e+00
8.700000e-01	8.800000e-01	0.000000e+00	0.000000e+00	0.000000e+00
8.800000e-01	8.900000e-01	0.000000e+00	0.000000e+00	0.000000e+00
8.900000e-01	9.000000e-01	0.000000e+00	0.000000e+00	0.000000e+00
9.000000e-01	9.100000e-01	0.000000e+00	0.000000e+00	0.000000e+00
9.100000e-01	9.200000e-01	0.000000e+00	0.000000e+00	0.000000e+00
9.200000e-01	9.300000e-01	0.000000e+00	0.000000e+00	0.000000e+00
9.300000e-01	9.400000e-01	0.000000e+00	0.000000e+00	0.000000e+00
9.400000e-01	9.500000e-01	0.000000e+00	0.000000e+00	0.000000e+00
9.500000e-01	9.600000e-01	0.000000e+00	0.000000e+00	0.000000e+00
9.600000e-01	9.700000e-01	0.000000e+00	0.000000e+00	0.000000e+00
9.700000e-01	9.800000e-01	0.000000e+00	0.000000e+00	0.000000e+00
9.800000e-01	9.900000e-01	0.000000e+00	0.000000e+00	0.000000e+00
9.900000e-01	1.000000e+00	0.000000e+00	0.000000e+00	0.000000e+00
# END HISTO1D


# BEGIN HISTO1D //mt/home/mbridge/Work/MyHiggsstrahlungV2/tmp/Analysisb.yoda/MyHAnalysis/H_A
LineColor=green
LineStyle=solid
Path=//mt/home/mbridge/Work/MyHiggsstrahlungV2/tmp/Analysisb.yoda/MyHAnalysis/H_A
ScaledBy=2.16109940687767943e-04
Title=Analysisb
# xlow	 xhigh	 val	 errminus	 errplus
0.000000e+00	1.000000e-02	7.299389e+01	9.134657e-02	9.134657e-02
1.000000e-02	2.000000e-02	1.687235e+01	4.391742e-02	4.391742e-02
2.000000e-02	3.000000e-02	4.877875e+00	2.361372e-02	2.361372e-02
3.000000e-02	4.000000e-02	2.104961e+00	1.551208e-02	1.551208e-02
4.000000e-02	5.000000e-02	1.098328e+00	1.120510e-02	1.120510e-02
5.000000e-02	6.000000e-02	6.328309e-01	8.505301e-03	8.505301e-03
6.000000e-02	7.000000e-02	3.964358e-01	6.731833e-03	6.731833e-03
7.000000e-02	8.000000e-02	2.708060e-01	5.563855e-03	5.563855e-03
8.000000e-02	9.000000e-02	1.889568e-01	4.647571e-03	4.647571e-03
9.000000e-02	1.000000e-01	1.352354e-01	3.931861e-03	3.931861e-03
1.000000e-01	1.100000e-01	9.922271e-02	3.367839e-03	3.367839e-03
1.100000e-01	1.200000e-01	7.087313e-02	2.846333e-03	2.846333e-03
1.200000e-01	1.300000e-01	5.658515e-02	2.543314e-03	2.543314e-03
1.300000e-01	1.400000e-01	4.446675e-02	2.254554e-03	2.254554e-03
1.400000e-01	1.500000e-01	3.200692e-02	1.912779e-03	1.912779e-03
1.500000e-01	1.600000e-01	2.652002e-02	1.741124e-03	1.741124e-03
1.600000e-01	1.700000e-01	2.206191e-02	1.588051e-03	1.588051e-03
1.700000e-01	1.800000e-01	1.428880e-02	1.278029e-03	1.278029e-03
1.800000e-01	1.900000e-01	1.383340e-02	1.257583e-03	1.257583e-03
1.900000e-01	2.000000e-01	9.030523e-03	1.016013e-03	1.016013e-03
2.000000e-01	2.100000e-01	8.801902e-03	1.003070e-03	1.003070e-03
2.100000e-01	2.200000e-01	6.172763e-03	8.400066e-04	8.400066e-04
2.200000e-01	2.300000e-01	4.572417e-03	7.229626e-04	7.229626e-04
2.300000e-01	2.400000e-01	3.660615e-03	6.471168e-04	6.471168e-04
2.400000e-01	2.500000e-01	3.429313e-03	6.261040e-04	6.261040e-04
2.500000e-01	2.600000e-01	2.057588e-03	4.849780e-04	4.849780e-04
2.600000e-01	2.700000e-01	2.629140e-03	5.482136e-04	5.482136e-04
2.700000e-01	2.800000e-01	2.057588e-03	4.849780e-04	4.849780e-04
2.800000e-01	2.900000e-01	1.714656e-03	4.427224e-04	4.427224e-04
2.900000e-01	3.000000e-01	1.600346e-03	4.277104e-04	4.277104e-04
3.000000e-01	3.100000e-01	5.715521e-04	2.556059e-04	2.556059e-04
3.100000e-01	3.200000e-01	4.572417e-04	2.286208e-04	2.286208e-04
3.200000e-01	3.300000e-01	5.715521e-04	2.556059e-04	2.556059e-04
3.300000e-01	3.400000e-01	1.143104e-04	1.143104e-04	1.143104e-04
3.400000e-01	3.500000e-01	5.715521e-04	2.556059e-04	2.556059e-04
3.500000e-01	3.600000e-01	1.143104e-04	1.143104e-04	1.143104e-04
3.600000e-01	3.700000e-01	1.143104e-04	1.143104e-04	1.143104e-04
3.700000e-01	3.800000e-01	1.143104e-04	1.143104e-04	1.143104e-04
3.800000e-01	3.900000e-01	0.000000e+00	0.000000e+00	0.000000e+00
3.900000e-01	4.000000e-01	1.143104e-04	1.143104e-04	1.143104e-04
4.000000e-01	4.100000e-01	0.000000e+00	0.000000e+00	0.000000e+00
4.100000e-01	4.200000e-01	0.000000e+00	0.000000e+00	0.000000e+00
4.200000e-01	4.300000e-01	0.000000e+00	0.000000e+00	0.000000e+00
4.300000e-01	4.400000e-01	0.000000e+00	0.000000e+00	0.000000e+00
4.400000e-01	4.500000e-01	0.000000e+00	0.000000e+00	0.000000e+00
4.500000e-01	4.600000e-01	0.000000e+00	0.000000e+00	0.000000e+00
4.600000e-01	4.700000e-01	0.000000e+00	0.000000e+00	0.000000e+00
4.700000e-01	4.800000e-01	0.000000e+00	0.000000e+00	0.000000e+00
4.800000e-01	4.900000e-01	0.000000e+00	0.000000e+00	0.000000e+00
4.900000e-01	5.000000e-01	0.000000e+00	0.000000e+00	0.000000e+00
5.000000e-01	5.100000e-01	0.000000e+00	0.000000e+00	0.000000e+00
5.100000e-01	5.200000e-01	0.000000e+00	0.000000e+00	0.000000e+00
5.200000e-01	5.300000e-01	0.000000e+00	0.000000e+00	0.000000e+00
5.300000e-01	5.400000e-01	0.000000e+00	0.000000e+00	0.000000e+00
5.400000e-01	5.500000e-01	0.000000e+00	0.000000e+00	0.000000e+00
5.500000e-01	5.600000e-01	0.000000e+00	0.000000e+00	0.000000e+00
5.600000e-01	5.700000e-01	0.000000e+00	0.000000e+00	0.000000e+00
5.700000e-01	5.800000e-01	0.000000e+00	0.000000e+00	0.000000e+00
5.800000e-01	5.900000e-01	0.000000e+00	0.000000e+00	0.000000e+00
5.900000e-01	6.000000e-01	0.000000e+00	0.000000e+00	0.000000e+00
6.000000e-01	6.100000e-01	0.000000e+00	0.000000e+00	0.000000e+00
6.100000e-01	6.200000e-01	0.000000e+00	0.000000e+00	0.000000e+00
6.200000e-01	6.300000e-01	0.000000e+00	0.000000e+00	0.000000e+00
6.300000e-01	6.400000e-01	0.000000e+00	0.000000e+00	0.000000e+00
6.400000e-01	6.500000e-01	0.000000e+00	0.000000e+00	0.000000e+00
6.500000e-01	6.600000e-01	0.000000e+00	0.000000e+00	0.000000e+00
6.600000e-01	6.700000e-01	0.000000e+00	0.000000e+00	0.000000e+00
6.700000e-01	6.800000e-01	0.000000e+00	0.000000e+00	0.000000e+00
6.800000e-01	6.900000e-01	0.000000e+00	0.000000e+00	0.000000e+00
6.900000e-01	7.000000e-01	0.000000e+00	0.000000e+00	0.000000e+00
7.000000e-01	7.100000e-01	0.000000e+00	0.000000e+00	0.000000e+00
7.100000e-01	7.200000e-01	0.000000e+00	0.000000e+00	0.000000e+00
7.200000e-01	7.300000e-01	0.000000e+00	0.000000e+00	0.000000e+00
7.300000e-01	7.400000e-01	0.000000e+00	0.000000e+00	0.000000e+00
7.400000e-01	7.500000e-01	0.000000e+00	0.000000e+00	0.000000e+00
7.500000e-01	7.600000e-01	0.000000e+00	0.000000e+00	0.000000e+00
7.600000e-01	7.700000e-01	0.000000e+00	0.000000e+00	0.000000e+00
7.700000e-01	7.800000e-01	0.000000e+00	0.000000e+00	0.000000e+00
7.800000e-01	7.900000e-01	0.000000e+00	0.000000e+00	0.000000e+00
7.900000e-01	8.000000e-01	0.000000e+00	0.000000e+00	0.000000e+00
8.000000e-01	8.100000e-01	0.000000e+00	0.000000e+00	0.000000e+00
8.100000e-01	8.200000e-01	0.000000e+00	0.000000e+00	0.000000e+00
8.200000e-01	8.300000e-01	0.000000e+00	0.000000e+00	0.000000e+00
8.300000e-01	8.400000e-01	0.000000e+00	0.000000e+00	0.000000e+00
8.400000e-01	8.500000e-01	0.000000e+00	0.000000e+00	0.000000e+00
8.500000e-01	8.600000e-01	0.000000e+00	0.000000e+00	0.000000e+00
8.600000e-01	8.700000e-01	0.000000e+00	0.000000e+00	0.000000e+00
8.700000e-01	8.800000e-01	0.000000e+00	0.000000e+00	0.000000e+00
8.800000e-01	8.900000e-01	0.000000e+00	0.000000e+00	0.000000e+00
8.900000e-01	9.000000e-01	0.000000e+00	0.000000e+00	0.000000e+00
9.000000e-01	9.100000e-01	0.000000e+00	0.000000e+00	0.000000e+00
9.100000e-01	9.200000e-01	0.000000e+00	0.000000e+00	0.000000e+00
9.200000e-01	9.300000e-01	0.000000e+00	0.000000e+00	0.000000e+00
9.300000e-01	9.400000e-01	0.000000e+00	0.000000e+00	0.000000e+00
9.400000e-01	9.500000e-01	0.000000e+00	0.000000e+00	0.000000e+00
9.500000e-01	9.600000e-01	0.000000e+00	0.000000e+00	0.000000e+00
9.600000e-01	9.700000e-01	0.000000e+00	0.000000e+00	0.000000e+00
9.700000e-01	9.800000e-01	0.000000e+00	0.000000e+00	0.000000e+00
9.800000e-01	9.900000e-01	0.000000e+00	0.000000e+00	0.000000e+00
9.900000e-01	1.000000e+00	0.000000e+00	0.000000e+00	0.000000e+00
# END HISTO1D

