# BEGIN PLOT
Legend=1
LogY=1
DrawOnly=//mt/home/mbridge/Work/MyHiggsstrahlungV2/tmp/Analysisbgwzc.yoda/MyHAnalysis/H_massAdd //mt/home/mbridge/Work/MyHiggsstrahlungV2/tmp/Analysisbg.yoda/MyHAnalysis/H_massAdd //mt/home/mbridge/Work/MyHiggsstrahlungV2/tmp/Analysisb.yoda/MyHAnalysis/H_massAdd
LegendOnly=//mt/home/mbridge/Work/MyHiggsstrahlungV2/tmp/Analysisbgwzc.yoda/MyHAnalysis/H_massAdd //mt/home/mbridge/Work/MyHiggsstrahlungV2/tmp/Analysisbg.yoda/MyHAnalysis/H_massAdd //mt/home/mbridge/Work/MyHiggsstrahlungV2/tmp/Analysisb.yoda/MyHAnalysis/H_massAdd
RatioPlot=1
RatioPlotReference=//mt/home/mbridge/Work/MyHiggsstrahlungV2/tmp/Analysisbgwzc.yoda/MyHAnalysis/H_massAdd
RatioPlotYLabel=Ratio
# END PLOT

# BEGIN HISTO1D //mt/home/mbridge/Work/MyHiggsstrahlungV2/tmp/Analysisbgwzc.yoda/MyHAnalysis/H_massAdd
LineColor=red
LineStyle=solid
Path=//mt/home/mbridge/Work/MyHiggsstrahlungV2/tmp/Analysisbgwzc.yoda/MyHAnalysis/H_massAdd
ScaledBy=1.51881227383296550e-04
Title=Analysisbgwzc
# xlow	 xhigh	 val	 errminus	 errplus
0.000000e+00	2.400000e+00	0.000000e+00	0.000000e+00	0.000000e+00
2.400000e+00	4.800000e+00	0.000000e+00	0.000000e+00	0.000000e+00
4.800000e+00	7.200000e+00	0.000000e+00	0.000000e+00	0.000000e+00
7.200000e+00	9.600000e+00	0.000000e+00	0.000000e+00	0.000000e+00
9.600000e+00	1.200000e+01	0.000000e+00	0.000000e+00	0.000000e+00
1.200000e+01	1.440000e+01	0.000000e+00	0.000000e+00	0.000000e+00
1.440000e+01	1.680000e+01	0.000000e+00	0.000000e+00	0.000000e+00
1.680000e+01	1.920000e+01	0.000000e+00	0.000000e+00	0.000000e+00
1.920000e+01	2.160000e+01	0.000000e+00	0.000000e+00	0.000000e+00
2.160000e+01	2.400000e+01	0.000000e+00	0.000000e+00	0.000000e+00
2.400000e+01	2.640000e+01	0.000000e+00	0.000000e+00	0.000000e+00
2.640000e+01	2.880000e+01	0.000000e+00	0.000000e+00	0.000000e+00
2.880000e+01	3.120000e+01	0.000000e+00	0.000000e+00	0.000000e+00
3.120000e+01	3.360000e+01	0.000000e+00	0.000000e+00	0.000000e+00
3.360000e+01	3.600000e+01	0.000000e+00	0.000000e+00	0.000000e+00
3.600000e+01	3.840000e+01	0.000000e+00	0.000000e+00	0.000000e+00
3.840000e+01	4.080000e+01	0.000000e+00	0.000000e+00	0.000000e+00
4.080000e+01	4.320000e+01	0.000000e+00	0.000000e+00	0.000000e+00
4.320000e+01	4.560000e+01	0.000000e+00	0.000000e+00	0.000000e+00
4.560000e+01	4.800000e+01	0.000000e+00	0.000000e+00	0.000000e+00
4.800000e+01	5.040000e+01	0.000000e+00	0.000000e+00	0.000000e+00
5.040000e+01	5.280000e+01	0.000000e+00	0.000000e+00	0.000000e+00
5.280000e+01	5.520000e+01	0.000000e+00	0.000000e+00	0.000000e+00
5.520000e+01	5.760000e+01	0.000000e+00	0.000000e+00	0.000000e+00
5.760000e+01	6.000000e+01	0.000000e+00	0.000000e+00	0.000000e+00
6.000000e+01	6.240000e+01	0.000000e+00	0.000000e+00	0.000000e+00
6.240000e+01	6.480000e+01	0.000000e+00	0.000000e+00	0.000000e+00
6.480000e+01	6.720000e+01	0.000000e+00	0.000000e+00	0.000000e+00
6.720000e+01	6.960000e+01	0.000000e+00	0.000000e+00	0.000000e+00
6.960000e+01	7.200000e+01	0.000000e+00	0.000000e+00	0.000000e+00
7.200000e+01	7.440000e+01	0.000000e+00	0.000000e+00	0.000000e+00
7.440000e+01	7.680000e+01	0.000000e+00	0.000000e+00	0.000000e+00
7.680000e+01	7.920000e+01	0.000000e+00	0.000000e+00	0.000000e+00
7.920000e+01	8.160000e+01	0.000000e+00	0.000000e+00	0.000000e+00
8.160000e+01	8.400000e+01	0.000000e+00	0.000000e+00	0.000000e+00
8.400000e+01	8.640000e+01	0.000000e+00	0.000000e+00	0.000000e+00
8.640000e+01	8.880000e+01	0.000000e+00	0.000000e+00	0.000000e+00
8.880000e+01	9.120000e+01	0.000000e+00	0.000000e+00	0.000000e+00
9.120000e+01	9.360000e+01	0.000000e+00	0.000000e+00	0.000000e+00
9.360000e+01	9.600000e+01	0.000000e+00	0.000000e+00	0.000000e+00
9.600000e+01	9.840000e+01	0.000000e+00	0.000000e+00	0.000000e+00
9.840000e+01	1.008000e+02	0.000000e+00	0.000000e+00	0.000000e+00
1.008000e+02	1.032000e+02	0.000000e+00	0.000000e+00	0.000000e+00
1.032000e+02	1.056000e+02	0.000000e+00	0.000000e+00	0.000000e+00
1.056000e+02	1.080000e+02	5.123533e-07	5.123531e-07	5.123531e-07
1.080000e+02	1.104000e+02	1.024706e-06	7.245767e-07	7.245767e-07
1.104000e+02	1.128000e+02	1.024706e-06	7.245767e-07	7.245767e-07
1.128000e+02	1.152000e+02	1.024706e-06	7.245767e-07	7.245767e-07
1.152000e+02	1.176000e+02	5.806729e-06	1.690691e-06	1.690691e-06
1.176000e+02	1.200000e+02	1.470464e-05	2.670201e-06	2.670201e-06
1.200000e+02	1.224000e+02	5.114829e-05	4.976336e-06	4.976336e-06
1.224000e+02	1.248000e+02	1.266010e-03	2.480338e-05	2.480338e-05
1.248000e+02	1.272000e+02	4.152581e-01	4.493398e-04	4.493398e-04
1.272000e+02	1.296000e+02	4.966213e-05	4.900101e-06	4.900101e-06
1.296000e+02	1.320000e+02	1.508284e-05	2.696474e-06	2.696474e-06
1.320000e+02	1.344000e+02	2.049412e-06	1.024706e-06	1.024706e-06
1.344000e+02	1.368000e+02	0.000000e+00	0.000000e+00	0.000000e+00
1.368000e+02	1.392000e+02	0.000000e+00	0.000000e+00	0.000000e+00
1.392000e+02	1.416000e+02	5.123533e-07	5.123531e-07	5.123531e-07
1.416000e+02	1.440000e+02	0.000000e+00	0.000000e+00	0.000000e+00
1.440000e+02	1.464000e+02	0.000000e+00	0.000000e+00	0.000000e+00
1.464000e+02	1.488000e+02	0.000000e+00	0.000000e+00	0.000000e+00
1.488000e+02	1.512000e+02	0.000000e+00	0.000000e+00	0.000000e+00
1.512000e+02	1.536000e+02	0.000000e+00	0.000000e+00	0.000000e+00
1.536000e+02	1.560000e+02	0.000000e+00	0.000000e+00	0.000000e+00
1.560000e+02	1.584000e+02	0.000000e+00	0.000000e+00	0.000000e+00
1.584000e+02	1.608000e+02	0.000000e+00	0.000000e+00	0.000000e+00
1.608000e+02	1.632000e+02	0.000000e+00	0.000000e+00	0.000000e+00
1.632000e+02	1.656000e+02	0.000000e+00	0.000000e+00	0.000000e+00
1.656000e+02	1.680000e+02	0.000000e+00	0.000000e+00	0.000000e+00
1.680000e+02	1.704000e+02	0.000000e+00	0.000000e+00	0.000000e+00
1.704000e+02	1.728000e+02	0.000000e+00	0.000000e+00	0.000000e+00
1.728000e+02	1.752000e+02	0.000000e+00	0.000000e+00	0.000000e+00
1.752000e+02	1.776000e+02	0.000000e+00	0.000000e+00	0.000000e+00
1.776000e+02	1.800000e+02	0.000000e+00	0.000000e+00	0.000000e+00
1.800000e+02	1.824000e+02	0.000000e+00	0.000000e+00	0.000000e+00
1.824000e+02	1.848000e+02	0.000000e+00	0.000000e+00	0.000000e+00
1.848000e+02	1.872000e+02	0.000000e+00	0.000000e+00	0.000000e+00
1.872000e+02	1.896000e+02	0.000000e+00	0.000000e+00	0.000000e+00
1.896000e+02	1.920000e+02	0.000000e+00	0.000000e+00	0.000000e+00
1.920000e+02	1.944000e+02	0.000000e+00	0.000000e+00	0.000000e+00
1.944000e+02	1.968000e+02	0.000000e+00	0.000000e+00	0.000000e+00
1.968000e+02	1.992000e+02	0.000000e+00	0.000000e+00	0.000000e+00
1.992000e+02	2.016000e+02	0.000000e+00	0.000000e+00	0.000000e+00
2.016000e+02	2.040000e+02	0.000000e+00	0.000000e+00	0.000000e+00
2.040000e+02	2.064000e+02	0.000000e+00	0.000000e+00	0.000000e+00
2.064000e+02	2.088000e+02	0.000000e+00	0.000000e+00	0.000000e+00
2.088000e+02	2.112000e+02	0.000000e+00	0.000000e+00	0.000000e+00
2.112000e+02	2.136000e+02	0.000000e+00	0.000000e+00	0.000000e+00
2.136000e+02	2.160000e+02	0.000000e+00	0.000000e+00	0.000000e+00
2.160000e+02	2.184000e+02	0.000000e+00	0.000000e+00	0.000000e+00
2.184000e+02	2.208000e+02	0.000000e+00	0.000000e+00	0.000000e+00
2.208000e+02	2.232000e+02	0.000000e+00	0.000000e+00	0.000000e+00
2.232000e+02	2.256000e+02	0.000000e+00	0.000000e+00	0.000000e+00
2.256000e+02	2.280000e+02	0.000000e+00	0.000000e+00	0.000000e+00
2.280000e+02	2.304000e+02	0.000000e+00	0.000000e+00	0.000000e+00
2.304000e+02	2.328000e+02	0.000000e+00	0.000000e+00	0.000000e+00
2.328000e+02	2.352000e+02	0.000000e+00	0.000000e+00	0.000000e+00
2.352000e+02	2.376000e+02	0.000000e+00	0.000000e+00	0.000000e+00
2.376000e+02	2.400000e+02	0.000000e+00	0.000000e+00	0.000000e+00
# END HISTO1D


# BEGIN HISTO1D //mt/home/mbridge/Work/MyHiggsstrahlungV2/tmp/Analysisbg.yoda/MyHAnalysis/H_massAdd
LineColor=blue
LineStyle=solid
Path=//mt/home/mbridge/Work/MyHiggsstrahlungV2/tmp/Analysisbg.yoda/MyHAnalysis/H_massAdd
ScaledBy=1.88372675977284935e-04
Title=Analysisbg
# xlow	 xhigh	 val	 errminus	 errplus
0.000000e+00	2.400000e+00	0.000000e+00	0.000000e+00	0.000000e+00
2.400000e+00	4.800000e+00	0.000000e+00	0.000000e+00	0.000000e+00
4.800000e+00	7.200000e+00	0.000000e+00	0.000000e+00	0.000000e+00
7.200000e+00	9.600000e+00	0.000000e+00	0.000000e+00	0.000000e+00
9.600000e+00	1.200000e+01	0.000000e+00	0.000000e+00	0.000000e+00
1.200000e+01	1.440000e+01	0.000000e+00	0.000000e+00	0.000000e+00
1.440000e+01	1.680000e+01	0.000000e+00	0.000000e+00	0.000000e+00
1.680000e+01	1.920000e+01	0.000000e+00	0.000000e+00	0.000000e+00
1.920000e+01	2.160000e+01	0.000000e+00	0.000000e+00	0.000000e+00
2.160000e+01	2.400000e+01	0.000000e+00	0.000000e+00	0.000000e+00
2.400000e+01	2.640000e+01	0.000000e+00	0.000000e+00	0.000000e+00
2.640000e+01	2.880000e+01	0.000000e+00	0.000000e+00	0.000000e+00
2.880000e+01	3.120000e+01	0.000000e+00	0.000000e+00	0.000000e+00
3.120000e+01	3.360000e+01	0.000000e+00	0.000000e+00	0.000000e+00
3.360000e+01	3.600000e+01	0.000000e+00	0.000000e+00	0.000000e+00
3.600000e+01	3.840000e+01	0.000000e+00	0.000000e+00	0.000000e+00
3.840000e+01	4.080000e+01	0.000000e+00	0.000000e+00	0.000000e+00
4.080000e+01	4.320000e+01	0.000000e+00	0.000000e+00	0.000000e+00
4.320000e+01	4.560000e+01	0.000000e+00	0.000000e+00	0.000000e+00
4.560000e+01	4.800000e+01	0.000000e+00	0.000000e+00	0.000000e+00
4.800000e+01	5.040000e+01	0.000000e+00	0.000000e+00	0.000000e+00
5.040000e+01	5.280000e+01	0.000000e+00	0.000000e+00	0.000000e+00
5.280000e+01	5.520000e+01	0.000000e+00	0.000000e+00	0.000000e+00
5.520000e+01	5.760000e+01	0.000000e+00	0.000000e+00	0.000000e+00
5.760000e+01	6.000000e+01	0.000000e+00	0.000000e+00	0.000000e+00
6.000000e+01	6.240000e+01	0.000000e+00	0.000000e+00	0.000000e+00
6.240000e+01	6.480000e+01	0.000000e+00	0.000000e+00	0.000000e+00
6.480000e+01	6.720000e+01	0.000000e+00	0.000000e+00	0.000000e+00
6.720000e+01	6.960000e+01	0.000000e+00	0.000000e+00	0.000000e+00
6.960000e+01	7.200000e+01	0.000000e+00	0.000000e+00	0.000000e+00
7.200000e+01	7.440000e+01	0.000000e+00	0.000000e+00	0.000000e+00
7.440000e+01	7.680000e+01	0.000000e+00	0.000000e+00	0.000000e+00
7.680000e+01	7.920000e+01	0.000000e+00	0.000000e+00	0.000000e+00
7.920000e+01	8.160000e+01	0.000000e+00	0.000000e+00	0.000000e+00
8.160000e+01	8.400000e+01	0.000000e+00	0.000000e+00	0.000000e+00
8.400000e+01	8.640000e+01	0.000000e+00	0.000000e+00	0.000000e+00
8.640000e+01	8.880000e+01	0.000000e+00	0.000000e+00	0.000000e+00
8.880000e+01	9.120000e+01	0.000000e+00	0.000000e+00	0.000000e+00
9.120000e+01	9.360000e+01	4.768183e-07	4.768182e-07	4.768182e-07
9.360000e+01	9.600000e+01	0.000000e+00	0.000000e+00	0.000000e+00
9.600000e+01	9.840000e+01	0.000000e+00	0.000000e+00	0.000000e+00
9.840000e+01	1.008000e+02	0.000000e+00	0.000000e+00	0.000000e+00
1.008000e+02	1.032000e+02	0.000000e+00	0.000000e+00	0.000000e+00
1.032000e+02	1.056000e+02	0.000000e+00	0.000000e+00	0.000000e+00
1.056000e+02	1.080000e+02	0.000000e+00	0.000000e+00	0.000000e+00
1.080000e+02	1.104000e+02	5.244658e-07	5.244660e-07	5.244660e-07
1.104000e+02	1.128000e+02	0.000000e+00	0.000000e+00	0.000000e+00
1.128000e+02	1.152000e+02	9.536362e-07	6.743227e-07	6.743227e-07
1.152000e+02	1.176000e+02	5.721817e-06	1.651746e-06	1.651746e-06
1.176000e+02	1.200000e+02	1.001385e-05	2.185200e-06	2.185200e-06
1.200000e+02	1.224000e+02	5.197317e-05	4.978128e-06	4.978128e-06
1.224000e+02	1.248000e+02	1.321783e-03	2.510519e-05	2.510519e-05
1.248000e+02	1.272000e+02	4.151980e-01	4.449489e-04	4.449489e-04
1.272000e+02	1.296000e+02	6.198638e-05	5.436563e-06	5.436563e-06
1.296000e+02	1.320000e+02	1.192045e-05	2.384091e-06	2.384091e-06
1.320000e+02	1.344000e+02	1.907272e-06	9.536362e-07	9.536362e-07
1.344000e+02	1.368000e+02	1.430455e-06	8.258733e-07	8.258733e-07
1.368000e+02	1.392000e+02	0.000000e+00	0.000000e+00	0.000000e+00
1.392000e+02	1.416000e+02	0.000000e+00	0.000000e+00	0.000000e+00
1.416000e+02	1.440000e+02	0.000000e+00	0.000000e+00	0.000000e+00
1.440000e+02	1.464000e+02	0.000000e+00	0.000000e+00	0.000000e+00
1.464000e+02	1.488000e+02	0.000000e+00	0.000000e+00	0.000000e+00
1.488000e+02	1.512000e+02	0.000000e+00	0.000000e+00	0.000000e+00
1.512000e+02	1.536000e+02	0.000000e+00	0.000000e+00	0.000000e+00
1.536000e+02	1.560000e+02	0.000000e+00	0.000000e+00	0.000000e+00
1.560000e+02	1.584000e+02	0.000000e+00	0.000000e+00	0.000000e+00
1.584000e+02	1.608000e+02	0.000000e+00	0.000000e+00	0.000000e+00
1.608000e+02	1.632000e+02	0.000000e+00	0.000000e+00	0.000000e+00
1.632000e+02	1.656000e+02	0.000000e+00	0.000000e+00	0.000000e+00
1.656000e+02	1.680000e+02	0.000000e+00	0.000000e+00	0.000000e+00
1.680000e+02	1.704000e+02	0.000000e+00	0.000000e+00	0.000000e+00
1.704000e+02	1.728000e+02	0.000000e+00	0.000000e+00	0.000000e+00
1.728000e+02	1.752000e+02	0.000000e+00	0.000000e+00	0.000000e+00
1.752000e+02	1.776000e+02	0.000000e+00	0.000000e+00	0.000000e+00
1.776000e+02	1.800000e+02	0.000000e+00	0.000000e+00	0.000000e+00
1.800000e+02	1.824000e+02	0.000000e+00	0.000000e+00	0.000000e+00
1.824000e+02	1.848000e+02	0.000000e+00	0.000000e+00	0.000000e+00
1.848000e+02	1.872000e+02	0.000000e+00	0.000000e+00	0.000000e+00
1.872000e+02	1.896000e+02	0.000000e+00	0.000000e+00	0.000000e+00
1.896000e+02	1.920000e+02	0.000000e+00	0.000000e+00	0.000000e+00
1.920000e+02	1.944000e+02	0.000000e+00	0.000000e+00	0.000000e+00
1.944000e+02	1.968000e+02	0.000000e+00	0.000000e+00	0.000000e+00
1.968000e+02	1.992000e+02	0.000000e+00	0.000000e+00	0.000000e+00
1.992000e+02	2.016000e+02	0.000000e+00	0.000000e+00	0.000000e+00
2.016000e+02	2.040000e+02	0.000000e+00	0.000000e+00	0.000000e+00
2.040000e+02	2.064000e+02	0.000000e+00	0.000000e+00	0.000000e+00
2.064000e+02	2.088000e+02	0.000000e+00	0.000000e+00	0.000000e+00
2.088000e+02	2.112000e+02	0.000000e+00	0.000000e+00	0.000000e+00
2.112000e+02	2.136000e+02	0.000000e+00	0.000000e+00	0.000000e+00
2.136000e+02	2.160000e+02	0.000000e+00	0.000000e+00	0.000000e+00
2.160000e+02	2.184000e+02	0.000000e+00	0.000000e+00	0.000000e+00
2.184000e+02	2.208000e+02	0.000000e+00	0.000000e+00	0.000000e+00
2.208000e+02	2.232000e+02	0.000000e+00	0.000000e+00	0.000000e+00
2.232000e+02	2.256000e+02	0.000000e+00	0.000000e+00	0.000000e+00
2.256000e+02	2.280000e+02	0.000000e+00	0.000000e+00	0.000000e+00
2.280000e+02	2.304000e+02	0.000000e+00	0.000000e+00	0.000000e+00
2.304000e+02	2.328000e+02	0.000000e+00	0.000000e+00	0.000000e+00
2.328000e+02	2.352000e+02	0.000000e+00	0.000000e+00	0.000000e+00
2.352000e+02	2.376000e+02	0.000000e+00	0.000000e+00	0.000000e+00
2.376000e+02	2.400000e+02	0.000000e+00	0.000000e+00	0.000000e+00
# END HISTO1D


# BEGIN HISTO1D //mt/home/mbridge/Work/MyHiggsstrahlungV2/tmp/Analysisb.yoda/MyHAnalysis/H_massAdd
LineColor=green
LineStyle=solid
Path=//mt/home/mbridge/Work/MyHiggsstrahlungV2/tmp/Analysisb.yoda/MyHAnalysis/H_massAdd
ScaledBy=2.16109940687767943e-04
Title=Analysisb
# xlow	 xhigh	 val	 errminus	 errplus
0.000000e+00	2.400000e+00	0.000000e+00	0.000000e+00	0.000000e+00
2.400000e+00	4.800000e+00	0.000000e+00	0.000000e+00	0.000000e+00
4.800000e+00	7.200000e+00	0.000000e+00	0.000000e+00	0.000000e+00
7.200000e+00	9.600000e+00	0.000000e+00	0.000000e+00	0.000000e+00
9.600000e+00	1.200000e+01	0.000000e+00	0.000000e+00	0.000000e+00
1.200000e+01	1.440000e+01	0.000000e+00	0.000000e+00	0.000000e+00
1.440000e+01	1.680000e+01	0.000000e+00	0.000000e+00	0.000000e+00
1.680000e+01	1.920000e+01	0.000000e+00	0.000000e+00	0.000000e+00
1.920000e+01	2.160000e+01	0.000000e+00	0.000000e+00	0.000000e+00
2.160000e+01	2.400000e+01	0.000000e+00	0.000000e+00	0.000000e+00
2.400000e+01	2.640000e+01	0.000000e+00	0.000000e+00	0.000000e+00
2.640000e+01	2.880000e+01	0.000000e+00	0.000000e+00	0.000000e+00
2.880000e+01	3.120000e+01	0.000000e+00	0.000000e+00	0.000000e+00
3.120000e+01	3.360000e+01	0.000000e+00	0.000000e+00	0.000000e+00
3.360000e+01	3.600000e+01	0.000000e+00	0.000000e+00	0.000000e+00
3.600000e+01	3.840000e+01	0.000000e+00	0.000000e+00	0.000000e+00
3.840000e+01	4.080000e+01	0.000000e+00	0.000000e+00	0.000000e+00
4.080000e+01	4.320000e+01	0.000000e+00	0.000000e+00	0.000000e+00
4.320000e+01	4.560000e+01	0.000000e+00	0.000000e+00	0.000000e+00
4.560000e+01	4.800000e+01	0.000000e+00	0.000000e+00	0.000000e+00
4.800000e+01	5.040000e+01	0.000000e+00	0.000000e+00	0.000000e+00
5.040000e+01	5.280000e+01	0.000000e+00	0.000000e+00	0.000000e+00
5.280000e+01	5.520000e+01	0.000000e+00	0.000000e+00	0.000000e+00
5.520000e+01	5.760000e+01	0.000000e+00	0.000000e+00	0.000000e+00
5.760000e+01	6.000000e+01	0.000000e+00	0.000000e+00	0.000000e+00
6.000000e+01	6.240000e+01	0.000000e+00	0.000000e+00	0.000000e+00
6.240000e+01	6.480000e+01	0.000000e+00	0.000000e+00	0.000000e+00
6.480000e+01	6.720000e+01	0.000000e+00	0.000000e+00	0.000000e+00
6.720000e+01	6.960000e+01	0.000000e+00	0.000000e+00	0.000000e+00
6.960000e+01	7.200000e+01	0.000000e+00	0.000000e+00	0.000000e+00
7.200000e+01	7.440000e+01	0.000000e+00	0.000000e+00	0.000000e+00
7.440000e+01	7.680000e+01	0.000000e+00	0.000000e+00	0.000000e+00
7.680000e+01	7.920000e+01	0.000000e+00	0.000000e+00	0.000000e+00
7.920000e+01	8.160000e+01	0.000000e+00	0.000000e+00	0.000000e+00
8.160000e+01	8.400000e+01	0.000000e+00	0.000000e+00	0.000000e+00
8.400000e+01	8.640000e+01	0.000000e+00	0.000000e+00	0.000000e+00
8.640000e+01	8.880000e+01	0.000000e+00	0.000000e+00	0.000000e+00
8.880000e+01	9.120000e+01	0.000000e+00	0.000000e+00	0.000000e+00
9.120000e+01	9.360000e+01	0.000000e+00	0.000000e+00	0.000000e+00
9.360000e+01	9.600000e+01	0.000000e+00	0.000000e+00	0.000000e+00
9.600000e+01	9.840000e+01	0.000000e+00	0.000000e+00	0.000000e+00
9.840000e+01	1.008000e+02	0.000000e+00	0.000000e+00	0.000000e+00
1.008000e+02	1.032000e+02	0.000000e+00	0.000000e+00	0.000000e+00
1.032000e+02	1.056000e+02	0.000000e+00	0.000000e+00	0.000000e+00
1.056000e+02	1.080000e+02	4.837650e-07	4.837651e-07	4.837651e-07
1.080000e+02	1.104000e+02	0.000000e+00	0.000000e+00	0.000000e+00
1.104000e+02	1.128000e+02	4.762933e-07	4.762934e-07	4.762934e-07
1.128000e+02	1.152000e+02	0.000000e+00	0.000000e+00	0.000000e+00
1.152000e+02	1.176000e+02	3.810348e-06	1.347161e-06	1.347161e-06
1.176000e+02	1.200000e+02	1.667027e-05	2.817790e-06	2.817790e-06
1.200000e+02	1.224000e+02	5.001079e-05	4.880556e-06	4.880556e-06
1.224000e+02	1.248000e+02	1.299860e-03	2.488256e-05	2.488256e-05
1.248000e+02	1.272000e+02	4.152163e-01	4.447137e-04	4.447137e-04
1.272000e+02	1.296000e+02	5.953667e-05	5.325122e-06	5.325122e-06
1.296000e+02	1.320000e+02	1.285992e-05	2.474893e-06	2.474893e-06
1.320000e+02	1.344000e+02	5.239229e-06	1.579687e-06	1.579687e-06
1.344000e+02	1.368000e+02	9.525867e-07	6.735806e-07	6.735806e-07
1.368000e+02	1.392000e+02	0.000000e+00	0.000000e+00	0.000000e+00
1.392000e+02	1.416000e+02	4.762933e-07	4.762934e-07	4.762934e-07
1.416000e+02	1.440000e+02	0.000000e+00	0.000000e+00	0.000000e+00
1.440000e+02	1.464000e+02	0.000000e+00	0.000000e+00	0.000000e+00
1.464000e+02	1.488000e+02	0.000000e+00	0.000000e+00	0.000000e+00
1.488000e+02	1.512000e+02	0.000000e+00	0.000000e+00	0.000000e+00
1.512000e+02	1.536000e+02	0.000000e+00	0.000000e+00	0.000000e+00
1.536000e+02	1.560000e+02	0.000000e+00	0.000000e+00	0.000000e+00
1.560000e+02	1.584000e+02	0.000000e+00	0.000000e+00	0.000000e+00
1.584000e+02	1.608000e+02	0.000000e+00	0.000000e+00	0.000000e+00
1.608000e+02	1.632000e+02	0.000000e+00	0.000000e+00	0.000000e+00
1.632000e+02	1.656000e+02	0.000000e+00	0.000000e+00	0.000000e+00
1.656000e+02	1.680000e+02	0.000000e+00	0.000000e+00	0.000000e+00
1.680000e+02	1.704000e+02	0.000000e+00	0.000000e+00	0.000000e+00
1.704000e+02	1.728000e+02	0.000000e+00	0.000000e+00	0.000000e+00
1.728000e+02	1.752000e+02	0.000000e+00	0.000000e+00	0.000000e+00
1.752000e+02	1.776000e+02	0.000000e+00	0.000000e+00	0.000000e+00
1.776000e+02	1.800000e+02	0.000000e+00	0.000000e+00	0.000000e+00
1.800000e+02	1.824000e+02	0.000000e+00	0.000000e+00	0.000000e+00
1.824000e+02	1.848000e+02	0.000000e+00	0.000000e+00	0.000000e+00
1.848000e+02	1.872000e+02	0.000000e+00	0.000000e+00	0.000000e+00
1.872000e+02	1.896000e+02	0.000000e+00	0.000000e+00	0.000000e+00
1.896000e+02	1.920000e+02	0.000000e+00	0.000000e+00	0.000000e+00
1.920000e+02	1.944000e+02	0.000000e+00	0.000000e+00	0.000000e+00
1.944000e+02	1.968000e+02	0.000000e+00	0.000000e+00	0.000000e+00
1.968000e+02	1.992000e+02	0.000000e+00	0.000000e+00	0.000000e+00
1.992000e+02	2.016000e+02	0.000000e+00	0.000000e+00	0.000000e+00
2.016000e+02	2.040000e+02	0.000000e+00	0.000000e+00	0.000000e+00
2.040000e+02	2.064000e+02	0.000000e+00	0.000000e+00	0.000000e+00
2.064000e+02	2.088000e+02	0.000000e+00	0.000000e+00	0.000000e+00
2.088000e+02	2.112000e+02	0.000000e+00	0.000000e+00	0.000000e+00
2.112000e+02	2.136000e+02	0.000000e+00	0.000000e+00	0.000000e+00
2.136000e+02	2.160000e+02	0.000000e+00	0.000000e+00	0.000000e+00
2.160000e+02	2.184000e+02	0.000000e+00	0.000000e+00	0.000000e+00
2.184000e+02	2.208000e+02	0.000000e+00	0.000000e+00	0.000000e+00
2.208000e+02	2.232000e+02	0.000000e+00	0.000000e+00	0.000000e+00
2.232000e+02	2.256000e+02	0.000000e+00	0.000000e+00	0.000000e+00
2.256000e+02	2.280000e+02	0.000000e+00	0.000000e+00	0.000000e+00
2.280000e+02	2.304000e+02	0.000000e+00	0.000000e+00	0.000000e+00
2.304000e+02	2.328000e+02	0.000000e+00	0.000000e+00	0.000000e+00
2.328000e+02	2.352000e+02	0.000000e+00	0.000000e+00	0.000000e+00
2.352000e+02	2.376000e+02	0.000000e+00	0.000000e+00	0.000000e+00
2.376000e+02	2.400000e+02	0.000000e+00	0.000000e+00	0.000000e+00
# END HISTO1D

