# BEGIN PLOT
Legend=1
LogY=1
DrawOnly=//mt/home/mbridge/Work/MyHiggsstrahlungV2/tmp/Analysisbgwzc.yoda/MyHAnalysis/H_T //mt/home/mbridge/Work/MyHiggsstrahlungV2/tmp/Analysisbg.yoda/MyHAnalysis/H_T //mt/home/mbridge/Work/MyHiggsstrahlungV2/tmp/Analysisb.yoda/MyHAnalysis/H_T
LegendOnly=//mt/home/mbridge/Work/MyHiggsstrahlungV2/tmp/Analysisbgwzc.yoda/MyHAnalysis/H_T //mt/home/mbridge/Work/MyHiggsstrahlungV2/tmp/Analysisbg.yoda/MyHAnalysis/H_T //mt/home/mbridge/Work/MyHiggsstrahlungV2/tmp/Analysisb.yoda/MyHAnalysis/H_T
RatioPlot=1
RatioPlotReference=//mt/home/mbridge/Work/MyHiggsstrahlungV2/tmp/Analysisbgwzc.yoda/MyHAnalysis/H_T
RatioPlotYLabel=Ratio
# END PLOT

# BEGIN HISTO1D //mt/home/mbridge/Work/MyHiggsstrahlungV2/tmp/Analysisbgwzc.yoda/MyHAnalysis/H_T
LineColor=red
LineStyle=solid
Path=//mt/home/mbridge/Work/MyHiggsstrahlungV2/tmp/Analysisbgwzc.yoda/MyHAnalysis/H_T
ScaledBy=1.32114932525548496e-04
Title=Analysisbgwzc
# xlow	 xhigh	 val	 errminus	 errplus
5.000000e-01	5.050000e-01	0.000000e+00	0.000000e+00	0.000000e+00
5.050000e-01	5.100000e-01	0.000000e+00	0.000000e+00	0.000000e+00
5.100000e-01	5.150000e-01	0.000000e+00	0.000000e+00	0.000000e+00
5.150000e-01	5.200000e-01	0.000000e+00	0.000000e+00	0.000000e+00
5.200000e-01	5.250000e-01	0.000000e+00	0.000000e+00	0.000000e+00
5.250000e-01	5.300000e-01	0.000000e+00	0.000000e+00	0.000000e+00
5.300000e-01	5.350000e-01	1.426278e-04	1.426278e-04	1.426278e-04
5.350000e-01	5.400000e-01	0.000000e+00	0.000000e+00	0.000000e+00
5.400000e-01	5.450000e-01	2.852556e-04	2.017062e-04	2.017062e-04
5.450000e-01	5.500000e-01	1.426278e-04	1.426278e-04	1.426278e-04
5.500000e-01	5.550000e-01	0.000000e+00	0.000000e+00	0.000000e+00
5.550000e-01	5.600000e-01	4.334760e-04	2.503092e-04	2.503092e-04
5.600000e-01	5.650000e-01	5.705114e-04	2.852557e-04	2.852557e-04
5.650000e-01	5.700000e-01	5.816964e-04	2.909020e-04	2.909020e-04
5.700000e-01	5.750000e-01	1.859681e-03	5.719078e-04	5.719078e-04
5.750000e-01	5.800000e-01	2.935000e-03	6.826610e-04	6.826610e-04
5.800000e-01	5.850000e-01	3.955766e-03	7.841755e-04	7.841755e-04
5.850000e-01	5.900000e-01	5.173676e-03	8.970619e-04	8.970619e-04
5.900000e-01	5.950000e-01	5.107974e-03	8.837002e-04	8.837002e-04
5.950000e-01	6.000000e-01	8.870632e-03	1.217731e-03	1.217731e-03
6.000000e-01	6.050000e-01	1.032487e-02	1.301702e-03	1.301702e-03
6.050000e-01	6.100000e-01	1.763291e-02	1.683249e-03	1.683249e-03
6.100000e-01	6.150000e-01	1.799593e-02	1.692962e-03	1.692962e-03
6.150000e-01	6.200000e-01	2.290476e-02	1.956658e-03	1.956658e-03
6.200000e-01	6.250000e-01	3.636218e-02	2.442185e-03	2.442185e-03
6.250000e-01	6.300000e-01	4.219996e-02	2.635011e-03	2.635011e-03
6.300000e-01	6.350000e-01	5.562000e-02	3.073235e-03	3.073235e-03
6.350000e-01	6.400000e-01	6.193808e-02	3.216657e-03	3.216657e-03
6.400000e-01	6.450000e-01	7.168638e-02	3.484355e-03	3.484355e-03
6.450000e-01	6.500000e-01	9.975574e-02	4.147100e-03	4.147100e-03
6.500000e-01	6.550000e-01	1.101640e-01	4.328831e-03	4.328831e-03
6.550000e-01	6.600000e-01	1.292690e-01	4.662326e-03	4.662326e-03
6.600000e-01	6.650000e-01	1.565846e-01	5.183091e-03	5.183091e-03
6.650000e-01	6.700000e-01	1.840422e-01	5.595132e-03	5.595132e-03
6.700000e-01	6.750000e-01	2.091478e-01	6.003846e-03	6.003846e-03
6.750000e-01	6.800000e-01	2.449298e-01	6.456197e-03	6.456197e-03
6.800000e-01	6.850000e-01	2.776790e-01	6.871352e-03	6.871352e-03
6.850000e-01	6.900000e-01	3.027052e-01	7.174315e-03	7.174315e-03
6.900000e-01	6.950000e-01	3.510414e-01	7.726293e-03	7.726293e-03
6.950000e-01	7.000000e-01	3.818548e-01	7.996172e-03	7.996172e-03
7.000000e-01	7.050000e-01	4.295050e-01	8.521711e-03	8.521711e-03
7.050000e-01	7.100000e-01	4.642590e-01	8.821628e-03	8.821628e-03
7.100000e-01	7.150000e-01	5.079738e-01	9.222718e-03	9.222718e-03
7.150000e-01	7.200000e-01	5.349728e-01	9.431119e-03	9.431119e-03
7.200000e-01	7.250000e-01	5.628708e-01	9.696269e-03	9.696269e-03
7.250000e-01	7.300000e-01	6.205178e-01	1.018991e-02	1.018991e-02
7.300000e-01	7.350000e-01	6.673092e-01	1.056290e-02	1.056290e-02
7.350000e-01	7.400000e-01	7.039362e-01	1.088093e-02	1.088093e-02
7.400000e-01	7.450000e-01	7.244026e-01	1.103206e-02	1.103206e-02
7.450000e-01	7.500000e-01	7.774196e-01	1.144357e-02	1.144357e-02
7.500000e-01	7.550000e-01	8.450776e-01	1.191895e-02	1.191895e-02
7.550000e-01	7.600000e-01	8.736968e-01	1.213335e-02	1.213335e-02
7.600000e-01	7.650000e-01	9.079586e-01	1.238402e-02	1.238402e-02
7.650000e-01	7.700000e-01	9.306358e-01	1.250280e-02	1.250280e-02
7.700000e-01	7.750000e-01	9.854434e-01	1.292768e-02	1.292768e-02
7.750000e-01	7.800000e-01	1.027942e+00	1.317618e-02	1.317618e-02
7.800000e-01	7.850000e-01	1.061821e+00	1.343864e-02	1.343864e-02
7.850000e-01	7.900000e-01	1.126175e+00	1.385352e-02	1.385352e-02
7.900000e-01	7.950000e-01	1.144602e+00	1.399069e-02	1.399069e-02
7.950000e-01	8.000000e-01	1.145988e+00	1.404439e-02	1.404439e-02
8.000000e-01	8.050000e-01	1.222105e+00	1.453448e-02	1.453448e-02
8.050000e-01	8.100000e-01	1.223703e+00	1.461157e-02	1.461157e-02
8.100000e-01	8.150000e-01	1.279388e+00	1.491298e-02	1.491298e-02
8.150000e-01	8.200000e-01	1.288304e+00	1.504189e-02	1.504189e-02
8.200000e-01	8.250000e-01	1.358986e+00	1.547980e-02	1.547980e-02
8.250000e-01	8.300000e-01	1.373318e+00	1.561137e-02	1.561137e-02
8.300000e-01	8.350000e-01	1.416758e+00	1.593778e-02	1.593778e-02
8.350000e-01	8.400000e-01	1.433053e+00	1.609413e-02	1.609413e-02
8.400000e-01	8.450000e-01	1.473629e+00	1.635370e-02	1.635370e-02
8.450000e-01	8.500000e-01	1.519047e+00	1.669840e-02	1.669840e-02
8.500000e-01	8.550000e-01	1.543864e+00	1.689595e-02	1.689595e-02
8.550000e-01	8.600000e-01	1.567648e+00	1.708845e-02	1.708845e-02
8.600000e-01	8.650000e-01	1.622201e+00	1.745467e-02	1.745467e-02
8.650000e-01	8.700000e-01	1.654808e+00	1.770662e-02	1.770662e-02
8.700000e-01	8.750000e-01	1.712966e+00	1.811563e-02	1.811563e-02
8.750000e-01	8.800000e-01	1.798231e+00	1.863886e-02	1.863886e-02
8.800000e-01	8.850000e-01	1.831894e+00	1.887034e-02	1.887034e-02
8.850000e-01	8.900000e-01	1.909463e+00	1.936833e-02	1.936833e-02
8.900000e-01	8.950000e-01	2.020554e+00	2.000339e-02	2.000339e-02
8.950000e-01	9.000000e-01	2.148324e+00	2.074023e-02	2.074023e-02
9.000000e-01	9.050000e-01	2.234812e+00	2.120669e-02	2.120669e-02
9.050000e-01	9.100000e-01	2.337644e+00	2.179334e-02	2.179334e-02
9.100000e-01	9.150000e-01	2.484312e+00	2.254067e-02	2.254067e-02
9.150000e-01	9.200000e-01	2.674564e+00	2.348809e-02	2.348809e-02
9.200000e-01	9.250000e-01	2.852254e+00	2.434293e-02	2.434293e-02
9.250000e-01	9.300000e-01	3.096626e+00	2.542766e-02	2.542766e-02
9.300000e-01	9.350000e-01	3.362262e+00	2.657463e-02	2.657463e-02
9.350000e-01	9.400000e-01	3.731688e+00	2.805609e-02	2.805609e-02
9.400000e-01	9.450000e-01	4.173678e+00	2.974310e-02	2.974310e-02
9.450000e-01	9.500000e-01	4.749384e+00	3.177332e-02	3.177332e-02
9.500000e-01	9.550000e-01	5.365944e+00	3.380606e-02	3.380606e-02
9.550000e-01	9.600000e-01	6.247784e+00	3.650762e-02	3.650762e-02
9.600000e-01	9.650000e-01	7.420122e+00	3.981006e-02	3.981006e-02
9.650000e-01	9.700000e-01	8.888390e+00	4.358946e-02	4.358946e-02
9.700000e-01	9.750000e-01	1.098417e+01	4.846681e-02	4.846681e-02
9.750000e-01	9.800000e-01	1.309938e+01	5.293342e-02	5.293342e-02
9.800000e-01	9.850000e-01	1.456434e+01	5.581664e-02	5.581664e-02
9.850000e-01	9.900000e-01	1.416190e+01	5.504142e-02	5.504142e-02
9.900000e-01	9.950000e-01	1.056881e+01	4.754957e-02	4.754957e-02
9.950000e-01	1.000000e+00	7.185158e-01	1.239763e-02	1.239763e-02
# END HISTO1D


# BEGIN HISTO1D //mt/home/mbridge/Work/MyHiggsstrahlungV2/tmp/Analysisbg.yoda/MyHAnalysis/H_T
LineColor=blue
LineStyle=solid
Path=//mt/home/mbridge/Work/MyHiggsstrahlungV2/tmp/Analysisbg.yoda/MyHAnalysis/H_T
ScaledBy=1.32166279214111814e-04
Title=Analysisbg
# xlow	 xhigh	 val	 errminus	 errplus
5.000000e-01	5.050000e-01	0.000000e+00	0.000000e+00	0.000000e+00
5.050000e-01	5.100000e-01	0.000000e+00	0.000000e+00	0.000000e+00
5.100000e-01	5.150000e-01	0.000000e+00	0.000000e+00	0.000000e+00
5.150000e-01	5.200000e-01	0.000000e+00	0.000000e+00	0.000000e+00
5.200000e-01	5.250000e-01	0.000000e+00	0.000000e+00	0.000000e+00
5.250000e-01	5.300000e-01	0.000000e+00	0.000000e+00	0.000000e+00
5.300000e-01	5.350000e-01	0.000000e+00	0.000000e+00	0.000000e+00
5.350000e-01	5.400000e-01	1.605820e-04	1.605820e-04	1.605820e-04
5.400000e-01	5.450000e-01	0.000000e+00	0.000000e+00	0.000000e+00
5.450000e-01	5.500000e-01	3.211640e-04	2.270972e-04	2.270972e-04
5.500000e-01	5.550000e-01	0.000000e+00	0.000000e+00	0.000000e+00
5.550000e-01	5.600000e-01	1.605820e-04	1.605820e-04	1.605820e-04
5.600000e-01	5.650000e-01	3.211640e-04	2.270972e-04	2.270972e-04
5.650000e-01	5.700000e-01	1.605820e-04	1.605820e-04	1.605820e-04
5.700000e-01	5.750000e-01	1.605820e-04	1.605820e-04	1.605820e-04
5.750000e-01	5.800000e-01	6.423278e-04	3.211639e-04	3.211639e-04
5.800000e-01	5.850000e-01	1.124074e-03	4.248599e-04	4.248599e-04
5.850000e-01	5.900000e-01	1.445238e-03	4.817459e-04	4.817459e-04
5.900000e-01	5.950000e-01	2.408730e-03	6.219313e-04	6.219313e-04
5.950000e-01	6.000000e-01	1.926984e-03	5.562722e-04	5.562722e-04
6.000000e-01	6.050000e-01	3.853968e-03	7.866877e-04	7.866877e-04
6.050000e-01	6.100000e-01	6.102114e-03	9.898937e-04	9.898937e-04
6.100000e-01	6.150000e-01	5.138622e-03	9.083887e-04	9.083887e-04
6.150000e-01	6.200000e-01	5.943672e-03	9.771360e-04	9.771360e-04
6.200000e-01	6.250000e-01	9.153172e-03	1.212367e-03	1.212367e-03
6.250000e-01	6.300000e-01	1.364977e-02	1.480525e-03	1.480525e-03
6.300000e-01	6.350000e-01	1.751265e-02	1.677427e-03	1.677427e-03
6.350000e-01	6.400000e-01	2.103624e-02	1.837945e-03	1.837945e-03
6.400000e-01	6.450000e-01	2.938650e-02	2.172312e-03	2.172312e-03
6.450000e-01	6.500000e-01	3.420474e-02	2.343670e-03	2.343670e-03
6.500000e-01	6.550000e-01	4.239364e-02	2.609148e-03	2.609148e-03
6.550000e-01	6.600000e-01	5.508308e-02	2.974209e-03	2.974209e-03
6.600000e-01	6.650000e-01	6.327632e-02	3.187818e-03	3.187818e-03
6.650000e-01	6.700000e-01	7.306480e-02	3.425330e-03	3.425330e-03
6.700000e-01	6.750000e-01	8.527048e-02	3.700424e-03	3.700424e-03
6.750000e-01	6.800000e-01	8.639544e-02	3.724772e-03	3.724772e-03
6.800000e-01	6.850000e-01	1.016549e-01	4.040422e-03	4.040422e-03
6.850000e-01	6.900000e-01	1.178784e-01	4.350978e-03	4.350978e-03
6.900000e-01	6.950000e-01	1.201181e-01	4.391954e-03	4.391954e-03
6.950000e-01	7.000000e-01	1.271837e-01	4.519278e-03	4.519278e-03
7.000000e-01	7.050000e-01	1.480602e-01	4.876105e-03	4.876105e-03
7.050000e-01	7.100000e-01	1.520747e-01	4.941763e-03	4.941763e-03
7.100000e-01	7.150000e-01	1.687761e-01	5.206065e-03	5.206065e-03
7.150000e-01	7.200000e-01	1.785848e-01	5.355426e-03	5.355426e-03
7.200000e-01	7.250000e-01	1.899765e-01	5.523413e-03	5.523413e-03
7.250000e-01	7.300000e-01	2.029814e-01	5.709300e-03	5.709300e-03
7.300000e-01	7.350000e-01	2.098854e-01	5.805563e-03	5.805563e-03
7.350000e-01	7.400000e-01	2.257890e-01	6.021578e-03	6.021578e-03
7.400000e-01	7.450000e-01	2.481086e-01	6.312158e-03	6.312158e-03
7.450000e-01	7.500000e-01	2.612680e-01	6.477277e-03	6.477277e-03
7.500000e-01	7.550000e-01	2.789384e-01	6.692811e-03	6.692811e-03
7.550000e-01	7.600000e-01	2.831130e-01	6.742700e-03	6.742700e-03
7.600000e-01	7.650000e-01	2.985268e-01	6.923785e-03	6.923785e-03
7.650000e-01	7.700000e-01	3.099360e-01	7.054942e-03	7.054942e-03
7.700000e-01	7.750000e-01	3.494398e-01	7.491059e-03	7.491059e-03
7.750000e-01	7.800000e-01	3.582702e-01	7.585093e-03	7.585093e-03
7.800000e-01	7.850000e-01	3.839554e-01	7.852195e-03	7.852195e-03
7.850000e-01	7.900000e-01	3.974456e-01	7.988957e-03	7.988957e-03
7.900000e-01	7.950000e-01	4.326182e-01	8.335008e-03	8.335008e-03
7.950000e-01	8.000000e-01	4.481940e-01	8.483716e-03	8.483716e-03
8.000000e-01	8.050000e-01	4.798318e-01	8.778066e-03	8.778066e-03
8.050000e-01	8.100000e-01	4.942890e-01	8.909366e-03	8.909366e-03
8.100000e-01	8.150000e-01	5.331528e-01	9.253006e-03	9.253006e-03
8.150000e-01	8.200000e-01	5.768228e-01	9.624415e-03	9.624415e-03
8.200000e-01	8.250000e-01	6.015586e-01	9.828654e-03	9.828654e-03
8.250000e-01	8.300000e-01	6.192108e-01	9.971718e-03	9.971718e-03
8.300000e-01	8.350000e-01	6.682016e-01	1.035878e-02	1.035878e-02
8.350000e-01	8.400000e-01	7.191134e-01	1.074621e-02	1.074621e-02
8.400000e-01	8.450000e-01	7.619750e-01	1.106172e-02	1.106172e-02
8.450000e-01	8.500000e-01	8.376220e-01	1.159790e-02	1.159790e-02
8.500000e-01	8.550000e-01	8.533458e-01	1.170616e-02	1.170616e-02
8.550000e-01	8.600000e-01	9.325414e-01	1.223749e-02	1.223749e-02
8.600000e-01	8.650000e-01	9.832638e-01	1.256574e-02	1.256574e-02
8.650000e-01	8.700000e-01	1.044441e+00	1.295071e-02	1.295071e-02
8.700000e-01	8.750000e-01	1.121696e+00	1.342122e-02	1.342122e-02
8.750000e-01	8.800000e-01	1.181740e+00	1.377566e-02	1.377566e-02
8.800000e-01	8.850000e-01	1.271359e+00	1.428855e-02	1.428855e-02
8.850000e-01	8.900000e-01	1.360329e+00	1.478007e-02	1.478007e-02
8.900000e-01	8.950000e-01	1.516742e+00	1.560669e-02	1.560669e-02
8.950000e-01	9.000000e-01	1.620001e+00	1.612920e-02	1.612920e-02
9.000000e-01	9.050000e-01	1.754726e+00	1.678646e-02	1.678646e-02
9.050000e-01	9.100000e-01	1.912748e+00	1.752604e-02	1.752604e-02
9.100000e-01	9.150000e-01	2.116034e+00	1.843379e-02	1.843379e-02
9.150000e-01	9.200000e-01	2.316456e+00	1.928707e-02	1.928707e-02
9.200000e-01	9.250000e-01	2.511236e+00	2.008154e-02	2.008154e-02
9.250000e-01	9.300000e-01	2.804626e+00	2.122222e-02	2.122222e-02
9.300000e-01	9.350000e-01	3.096578e+00	2.229948e-02	2.229948e-02
9.350000e-01	9.400000e-01	3.439774e+00	2.350283e-02	2.350283e-02
9.400000e-01	9.450000e-01	3.879152e+00	2.495884e-02	2.495884e-02
9.450000e-01	9.500000e-01	4.416758e+00	2.663212e-02	2.663212e-02
9.500000e-01	9.550000e-01	5.075636e+00	2.854953e-02	2.854953e-02
9.550000e-01	9.600000e-01	5.892720e+00	3.076185e-02	3.076185e-02
9.600000e-01	9.650000e-01	7.033672e+00	3.360820e-02	3.360820e-02
9.650000e-01	9.700000e-01	8.482846e+00	3.690847e-02	3.690847e-02
9.700000e-01	9.750000e-01	1.049497e+01	4.105302e-02	4.105302e-02
9.750000e-01	9.800000e-01	1.242355e+01	4.466592e-02	4.466592e-02
9.800000e-01	9.850000e-01	1.371381e+01	4.692824e-02	4.692824e-02
9.850000e-01	9.900000e-01	1.344612e+01	4.646800e-02	4.646800e-02
9.900000e-01	9.950000e-01	1.018999e+01	4.045207e-02	4.045207e-02
9.950000e-01	1.000000e+00	5.925540e-01	9.754718e-03	9.754718e-03
# END HISTO1D


# BEGIN HISTO1D //mt/home/mbridge/Work/MyHiggsstrahlungV2/tmp/Analysisb.yoda/MyHAnalysis/H_T
LineColor=green
LineStyle=solid
Path=//mt/home/mbridge/Work/MyHiggsstrahlungV2/tmp/Analysisb.yoda/MyHAnalysis/H_T
ScaledBy=1.32009660346066717e-04
Title=Analysisb
# xlow	 xhigh	 val	 errminus	 errplus
5.000000e-01	5.050000e-01	0.000000e+00	0.000000e+00	0.000000e+00
5.050000e-01	5.100000e-01	0.000000e+00	0.000000e+00	0.000000e+00
5.100000e-01	5.150000e-01	0.000000e+00	0.000000e+00	0.000000e+00
5.150000e-01	5.200000e-01	0.000000e+00	0.000000e+00	0.000000e+00
5.200000e-01	5.250000e-01	0.000000e+00	0.000000e+00	0.000000e+00
5.250000e-01	5.300000e-01	0.000000e+00	0.000000e+00	0.000000e+00
5.300000e-01	5.350000e-01	0.000000e+00	0.000000e+00	0.000000e+00
5.350000e-01	5.400000e-01	0.000000e+00	0.000000e+00	0.000000e+00
5.400000e-01	5.450000e-01	0.000000e+00	0.000000e+00	0.000000e+00
5.450000e-01	5.500000e-01	0.000000e+00	0.000000e+00	0.000000e+00
5.500000e-01	5.550000e-01	0.000000e+00	0.000000e+00	0.000000e+00
5.550000e-01	5.600000e-01	0.000000e+00	0.000000e+00	0.000000e+00
5.600000e-01	5.650000e-01	0.000000e+00	0.000000e+00	0.000000e+00
5.650000e-01	5.700000e-01	1.396519e-04	1.396519e-04	1.396519e-04
5.700000e-01	5.750000e-01	1.396519e-04	1.396519e-04	1.396519e-04
5.750000e-01	5.800000e-01	1.396519e-04	1.396519e-04	1.396519e-04
5.800000e-01	5.850000e-01	2.793038e-04	1.974976e-04	1.974976e-04
5.850000e-01	5.900000e-01	1.256867e-03	4.189557e-04	4.189557e-04
5.900000e-01	5.950000e-01	4.189556e-04	2.418842e-04	2.418842e-04
5.950000e-01	6.000000e-01	4.189556e-04	2.418842e-04	2.418842e-04
6.000000e-01	6.050000e-01	1.256867e-03	4.189557e-04	4.189557e-04
6.050000e-01	6.100000e-01	1.536171e-03	4.631729e-04	4.631729e-04
6.100000e-01	6.150000e-01	2.234430e-03	5.586075e-04	5.586075e-04
6.150000e-01	6.200000e-01	2.374082e-03	5.757994e-04	5.757994e-04
6.200000e-01	6.250000e-01	3.630948e-03	7.120876e-04	7.120876e-04
6.250000e-01	6.300000e-01	4.468860e-03	7.899904e-04	7.899904e-04
6.300000e-01	6.350000e-01	7.401550e-03	1.016681e-03	1.016681e-03
6.350000e-01	6.400000e-01	8.099808e-03	1.063557e-03	1.063557e-03
6.400000e-01	6.450000e-01	1.242902e-02	1.317473e-03	1.317473e-03
6.450000e-01	6.500000e-01	1.885300e-02	1.622608e-03	1.622608e-03
6.500000e-01	6.550000e-01	2.458132e-02	1.852888e-03	1.852888e-03
6.550000e-01	6.600000e-01	2.625456e-02	1.914810e-03	1.914810e-03
6.600000e-01	6.650000e-01	3.184062e-02	2.108697e-03	2.108697e-03
6.650000e-01	6.700000e-01	3.491296e-02	2.208090e-03	2.208090e-03
6.700000e-01	6.750000e-01	4.091800e-02	2.390455e-03	2.390455e-03
6.750000e-01	6.800000e-01	4.566942e-02	2.525526e-03	2.525526e-03
6.800000e-01	6.850000e-01	5.264914e-02	2.711569e-03	2.711569e-03
6.850000e-01	6.900000e-01	6.047516e-02	2.906256e-03	2.906256e-03
6.900000e-01	6.950000e-01	6.438426e-02	2.998678e-03	2.998678e-03
6.950000e-01	7.000000e-01	7.052420e-02	3.138286e-03	3.138286e-03
7.000000e-01	7.050000e-01	7.527478e-02	3.242315e-03	3.242315e-03
7.050000e-01	7.100000e-01	8.756326e-02	3.496940e-03	3.496940e-03
7.100000e-01	7.150000e-01	9.259364e-02	3.596040e-03	3.596040e-03
7.150000e-01	7.200000e-01	1.011094e-01	3.757701e-03	3.757701e-03
7.200000e-01	7.250000e-01	1.124205e-01	3.962303e-03	3.962303e-03
7.250000e-01	7.300000e-01	1.194024e-01	4.083475e-03	4.083475e-03
7.300000e-01	7.350000e-01	1.231735e-01	4.147466e-03	4.147466e-03
7.350000e-01	7.400000e-01	1.386766e-01	4.400769e-03	4.400769e-03
7.400000e-01	7.450000e-01	1.389609e-01	4.405358e-03	4.405358e-03
7.450000e-01	7.500000e-01	1.532026e-01	4.625545e-03	4.625545e-03
7.500000e-01	7.550000e-01	1.572489e-01	4.686175e-03	4.686175e-03
7.550000e-01	7.600000e-01	1.674454e-01	4.835748e-03	4.835748e-03
7.600000e-01	7.650000e-01	1.793145e-01	5.004179e-03	5.004179e-03
7.650000e-01	7.700000e-01	1.889560e-01	5.137027e-03	5.137027e-03
7.700000e-01	7.750000e-01	2.065482e-01	5.370781e-03	5.370781e-03
7.750000e-01	7.800000e-01	2.133938e-01	5.459088e-03	5.459088e-03
7.800000e-01	7.850000e-01	2.205152e-01	5.549417e-03	5.549417e-03
7.850000e-01	7.900000e-01	2.409012e-01	5.800220e-03	5.800220e-03
7.900000e-01	7.950000e-01	2.615710e-01	6.043948e-03	6.043948e-03
7.950000e-01	8.000000e-01	2.730214e-01	6.174804e-03	6.174804e-03
8.000000e-01	8.050000e-01	2.847620e-01	6.306284e-03	6.306284e-03
8.050000e-01	8.100000e-01	3.121262e-01	6.602242e-03	6.602242e-03
8.100000e-01	8.150000e-01	3.397842e-01	6.888620e-03	6.888620e-03
8.150000e-01	8.200000e-01	3.540286e-01	7.031523e-03	7.031523e-03
8.200000e-01	8.250000e-01	3.527788e-01	7.019177e-03	7.019177e-03
8.250000e-01	8.300000e-01	3.974520e-01	7.450189e-03	7.450189e-03
8.300000e-01	8.350000e-01	4.133788e-01	7.598052e-03	7.598052e-03
8.350000e-01	8.400000e-01	4.487130e-01	7.916138e-03	7.916138e-03
8.400000e-01	8.450000e-01	4.568176e-01	7.987350e-03	7.987350e-03
8.450000e-01	8.500000e-01	5.246802e-01	8.560009e-03	8.560009e-03
8.500000e-01	8.550000e-01	5.587588e-01	8.833649e-03	8.833649e-03
8.550000e-01	8.600000e-01	5.851630e-01	9.040033e-03	9.040033e-03
8.600000e-01	8.650000e-01	6.456270e-01	9.495544e-03	9.495544e-03
8.650000e-01	8.700000e-01	6.788664e-01	9.736919e-03	9.736919e-03
8.700000e-01	8.750000e-01	7.503646e-01	1.023679e-02	1.023679e-02
8.750000e-01	8.800000e-01	7.982740e-01	1.055859e-02	1.055859e-02
8.800000e-01	8.850000e-01	8.597186e-01	1.095739e-02	1.095739e-02
8.850000e-01	8.900000e-01	9.324700e-01	1.141154e-02	1.141154e-02
8.900000e-01	8.950000e-01	1.026054e+00	1.197058e-02	1.197058e-02
8.950000e-01	9.000000e-01	1.152024e+00	1.268414e-02	1.268414e-02
9.000000e-01	9.050000e-01	1.221286e+00	1.305983e-02	1.305983e-02
9.050000e-01	9.100000e-01	1.372967e+00	1.384719e-02	1.384719e-02
9.100000e-01	9.150000e-01	1.504662e+00	1.449608e-02	1.449608e-02
9.150000e-01	9.200000e-01	1.697648e+00	1.539757e-02	1.539757e-02
9.200000e-01	9.250000e-01	1.908950e+00	1.632775e-02	1.632775e-02
9.250000e-01	9.300000e-01	2.146112e+00	1.731243e-02	1.731243e-02
9.300000e-01	9.350000e-01	2.435296e+00	1.844181e-02	1.844181e-02
9.350000e-01	9.400000e-01	2.772150e+00	1.967599e-02	1.967599e-02
9.400000e-01	9.450000e-01	3.184722e+00	2.108950e-02	2.108950e-02
9.450000e-01	9.500000e-01	3.743166e+00	2.286374e-02	2.286374e-02
9.500000e-01	9.550000e-01	4.387562e+00	2.475375e-02	2.475375e-02
9.550000e-01	9.600000e-01	5.278016e+00	2.714970e-02	2.714970e-02
9.600000e-01	9.650000e-01	6.531576e+00	3.020224e-02	3.020224e-02
9.650000e-01	9.700000e-01	8.106740e+00	3.364750e-02	3.364750e-02
9.700000e-01	9.750000e-01	1.012738e+01	3.760775e-02	3.760775e-02
9.750000e-01	9.800000e-01	1.225632e+01	4.137227e-02	4.137227e-02
9.800000e-01	9.850000e-01	1.367108e+01	4.369499e-02	4.369499e-02
9.850000e-01	9.900000e-01	1.343598e+01	4.331756e-02	4.331756e-02
9.900000e-01	9.950000e-01	1.013889e+01	3.762924e-02	3.762924e-02
9.950000e-01	1.000000e+00	6.080498e-01	9.214992e-03	9.214992e-03
# END HISTO1D

