# BEGIN PLOT
Legend=1
LogY=1
Title=Transverse momentum of all particles
XLabel=$p_\perp$ [GeV]
YLabel=$1/\sigma \; \mathrm{d}\sigma/\mathrm{d}p_\perp$ [GeV$^{-1}$]
FullRange=1
DrawOnly=//mt/home/mbridge/Work/e+e-120GeV/Analysis.yoda/MC_GENERIC/Pt
LegendOnly=//mt/home/mbridge/Work/e+e-120GeV/Analysis.yoda/MC_GENERIC/Pt
# END PLOT

# BEGIN HISTO1D //mt/home/mbridge/Work/e+e-120GeV/Analysis.yoda/MC_GENERIC/Pt
LineColor=red
LineStyle=solid
Path=//mt/home/mbridge/Work/e+e-120GeV/Analysis.yoda/MC_GENERIC/Pt
ScaledBy=2.07945262947505185e-12
Title=Analysis
# xlow	 xhigh	 val	 errminus	 errplus
0.000000e+00	1.000000e-01	0.000000e+00	0.000000e+00	0.000000e+00
1.000000e-01	2.000000e-01	0.000000e+00	0.000000e+00	0.000000e+00
2.000000e-01	3.000000e-01	0.000000e+00	0.000000e+00	0.000000e+00
3.000000e-01	4.000000e-01	0.000000e+00	0.000000e+00	0.000000e+00
4.000000e-01	5.000000e-01	0.000000e+00	0.000000e+00	0.000000e+00
5.000000e-01	6.000000e-01	8.062622e-01	2.432522e-04	2.432522e-04
6.000000e-01	7.000000e-01	6.864398e-01	2.244550e-04	2.244550e-04
7.000000e-01	8.000000e-01	5.930095e-01	2.086246e-04	2.086246e-04
8.000000e-01	9.000000e-01	5.177261e-01	1.949617e-04	1.949617e-04
9.000000e-01	1.000000e+00	4.565961e-01	1.830531e-04	1.830531e-04
1.000000e+00	1.100000e+00	4.061740e-01	1.726698e-04	1.726698e-04
1.100000e+00	1.200000e+00	3.637378e-01	1.634043e-04	1.634043e-04
1.200000e+00	1.300000e+00	3.279882e-01	1.551672e-04	1.551672e-04
1.300000e+00	1.400000e+00	2.973746e-01	1.477092e-04	1.477092e-04
1.400000e+00	1.500000e+00	2.710067e-01	1.410454e-04	1.410454e-04
1.500000e+00	1.600000e+00	2.483253e-01	1.349849e-04	1.349849e-04
1.600000e+00	1.700000e+00	2.282738e-01	1.294374e-04	1.294374e-04
1.700000e+00	1.800000e+00	2.106856e-01	1.243624e-04	1.243624e-04
1.800000e+00	1.900000e+00	1.951270e-01	1.197023e-04	1.197023e-04
1.900000e+00	2.000000e+00	1.811760e-01	1.153076e-04	1.153076e-04
2.000000e+00	2.100000e+00	1.685624e-01	1.112488e-04	1.112488e-04
2.100000e+00	2.200000e+00	1.576627e-01	1.075856e-04	1.075856e-04
2.200000e+00	2.300000e+00	1.476231e-01	1.040951e-04	1.040951e-04
2.300000e+00	2.400000e+00	1.385281e-01	1.008555e-04	1.008555e-04
2.400000e+00	2.500000e+00	1.302871e-01	9.779370e-05	9.779370e-05
2.500000e+00	2.600000e+00	1.226377e-01	9.487484e-05	9.487484e-05
2.600000e+00	2.700000e+00	1.159560e-01	9.228724e-05	9.228724e-05
2.700000e+00	2.800000e+00	1.092417e-01	8.954015e-05	8.954015e-05
2.800000e+00	2.900000e+00	1.036145e-01	8.720774e-05	8.720774e-05
2.900000e+00	3.000000e+00	9.826753e-02	8.494877e-05	8.494877e-05
3.000000e+00	3.100000e+00	9.338625e-02	8.280888e-05	8.280888e-05
3.100000e+00	3.200000e+00	8.877482e-02	8.074296e-05	8.074296e-05
3.200000e+00	3.300000e+00	8.448759e-02	7.874929e-05	7.874929e-05
3.300000e+00	3.400000e+00	8.057572e-02	7.690182e-05	7.690182e-05
3.400000e+00	3.500000e+00	7.677490e-02	7.510160e-05	7.510160e-05
3.500000e+00	3.600000e+00	7.325700e-02	7.335293e-05	7.335293e-05
3.600000e+00	3.700000e+00	7.002820e-02	7.167930e-05	7.167930e-05
3.700000e+00	3.800000e+00	6.711832e-02	7.017826e-05	7.017826e-05
3.800000e+00	3.900000e+00	6.428659e-02	6.868549e-05	6.868549e-05
3.900000e+00	4.000000e+00	6.159909e-02	6.724012e-05	6.724012e-05
4.000000e+00	4.100000e+00	5.903068e-02	6.584991e-05	6.584991e-05
4.100000e+00	4.200000e+00	5.667256e-02	6.448395e-05	6.448395e-05
4.200000e+00	4.300000e+00	5.449927e-02	6.324010e-05	6.324010e-05
4.300000e+00	4.400000e+00	5.246234e-02	6.204369e-05	6.204369e-05
4.400000e+00	4.500000e+00	5.030425e-02	6.078998e-05	6.078998e-05
4.500000e+00	4.600000e+00	4.854069e-02	5.970956e-05	5.970956e-05
4.600000e+00	4.700000e+00	4.679435e-02	5.859750e-05	5.859750e-05
4.700000e+00	4.800000e+00	4.509265e-02	5.757664e-05	5.757664e-05
4.800000e+00	4.900000e+00	4.347383e-02	5.649764e-05	5.649764e-05
4.900000e+00	5.000000e+00	4.195971e-02	5.552817e-05	5.552817e-05
5.000000e+00	5.100000e+00	4.044231e-02	5.447867e-05	5.447867e-05
5.100000e+00	5.200000e+00	3.900075e-02	5.350867e-05	5.350867e-05
5.200000e+00	5.300000e+00	3.768887e-02	5.260417e-05	5.260417e-05
5.300000e+00	5.400000e+00	3.643260e-02	5.169970e-05	5.169970e-05
5.400000e+00	5.500000e+00	3.543374e-02	5.099025e-05	5.099025e-05
5.500000e+00	5.600000e+00	3.403810e-02	4.997822e-05	4.997822e-05
5.600000e+00	5.700000e+00	3.299532e-02	4.920556e-05	4.920556e-05
5.700000e+00	5.800000e+00	3.194589e-02	4.841576e-05	4.841576e-05
5.800000e+00	5.900000e+00	3.097137e-02	4.766952e-05	4.766952e-05
5.900000e+00	6.000000e+00	2.997457e-02	4.691175e-05	4.691175e-05
6.000000e+00	6.100000e+00	2.908701e-02	4.621446e-05	4.621446e-05
6.100000e+00	6.200000e+00	2.821784e-02	4.551904e-05	4.551904e-05
6.200000e+00	6.300000e+00	2.735461e-02	4.480393e-05	4.480393e-05
6.300000e+00	6.400000e+00	2.658894e-02	4.416804e-05	4.416804e-05
6.400000e+00	6.500000e+00	2.579799e-02	4.351002e-05	4.351002e-05
6.500000e+00	6.600000e+00	2.509288e-02	4.296347e-05	4.296347e-05
6.600000e+00	6.700000e+00	2.436787e-02	4.228056e-05	4.228056e-05
6.700000e+00	6.800000e+00	2.361633e-02	4.163264e-05	4.163264e-05
6.800000e+00	6.900000e+00	2.291360e-02	4.101447e-05	4.101447e-05
6.900000e+00	7.000000e+00	2.226695e-02	4.042905e-05	4.042905e-05
7.000000e+00	7.100000e+00	2.166489e-02	3.988616e-05	3.988616e-05
7.100000e+00	7.200000e+00	2.103351e-02	3.928024e-05	3.928024e-05
7.200000e+00	7.300000e+00	2.048412e-02	3.876324e-05	3.876324e-05
7.300000e+00	7.400000e+00	1.994857e-02	3.827203e-05	3.827203e-05
7.400000e+00	7.500000e+00	1.939075e-02	3.774095e-05	3.774095e-05
7.500000e+00	7.600000e+00	1.891943e-02	3.732827e-05	3.732827e-05
7.600000e+00	7.700000e+00	1.838864e-02	3.673757e-05	3.673757e-05
7.700000e+00	7.800000e+00	1.789642e-02	3.623625e-05	3.623625e-05
7.800000e+00	7.900000e+00	1.750192e-02	3.583334e-05	3.583334e-05
7.900000e+00	8.000000e+00	1.704645e-02	3.538459e-05	3.538459e-05
8.000000e+00	8.100000e+00	1.660176e-02	3.490372e-05	3.490372e-05
8.100000e+00	8.200000e+00	1.617210e-02	3.444790e-05	3.444790e-05
8.200000e+00	8.300000e+00	1.587662e-02	3.414156e-05	3.414156e-05
8.300000e+00	8.400000e+00	1.541009e-02	3.367849e-05	3.367849e-05
8.400000e+00	8.500000e+00	1.502255e-02	3.325399e-05	3.325399e-05
8.500000e+00	8.600000e+00	1.463523e-02	3.279454e-05	3.279454e-05
8.600000e+00	8.700000e+00	1.423677e-02	3.234344e-05	3.234344e-05
8.700000e+00	8.800000e+00	1.397100e-02	3.202337e-05	3.202337e-05
8.800000e+00	8.900000e+00	1.363972e-02	3.163653e-05	3.163653e-05
8.900000e+00	9.000000e+00	1.326127e-02	3.119348e-05	3.119348e-05
9.000000e+00	9.100000e+00	1.295730e-02	3.083292e-05	3.083292e-05
9.100000e+00	9.200000e+00	1.265196e-02	3.046569e-05	3.046569e-05
9.200000e+00	9.300000e+00	1.237537e-02	3.013268e-05	3.013268e-05
9.300000e+00	9.400000e+00	1.209056e-02	2.978821e-05	2.978821e-05
9.400000e+00	9.500000e+00	1.184697e-02	2.948078e-05	2.948078e-05
9.500000e+00	9.600000e+00	1.160898e-02	2.919208e-05	2.919208e-05
9.600000e+00	9.700000e+00	1.130431e-02	2.879911e-05	2.879911e-05
9.700000e+00	9.800000e+00	1.108713e-02	2.852562e-05	2.852562e-05
9.800000e+00	9.900000e+00	1.084249e-02	2.820070e-05	2.820070e-05
9.900000e+00	1.000000e+01	1.059831e-02	2.790683e-05	2.790683e-05
1.000000e+01	1.010000e+01	1.033536e-02	2.754061e-05	2.754061e-05
1.010000e+01	1.020000e+01	1.008857e-02	2.720453e-05	2.720453e-05
1.020000e+01	1.030000e+01	9.876385e-03	2.694235e-05	2.694235e-05
1.030000e+01	1.040000e+01	9.653463e-03	2.663586e-05	2.663586e-05
1.040000e+01	1.050000e+01	9.423930e-03	2.630820e-05	2.630820e-05
1.050000e+01	1.060000e+01	9.271664e-03	2.607993e-05	2.607993e-05
1.060000e+01	1.070000e+01	9.072998e-03	2.580071e-05	2.580071e-05
1.070000e+01	1.080000e+01	8.845710e-03	2.547535e-05	2.547535e-05
1.080000e+01	1.090000e+01	8.686943e-03	2.526105e-05	2.526105e-05
1.090000e+01	1.100000e+01	8.503241e-03	2.498260e-05	2.498260e-05
1.100000e+01	1.110000e+01	8.312241e-03	2.469365e-05	2.469365e-05
1.110000e+01	1.120000e+01	8.136982e-03	2.443450e-05	2.443450e-05
1.120000e+01	1.130000e+01	7.974744e-03	2.426502e-05	2.426502e-05
1.130000e+01	1.140000e+01	7.831846e-03	2.397690e-05	2.397690e-05
1.140000e+01	1.150000e+01	7.636023e-03	2.367739e-05	2.367739e-05
1.150000e+01	1.160000e+01	7.486376e-03	2.344878e-05	2.344878e-05
1.160000e+01	1.170000e+01	7.384459e-03	2.328646e-05	2.328646e-05
1.170000e+01	1.180000e+01	7.181155e-03	2.295166e-05	2.295166e-05
1.180000e+01	1.190000e+01	7.061222e-03	2.276472e-05	2.276472e-05
1.190000e+01	1.200000e+01	6.931163e-03	2.254821e-05	2.254821e-05
1.200000e+01	1.210000e+01	6.796696e-03	2.233815e-05	2.233815e-05
1.210000e+01	1.220000e+01	6.672264e-03	2.212450e-05	2.212450e-05
1.220000e+01	1.230000e+01	6.515601e-03	2.187518e-05	2.187518e-05
1.230000e+01	1.240000e+01	6.375721e-03	2.162846e-05	2.162846e-05
1.240000e+01	1.250000e+01	6.292440e-03	2.148572e-05	2.148572e-05
1.250000e+01	1.260000e+01	6.130866e-03	2.120919e-05	2.120919e-05
1.260000e+01	1.270000e+01	6.055679e-03	2.108337e-05	2.108337e-05
1.270000e+01	1.280000e+01	5.919989e-03	2.087066e-05	2.087066e-05
1.280000e+01	1.290000e+01	5.815688e-03	2.065571e-05	2.065571e-05
1.290000e+01	1.300000e+01	5.680470e-03	2.041618e-05	2.041618e-05
1.300000e+01	1.310000e+01	5.595457e-03	2.026457e-05	2.026457e-05
1.310000e+01	1.320000e+01	5.455767e-03	2.001452e-05	2.001452e-05
1.320000e+01	1.330000e+01	5.403032e-03	1.991328e-05	1.991328e-05
1.330000e+01	1.340000e+01	5.292492e-03	1.970836e-05	1.970836e-05
1.340000e+01	1.350000e+01	5.198293e-03	1.952938e-05	1.952938e-05
1.350000e+01	1.360000e+01	5.076225e-03	1.929656e-05	1.929656e-05
1.360000e+01	1.370000e+01	5.009983e-03	1.917268e-05	1.917268e-05
1.370000e+01	1.380000e+01	4.908713e-03	1.897899e-05	1.897899e-05
1.380000e+01	1.390000e+01	4.800550e-03	1.876734e-05	1.876734e-05
1.390000e+01	1.400000e+01	4.749191e-03	1.866446e-05	1.866446e-05
1.400000e+01	1.410000e+01	4.642524e-03	1.845637e-05	1.845637e-05
1.410000e+01	1.420000e+01	4.557450e-03	1.828669e-05	1.828669e-05
1.420000e+01	1.430000e+01	4.461508e-03	1.809235e-05	1.809235e-05
1.430000e+01	1.440000e+01	4.370412e-03	1.791005e-05	1.791005e-05
1.440000e+01	1.450000e+01	4.337646e-03	1.783874e-05	1.783874e-05
1.450000e+01	1.460000e+01	4.216402e-03	1.758705e-05	1.758705e-05
1.460000e+01	1.470000e+01	4.180831e-03	1.751242e-05	1.751242e-05
1.470000e+01	1.480000e+01	4.092927e-03	1.732880e-05	1.732880e-05
1.480000e+01	1.490000e+01	4.023913e-03	1.718028e-05	1.718028e-05
1.490000e+01	1.500000e+01	3.931054e-03	1.698733e-05	1.698733e-05
1.500000e+01	1.510000e+01	3.848633e-03	1.680575e-05	1.680575e-05
1.510000e+01	1.520000e+01	3.821717e-03	1.674290e-05	1.674290e-05
1.520000e+01	1.530000e+01	3.736108e-03	1.657099e-05	1.657099e-05
1.530000e+01	1.540000e+01	3.705397e-03	1.648846e-05	1.648846e-05
1.540000e+01	1.550000e+01	3.603715e-03	1.626009e-05	1.626009e-05
1.550000e+01	1.560000e+01	3.545473e-03	1.614084e-05	1.614084e-05
1.560000e+01	1.570000e+01	3.493869e-03	1.602032e-05	1.602032e-05
1.570000e+01	1.580000e+01	3.463003e-03	1.594013e-05	1.594013e-05
1.580000e+01	1.590000e+01	3.358823e-03	1.569781e-05	1.569781e-05
1.590000e+01	1.600000e+01	3.313708e-03	1.571525e-05	1.571525e-05
1.600000e+01	1.610000e+01	3.267206e-03	1.551491e-05	1.551491e-05
1.610000e+01	1.620000e+01	3.191363e-03	1.529922e-05	1.529922e-05
1.620000e+01	1.630000e+01	3.147997e-03	1.519650e-05	1.519650e-05
1.630000e+01	1.640000e+01	3.079947e-03	1.503684e-05	1.503684e-05
1.640000e+01	1.650000e+01	3.082841e-03	1.503874e-05	1.503874e-05
1.650000e+01	1.660000e+01	3.001843e-03	1.484545e-05	1.484545e-05
1.660000e+01	1.670000e+01	2.945544e-03	1.469915e-05	1.469915e-05
1.670000e+01	1.680000e+01	2.904356e-03	1.459696e-05	1.459696e-05
1.680000e+01	1.690000e+01	2.843060e-03	1.444614e-05	1.444614e-05
1.690000e+01	1.700000e+01	2.818437e-03	1.438591e-05	1.438591e-05
1.700000e+01	1.710000e+01	2.750870e-03	1.420548e-05	1.420548e-05
1.710000e+01	1.720000e+01	2.715369e-03	1.415759e-05	1.415759e-05
1.720000e+01	1.730000e+01	2.699083e-03	1.407522e-05	1.407522e-05
1.730000e+01	1.740000e+01	2.629109e-03	1.389051e-05	1.389051e-05
1.740000e+01	1.750000e+01	2.577897e-03	1.375571e-05	1.375571e-05
1.750000e+01	1.760000e+01	2.541703e-03	1.365360e-05	1.365360e-05
1.760000e+01	1.770000e+01	2.515429e-03	1.358293e-05	1.358293e-05
1.770000e+01	1.780000e+01	2.464212e-03	1.344713e-05	1.344713e-05
1.780000e+01	1.790000e+01	2.431781e-03	1.337965e-05	1.337965e-05
1.790000e+01	1.800000e+01	2.366897e-03	1.317828e-05	1.317828e-05
1.800000e+01	1.810000e+01	2.337860e-03	1.309650e-05	1.309650e-05
1.810000e+01	1.820000e+01	2.324189e-03	1.306472e-05	1.306472e-05
1.820000e+01	1.830000e+01	2.286242e-03	1.295552e-05	1.295552e-05
1.830000e+01	1.840000e+01	2.241137e-03	1.282370e-05	1.282370e-05
1.840000e+01	1.850000e+01	2.213152e-03	1.274288e-05	1.274288e-05
1.850000e+01	1.860000e+01	2.182249e-03	1.265211e-05	1.265211e-05
1.860000e+01	1.870000e+01	2.128234e-03	1.249618e-05	1.249618e-05
1.870000e+01	1.880000e+01	2.105967e-03	1.243181e-05	1.243181e-05
1.880000e+01	1.890000e+01	2.079513e-03	1.235720e-05	1.235720e-05
1.890000e+01	1.900000e+01	2.054464e-03	1.227713e-05	1.227713e-05
1.900000e+01	1.910000e+01	2.024362e-03	1.219041e-05	1.219041e-05
1.910000e+01	1.920000e+01	1.968840e-03	1.201913e-05	1.201913e-05
1.920000e+01	1.930000e+01	1.935982e-03	1.191752e-05	1.191752e-05
1.930000e+01	1.940000e+01	1.897590e-03	1.180153e-05	1.180153e-05
1.940000e+01	1.950000e+01	1.869900e-03	1.171204e-05	1.171204e-05
1.950000e+01	1.960000e+01	1.845972e-03	1.169302e-05	1.169302e-05
1.960000e+01	1.970000e+01	1.821268e-03	1.155875e-05	1.155875e-05
1.970000e+01	1.980000e+01	1.794828e-03	1.147656e-05	1.147656e-05
1.980000e+01	1.990000e+01	1.783743e-03	1.144119e-05	1.144119e-05
1.990000e+01	2.000000e+01	1.765602e-03	1.138341e-05	1.138341e-05
2.000000e+01	2.010000e+01	1.711007e-03	1.120322e-05	1.120322e-05
2.010000e+01	2.020000e+01	1.679586e-03	1.110245e-05	1.110245e-05
2.020000e+01	2.030000e+01	1.695778e-03	1.115267e-05	1.115267e-05
2.030000e+01	2.040000e+01	1.629974e-03	1.093480e-05	1.093480e-05
2.040000e+01	2.050000e+01	1.634740e-03	1.095042e-05	1.095042e-05
2.050000e+01	2.060000e+01	1.604321e-03	1.084858e-05	1.084858e-05
2.060000e+01	2.070000e+01	1.561542e-03	1.070342e-05	1.070342e-05
2.070000e+01	2.080000e+01	1.546115e-03	1.065039e-05	1.065039e-05
2.080000e+01	2.090000e+01	1.522188e-03	1.056648e-05	1.056648e-05
2.090000e+01	2.100000e+01	1.503325e-03	1.050119e-05	1.050119e-05
2.100000e+01	2.110000e+01	1.465933e-03	1.037014e-05	1.037014e-05
2.110000e+01	2.120000e+01	1.459839e-03	1.034926e-05	1.034926e-05
2.120000e+01	2.130000e+01	1.451259e-03	1.031967e-05	1.031967e-05
2.130000e+01	2.140000e+01	1.434861e-03	1.026125e-05	1.026125e-05
2.140000e+01	2.150000e+01	1.383371e-03	1.007406e-05	1.007406e-05
2.150000e+01	2.160000e+01	1.379216e-03	1.006187e-05	1.006187e-05
2.160000e+01	2.170000e+01	1.345449e-03	9.935806e-06	9.935806e-06
2.170000e+01	2.180000e+01	1.344191e-03	9.930365e-06	9.930365e-06
2.180000e+01	2.190000e+01	1.313647e-03	9.815889e-06	9.815889e-06
2.190000e+01	2.200000e+01	1.293043e-03	9.740006e-06	9.740006e-06
2.200000e+01	2.210000e+01	1.271393e-03	9.657569e-06	9.657569e-06
2.210000e+01	2.220000e+01	1.236453e-03	9.524342e-06	9.524342e-06
2.220000e+01	2.230000e+01	1.243306e-03	9.550009e-06	9.550009e-06
2.230000e+01	2.240000e+01	1.226131e-03	9.484974e-06	9.484974e-06
2.240000e+01	2.250000e+01	1.205490e-03	9.403257e-06	9.403257e-06
2.250000e+01	2.260000e+01	1.184203e-03	9.330165e-06	9.330165e-06
2.260000e+01	2.270000e+01	1.172639e-03	9.283114e-06	9.283114e-06
2.270000e+01	2.280000e+01	1.169485e-03	9.265268e-06	9.265268e-06
2.280000e+01	2.290000e+01	1.131445e-03	9.110050e-06	9.110050e-06
2.290000e+01	2.300000e+01	1.124131e-03	9.081219e-06	9.081219e-06
2.300000e+01	2.310000e+01	1.098390e-03	8.976222e-06	8.976222e-06
2.310000e+01	2.320000e+01	1.096894e-03	8.971315e-06	8.971315e-06
2.320000e+01	2.330000e+01	1.090350e-03	8.943348e-06	8.943348e-06
2.330000e+01	2.340000e+01	1.074546e-03	8.878380e-06	8.878380e-06
2.340000e+01	2.350000e+01	1.050683e-03	8.779936e-06	8.779936e-06
2.350000e+01	2.360000e+01	1.037006e-03	8.725671e-06	8.725671e-06
2.360000e+01	2.370000e+01	1.025480e-03	8.673296e-06	8.673296e-06
2.370000e+01	2.380000e+01	9.941581e-04	8.538745e-06	8.538745e-06
2.380000e+01	2.390000e+01	9.919898e-04	8.540222e-06	8.540222e-06
2.390000e+01	2.400000e+01	9.750085e-04	8.457113e-06	8.457113e-06
2.400000e+01	2.410000e+01	9.653018e-04	8.417326e-06	8.417326e-06
2.410000e+01	2.420000e+01	9.545433e-04	8.368204e-06	8.368204e-06
2.420000e+01	2.430000e+01	9.459199e-04	8.330643e-06	8.330643e-06
2.430000e+01	2.440000e+01	9.256231e-04	8.249839e-06	8.249839e-06
2.440000e+01	2.450000e+01	9.186373e-04	8.209166e-06	8.209166e-06
2.450000e+01	2.460000e+01	8.866517e-04	8.065425e-06	8.065425e-06
2.460000e+01	2.470000e+01	9.081590e-04	8.171745e-06	8.171745e-06
2.470000e+01	2.480000e+01	8.831894e-04	8.049493e-06	8.049493e-06
2.480000e+01	2.490000e+01	8.789809e-04	8.030692e-06	8.030692e-06
2.490000e+01	2.500000e+01	8.404459e-04	7.851925e-06	7.851925e-06
2.500000e+01	2.510000e+01	8.383332e-04	7.841634e-06	7.841634e-06
2.510000e+01	2.520000e+01	8.428383e-04	7.863500e-06	7.863500e-06
2.520000e+01	2.530000e+01	8.179164e-04	7.745415e-06	7.745415e-06
2.530000e+01	2.540000e+01	8.271625e-04	7.790233e-06	7.790233e-06
2.540000e+01	2.550000e+01	8.042837e-04	7.681172e-06	7.681172e-06
2.550000e+01	2.560000e+01	7.870287e-04	7.633243e-06	7.633243e-06
2.560000e+01	2.570000e+01	7.774986e-04	7.551579e-06	7.551579e-06
2.570000e+01	2.580000e+01	7.790299e-04	7.558943e-06	7.558943e-06
2.580000e+01	2.590000e+01	7.522228e-04	7.427492e-06	7.427492e-06
2.590000e+01	2.600000e+01	7.671400e-04	7.512285e-06	7.512285e-06
2.600000e+01	2.610000e+01	7.609943e-04	7.470985e-06	7.470985e-06
2.610000e+01	2.620000e+01	7.313474e-04	7.323853e-06	7.323853e-06
2.620000e+01	2.630000e+01	7.255962e-04	7.298688e-06	7.298688e-06
2.630000e+01	2.640000e+01	7.221544e-04	7.278597e-06	7.278597e-06
2.640000e+01	2.650000e+01	7.145416e-04	7.239617e-06	7.239617e-06
2.650000e+01	2.660000e+01	6.933606e-04	7.132361e-06	7.132361e-06
2.660000e+01	2.670000e+01	6.995726e-04	7.175268e-06	7.175268e-06
2.670000e+01	2.680000e+01	6.705667e-04	7.013056e-06	7.013056e-06
2.680000e+01	2.690000e+01	6.553239e-04	6.933545e-06	6.933545e-06
2.690000e+01	2.700000e+01	6.625234e-04	6.971436e-06	6.971436e-06
2.700000e+01	2.710000e+01	6.550598e-04	6.931861e-06	6.931861e-06
2.710000e+01	2.720000e+01	6.502177e-04	6.913054e-06	6.913054e-06
2.720000e+01	2.730000e+01	6.248898e-04	6.770078e-06	6.770078e-06
2.730000e+01	2.740000e+01	6.253912e-04	6.778054e-06	6.778054e-06
2.740000e+01	2.750000e+01	6.192009e-04	6.739511e-06	6.739511e-06
2.750000e+01	2.760000e+01	6.023538e-04	6.647330e-06	6.647330e-06
2.760000e+01	2.770000e+01	6.031315e-04	6.653131e-06	6.653131e-06
2.770000e+01	2.780000e+01	5.974785e-04	6.654494e-06	6.654494e-06
2.780000e+01	2.790000e+01	5.865362e-04	6.560441e-06	6.560441e-06
2.790000e+01	2.800000e+01	5.857592e-04	6.555011e-06	6.555011e-06
2.800000e+01	2.810000e+01	5.743811e-04	6.490914e-06	6.490914e-06
2.810000e+01	2.820000e+01	5.556386e-04	6.385149e-06	6.385149e-06
2.820000e+01	2.830000e+01	5.577456e-04	6.398108e-06	6.398108e-06
2.830000e+01	2.840000e+01	5.486922e-04	6.344012e-06	6.344012e-06
2.840000e+01	2.850000e+01	5.512507e-04	6.358663e-06	6.358663e-06
2.850000e+01	2.860000e+01	5.400620e-04	6.294204e-06	6.294204e-06
2.860000e+01	2.870000e+01	5.351009e-04	6.264712e-06	6.264712e-06
2.870000e+01	2.880000e+01	5.152092e-04	6.147711e-06	6.147711e-06
2.880000e+01	2.890000e+01	5.123906e-04	6.130582e-06	6.130582e-06
2.890000e+01	2.900000e+01	5.101741e-04	6.117207e-06	6.117207e-06
2.900000e+01	2.910000e+01	5.038288e-04	6.080579e-06	6.080579e-06
2.910000e+01	2.920000e+01	5.053420e-04	6.089448e-06	6.089448e-06
2.920000e+01	2.930000e+01	4.968842e-04	6.037436e-06	6.037436e-06
2.930000e+01	2.940000e+01	4.892236e-04	5.990428e-06	5.990428e-06
2.940000e+01	2.950000e+01	4.924439e-04	6.015390e-06	6.015390e-06
2.950000e+01	2.960000e+01	4.864684e-04	6.012827e-06	6.012827e-06
2.960000e+01	2.970000e+01	4.661532e-04	5.847837e-06	5.847837e-06
2.970000e+01	2.980000e+01	4.715107e-04	5.880647e-06	5.880647e-06
2.980000e+01	2.990000e+01	4.645322e-04	5.838257e-06	5.838257e-06
2.990000e+01	3.000000e+01	4.660858e-04	5.856933e-06	5.856933e-06
# END HISTO1D

