# BEGIN PLOT
Legend=1
LogY=1
Title=Transverse momentum of charged particles
XLabel=$p_\perp$ [GeV]
YLabel=$1/\sigma \; \mathrm{d}\sigma/\mathrm{d}p_\perp$ [GeV$^{-1}$]
FullRange=1
DrawOnly=//mt/home/mbridge/Work/e+e-120GeV/Analysis.yoda/MC_GENERIC/PtCh
LegendOnly=//mt/home/mbridge/Work/e+e-120GeV/Analysis.yoda/MC_GENERIC/PtCh
# END PLOT

# BEGIN HISTO1D //mt/home/mbridge/Work/e+e-120GeV/Analysis.yoda/MC_GENERIC/PtCh
LineColor=red
LineStyle=solid
Path=//mt/home/mbridge/Work/e+e-120GeV/Analysis.yoda/MC_GENERIC/PtCh
ScaledBy=3.58870839322639674e-12
Title=Analysis
# xlow	 xhigh	 val	 errminus	 errplus
0.000000e+00	1.000000e-01	0.000000e+00	0.000000e+00	0.000000e+00
1.000000e-01	2.000000e-01	0.000000e+00	0.000000e+00	0.000000e+00
2.000000e-01	3.000000e-01	0.000000e+00	0.000000e+00	0.000000e+00
3.000000e-01	4.000000e-01	0.000000e+00	0.000000e+00	0.000000e+00
4.000000e-01	5.000000e-01	0.000000e+00	0.000000e+00	0.000000e+00
5.000000e-01	6.000000e-01	6.902982e-01	2.956829e-04	2.956829e-04
6.000000e-01	7.000000e-01	6.072446e-01	2.773176e-04	2.773176e-04
7.000000e-01	8.000000e-01	5.375084e-01	2.609008e-04	2.609008e-04
8.000000e-01	9.000000e-01	4.777317e-01	2.460324e-04	2.460324e-04
9.000000e-01	1.000000e+00	4.276024e-01	2.327007e-04	2.327007e-04
1.000000e+00	1.100000e+00	3.851155e-01	2.208512e-04	2.208512e-04
1.100000e+00	1.200000e+00	3.483274e-01	2.100406e-04	2.100406e-04
1.200000e+00	1.300000e+00	3.169731e-01	2.003621e-04	2.003621e-04
1.300000e+00	1.400000e+00	2.899119e-01	1.915864e-04	1.915864e-04
1.400000e+00	1.500000e+00	2.662571e-01	1.836566e-04	1.836566e-04
1.500000e+00	1.600000e+00	2.458133e-01	1.764281e-04	1.764281e-04
1.600000e+00	1.700000e+00	2.271223e-01	1.695931e-04	1.695931e-04
1.700000e+00	1.800000e+00	2.111742e-01	1.635526e-04	1.635526e-04
1.800000e+00	1.900000e+00	1.965074e-01	1.577656e-04	1.577656e-04
1.900000e+00	2.000000e+00	1.832114e-01	1.523211e-04	1.523211e-04
2.000000e+00	2.100000e+00	1.712466e-01	1.473238e-04	1.473238e-04
2.100000e+00	2.200000e+00	1.610207e-01	1.428553e-04	1.428553e-04
2.200000e+00	2.300000e+00	1.513731e-01	1.384944e-04	1.384944e-04
2.300000e+00	2.400000e+00	1.426351e-01	1.344379e-04	1.344379e-04
2.400000e+00	2.500000e+00	1.346327e-01	1.306131e-04	1.306131e-04
2.500000e+00	2.600000e+00	1.271525e-01	1.269268e-04	1.269268e-04
2.600000e+00	2.700000e+00	1.207228e-01	1.236808e-04	1.236808e-04
2.700000e+00	2.800000e+00	1.140229e-01	1.201707e-04	1.201707e-04
2.800000e+00	2.900000e+00	1.083716e-01	1.171609e-04	1.171609e-04
2.900000e+00	3.000000e+00	1.033124e-01	1.144494e-04	1.144494e-04
3.000000e+00	3.100000e+00	9.841182e-02	1.116898e-04	1.116898e-04
3.100000e+00	3.200000e+00	9.382599e-02	1.090680e-04	1.090680e-04
3.200000e+00	3.300000e+00	8.943989e-02	1.064287e-04	1.064287e-04
3.300000e+00	3.400000e+00	8.562480e-02	1.041298e-04	1.041298e-04
3.400000e+00	3.500000e+00	8.190067e-02	1.018777e-04	1.018777e-04
3.500000e+00	3.600000e+00	7.827713e-02	9.959385e-05	9.959385e-05
3.600000e+00	3.700000e+00	7.496208e-02	9.742529e-05	9.742529e-05
3.700000e+00	3.800000e+00	7.204022e-02	9.552129e-05	9.552129e-05
3.800000e+00	3.900000e+00	6.919511e-02	9.361708e-05	9.361708e-05
3.900000e+00	4.000000e+00	6.645063e-02	9.174059e-05	9.174059e-05
4.000000e+00	4.100000e+00	6.378833e-02	8.993981e-05	8.993981e-05
4.100000e+00	4.200000e+00	6.128710e-02	8.808485e-05	8.808485e-05
4.200000e+00	4.300000e+00	5.918496e-02	8.657174e-05	8.657174e-05
4.300000e+00	4.400000e+00	5.706806e-02	8.501136e-05	8.501136e-05
4.400000e+00	4.500000e+00	5.487156e-02	8.342699e-05	8.342699e-05
4.500000e+00	4.600000e+00	5.298988e-02	8.192852e-05	8.192852e-05
4.600000e+00	4.700000e+00	5.119189e-02	8.051105e-05	8.051105e-05
4.700000e+00	4.800000e+00	4.939933e-02	7.916236e-05	7.916236e-05
4.800000e+00	4.900000e+00	4.768141e-02	7.769537e-05	7.769537e-05
4.900000e+00	5.000000e+00	4.607998e-02	7.638112e-05	7.638112e-05
5.000000e+00	5.100000e+00	4.446380e-02	7.504171e-05	7.504171e-05
5.100000e+00	5.200000e+00	4.297960e-02	7.376569e-05	7.376569e-05
5.200000e+00	5.300000e+00	4.165228e-02	7.266301e-05	7.266301e-05
5.300000e+00	5.400000e+00	4.023231e-02	7.136849e-05	7.136849e-05
5.400000e+00	5.500000e+00	3.926639e-02	7.051895e-05	7.051895e-05
5.500000e+00	5.600000e+00	3.773328e-02	6.911769e-05	6.911769e-05
5.600000e+00	5.700000e+00	3.672304e-02	6.819501e-05	6.819501e-05
5.700000e+00	5.800000e+00	3.554942e-02	6.709551e-05	6.709551e-05
5.800000e+00	5.900000e+00	3.453378e-02	6.612591e-05	6.612591e-05
5.900000e+00	6.000000e+00	3.332599e-02	6.499182e-05	6.499182e-05
6.000000e+00	6.100000e+00	3.242004e-02	6.411036e-05	6.411036e-05
6.100000e+00	6.200000e+00	3.146362e-02	6.311869e-05	6.311869e-05
6.200000e+00	6.300000e+00	3.067449e-02	6.232952e-05	6.232952e-05
6.300000e+00	6.400000e+00	2.977628e-02	6.140519e-05	6.140519e-05
6.400000e+00	6.500000e+00	2.897088e-02	6.057481e-05	6.057481e-05
6.500000e+00	6.600000e+00	2.820728e-02	5.985463e-05	5.985463e-05
6.600000e+00	6.700000e+00	2.745162e-02	5.895236e-05	5.895236e-05
6.700000e+00	6.800000e+00	2.660668e-02	5.805639e-05	5.805639e-05
6.800000e+00	6.900000e+00	2.576809e-02	5.714809e-05	5.714809e-05
6.900000e+00	7.000000e+00	2.508964e-02	5.637048e-05	5.637048e-05
7.000000e+00	7.100000e+00	2.448489e-02	5.571739e-05	5.571739e-05
7.100000e+00	7.200000e+00	2.380750e-02	5.489925e-05	5.489925e-05
7.200000e+00	7.300000e+00	2.316950e-02	5.415748e-05	5.415748e-05
7.300000e+00	7.400000e+00	2.253988e-02	5.344730e-05	5.344730e-05
7.400000e+00	7.500000e+00	2.200307e-02	5.278463e-05	5.278463e-05
7.500000e+00	7.600000e+00	2.151960e-02	5.234095e-05	5.234095e-05
7.600000e+00	7.700000e+00	2.085115e-02	5.138205e-05	5.138205e-05
7.700000e+00	7.800000e+00	2.033610e-02	5.074512e-05	5.074512e-05
7.800000e+00	7.900000e+00	1.990377e-02	5.019774e-05	5.019774e-05
7.900000e+00	8.000000e+00	1.942757e-02	4.960035e-05	4.960035e-05
8.000000e+00	8.100000e+00	1.892673e-02	4.896289e-05	4.896289e-05
8.100000e+00	8.200000e+00	1.844848e-02	4.833211e-05	4.833211e-05
8.200000e+00	8.300000e+00	1.816330e-02	4.796157e-05	4.796157e-05
8.300000e+00	8.400000e+00	1.760485e-02	4.720987e-05	4.720987e-05
8.400000e+00	8.500000e+00	1.721383e-02	4.680404e-05	4.680404e-05
8.500000e+00	8.600000e+00	1.674963e-02	4.604926e-05	4.604926e-05
8.600000e+00	8.700000e+00	1.634310e-02	4.548649e-05	4.548649e-05
8.700000e+00	8.800000e+00	1.602013e-02	4.504800e-05	4.504800e-05
8.800000e+00	8.900000e+00	1.567941e-02	4.456306e-05	4.456306e-05
8.900000e+00	9.000000e+00	1.523904e-02	4.392389e-05	4.392389e-05
9.000000e+00	9.100000e+00	1.482801e-02	4.332743e-05	4.332743e-05
9.100000e+00	9.200000e+00	1.450499e-02	4.285219e-05	4.285219e-05
9.200000e+00	9.300000e+00	1.421939e-02	4.243456e-05	4.243456e-05
9.300000e+00	9.400000e+00	1.390495e-02	4.197265e-05	4.197265e-05
9.400000e+00	9.500000e+00	1.365148e-02	4.157387e-05	4.157387e-05
9.500000e+00	9.600000e+00	1.338415e-02	4.116981e-05	4.116981e-05
9.600000e+00	9.700000e+00	1.302683e-02	4.061548e-05	4.061548e-05
9.700000e+00	9.800000e+00	1.282762e-02	4.030294e-05	4.030294e-05
9.800000e+00	9.900000e+00	1.251064e-02	3.979452e-05	3.979452e-05
9.900000e+00	1.000000e+01	1.224057e-02	3.941604e-05	3.941604e-05
1.000000e+01	1.010000e+01	1.193442e-02	3.887938e-05	3.887938e-05
1.010000e+01	1.020000e+01	1.164896e-02	3.840260e-05	3.840260e-05
1.020000e+01	1.030000e+01	1.146294e-02	3.814808e-05	3.814808e-05
1.030000e+01	1.040000e+01	1.118818e-02	3.768729e-05	3.768729e-05
1.040000e+01	1.050000e+01	1.092292e-02	3.721333e-05	3.721333e-05
1.050000e+01	1.060000e+01	1.076151e-02	3.691000e-05	3.691000e-05
1.060000e+01	1.070000e+01	1.053580e-02	3.652610e-05	3.652610e-05
1.070000e+01	1.080000e+01	1.024988e-02	3.602582e-05	3.602582e-05
1.080000e+01	1.090000e+01	1.007332e-02	3.573842e-05	3.573842e-05
1.090000e+01	1.100000e+01	9.892783e-03	3.539381e-05	3.539381e-05
1.100000e+01	1.110000e+01	9.624559e-03	3.490739e-05	3.490739e-05
1.110000e+01	1.120000e+01	9.464163e-03	3.461312e-05	3.461312e-05
1.120000e+01	1.130000e+01	9.276338e-03	3.443394e-05	3.443394e-05
1.130000e+01	1.140000e+01	9.103733e-03	3.395621e-05	3.395621e-05
1.140000e+01	1.150000e+01	8.922681e-03	3.362994e-05	3.362994e-05
1.150000e+01	1.160000e+01	8.693235e-03	3.318250e-05	3.318250e-05
1.160000e+01	1.170000e+01	8.592920e-03	3.300476e-05	3.300476e-05
1.170000e+01	1.180000e+01	8.379902e-03	3.257121e-05	3.257121e-05
1.180000e+01	1.190000e+01	8.245049e-03	3.231992e-05	3.231992e-05
1.190000e+01	1.200000e+01	8.071011e-03	3.196450e-05	3.196450e-05
1.200000e+01	1.210000e+01	7.948176e-03	3.173552e-05	3.173552e-05
1.210000e+01	1.220000e+01	7.817797e-03	3.146326e-05	3.146326e-05
1.220000e+01	1.230000e+01	7.621379e-03	3.108719e-05	3.108719e-05
1.230000e+01	1.240000e+01	7.481243e-03	3.078039e-05	3.078039e-05
1.240000e+01	1.250000e+01	7.359591e-03	3.052446e-05	3.052446e-05
1.250000e+01	1.260000e+01	7.192328e-03	3.017996e-05	3.017996e-05
1.260000e+01	1.270000e+01	7.101660e-03	2.999847e-05	2.999847e-05
1.270000e+01	1.280000e+01	6.949275e-03	2.966003e-05	2.966003e-05
1.280000e+01	1.290000e+01	6.830869e-03	2.940981e-05	2.940981e-05
1.290000e+01	1.300000e+01	6.680547e-03	2.908758e-05	2.908758e-05
1.300000e+01	1.310000e+01	6.573973e-03	2.885947e-05	2.885947e-05
1.310000e+01	1.320000e+01	6.383394e-03	2.844561e-05	2.844561e-05
1.320000e+01	1.330000e+01	6.378858e-03	2.841947e-05	2.841947e-05
1.330000e+01	1.340000e+01	6.168112e-03	2.795308e-05	2.795308e-05
1.340000e+01	1.350000e+01	6.119038e-03	2.783672e-05	2.783672e-05
1.350000e+01	1.360000e+01	5.994392e-03	2.754784e-05	2.754784e-05
1.360000e+01	1.370000e+01	5.906384e-03	2.734940e-05	2.734940e-05
1.370000e+01	1.380000e+01	5.769953e-03	2.703443e-05	2.703443e-05
1.380000e+01	1.390000e+01	5.689294e-03	2.684158e-05	2.684158e-05
1.390000e+01	1.400000e+01	5.594023e-03	2.661042e-05	2.661042e-05
1.400000e+01	1.410000e+01	5.474760e-03	2.632805e-05	2.632805e-05
1.410000e+01	1.420000e+01	5.371933e-03	2.608335e-05	2.608335e-05
1.420000e+01	1.430000e+01	5.261411e-03	2.580886e-05	2.580886e-05
1.430000e+01	1.440000e+01	5.155139e-03	2.555705e-05	2.555705e-05
1.440000e+01	1.450000e+01	5.134169e-03	2.549606e-05	2.549606e-05
1.450000e+01	1.460000e+01	4.987310e-03	2.512831e-05	2.512831e-05
1.460000e+01	1.470000e+01	4.965816e-03	2.507275e-05	2.507275e-05
1.470000e+01	1.480000e+01	4.832968e-03	2.473488e-05	2.473488e-05
1.480000e+01	1.490000e+01	4.775518e-03	2.458741e-05	2.458741e-05
1.490000e+01	1.500000e+01	4.657815e-03	2.429174e-05	2.429174e-05
1.500000e+01	1.510000e+01	4.546231e-03	2.399346e-05	2.399346e-05
1.510000e+01	1.520000e+01	4.516342e-03	2.391015e-05	2.391015e-05
1.520000e+01	1.530000e+01	4.432212e-03	2.372001e-05	2.372001e-05
1.530000e+01	1.540000e+01	4.382726e-03	2.355930e-05	2.355930e-05
1.540000e+01	1.550000e+01	4.272395e-03	2.325572e-05	2.325572e-05
1.550000e+01	1.560000e+01	4.197495e-03	2.308033e-05	2.308033e-05
1.560000e+01	1.570000e+01	4.113251e-03	2.283180e-05	2.283180e-05
1.570000e+01	1.580000e+01	4.098525e-03	2.277989e-05	2.277989e-05
1.580000e+01	1.590000e+01	3.969660e-03	2.242039e-05	2.242039e-05
1.590000e+01	1.600000e+01	3.922327e-03	2.254062e-05	2.254062e-05
1.600000e+01	1.610000e+01	3.866942e-03	2.212476e-05	2.212476e-05
1.610000e+01	1.620000e+01	3.783948e-03	2.188543e-05	2.188543e-05
1.620000e+01	1.630000e+01	3.730736e-03	2.173375e-05	2.173375e-05
1.630000e+01	1.640000e+01	3.616232e-03	2.140741e-05	2.140741e-05
1.640000e+01	1.650000e+01	3.653254e-03	2.150767e-05	2.150767e-05
1.650000e+01	1.660000e+01	3.571506e-03	2.127637e-05	2.127637e-05
1.660000e+01	1.670000e+01	3.488091e-03	2.101347e-05	2.101347e-05
1.670000e+01	1.680000e+01	3.437499e-03	2.086302e-05	2.086302e-05
1.680000e+01	1.690000e+01	3.365498e-03	2.064987e-05	2.064987e-05
1.690000e+01	1.700000e+01	3.342453e-03	2.058453e-05	2.058453e-05
1.700000e+01	1.710000e+01	3.291508e-03	2.041356e-05	2.041356e-05
1.710000e+01	1.720000e+01	3.235716e-03	2.023948e-05	2.023948e-05
1.720000e+01	1.730000e+01	3.205047e-03	2.015226e-05	2.015226e-05
1.730000e+01	1.740000e+01	3.109173e-03	1.984560e-05	1.984560e-05
1.740000e+01	1.750000e+01	3.068209e-03	1.971153e-05	1.971153e-05
1.750000e+01	1.760000e+01	3.013473e-03	1.953076e-05	1.953076e-05
1.760000e+01	1.770000e+01	3.004151e-03	1.950053e-05	1.950053e-05
1.770000e+01	1.780000e+01	2.939056e-03	1.929355e-05	1.929355e-05
1.780000e+01	1.790000e+01	2.905953e-03	1.922976e-05	1.922976e-05
1.790000e+01	1.800000e+01	2.816004e-03	1.888166e-05	1.888166e-05
1.800000e+01	1.810000e+01	2.774635e-03	1.874364e-05	1.874364e-05
1.810000e+01	1.820000e+01	2.792341e-03	1.881719e-05	1.881719e-05
1.820000e+01	1.830000e+01	2.704335e-03	1.851359e-05	1.851359e-05
1.830000e+01	1.840000e+01	2.666579e-03	1.837307e-05	1.837307e-05
1.840000e+01	1.850000e+01	2.645566e-03	1.830250e-05	1.830250e-05
1.850000e+01	1.860000e+01	2.585824e-03	1.809334e-05	1.809334e-05
1.860000e+01	1.870000e+01	2.551083e-03	1.797472e-05	1.797472e-05
1.870000e+01	1.880000e+01	2.497675e-03	1.778387e-05	1.778387e-05
1.880000e+01	1.890000e+01	2.484192e-03	1.773368e-05	1.773368e-05
1.890000e+01	1.900000e+01	2.444104e-03	1.759105e-05	1.759105e-05
1.900000e+01	1.910000e+01	2.422868e-03	1.752210e-05	1.752210e-05
1.910000e+01	1.920000e+01	2.359497e-03	1.728623e-05	1.728623e-05
1.920000e+01	1.930000e+01	2.305325e-03	1.708353e-05	1.708353e-05
1.930000e+01	1.940000e+01	2.257143e-03	1.691116e-05	1.691116e-05
1.940000e+01	1.950000e+01	2.227416e-03	1.679263e-05	1.679263e-05
1.950000e+01	1.960000e+01	2.195505e-03	1.667019e-05	1.667019e-05
1.960000e+01	1.970000e+01	2.171248e-03	1.657895e-05	1.657895e-05
1.970000e+01	1.980000e+01	2.128089e-03	1.641564e-05	1.641564e-05
1.980000e+01	1.990000e+01	2.131967e-03	1.643391e-05	1.643391e-05
1.990000e+01	2.000000e+01	2.101411e-03	1.631680e-05	1.631680e-05
2.000000e+01	2.010000e+01	2.043809e-03	1.608603e-05	1.608603e-05
2.010000e+01	2.020000e+01	1.998285e-03	1.591018e-05	1.591018e-05
2.020000e+01	2.030000e+01	2.030822e-03	1.603360e-05	1.603360e-05
2.030000e+01	2.040000e+01	1.943705e-03	1.568731e-05	1.568731e-05
2.040000e+01	2.050000e+01	1.954417e-03	1.572942e-05	1.572942e-05
2.050000e+01	2.060000e+01	1.920416e-03	1.559321e-05	1.559321e-05
2.060000e+01	2.070000e+01	1.865375e-03	1.536869e-05	1.536869e-05
2.070000e+01	2.080000e+01	1.849186e-03	1.530117e-05	1.530117e-05
2.080000e+01	2.090000e+01	1.815875e-03	1.516123e-05	1.516123e-05
2.090000e+01	2.100000e+01	1.798514e-03	1.508854e-05	1.508854e-05
2.100000e+01	2.110000e+01	1.750591e-03	1.488706e-05	1.488706e-05
2.110000e+01	2.120000e+01	1.754346e-03	1.490583e-05	1.490583e-05
2.120000e+01	2.130000e+01	1.741546e-03	1.485226e-05	1.485226e-05
2.130000e+01	2.140000e+01	1.729992e-03	1.480200e-05	1.480200e-05
2.140000e+01	2.150000e+01	1.659744e-03	1.449592e-05	1.449592e-05
2.150000e+01	2.160000e+01	1.652821e-03	1.447169e-05	1.447169e-05
2.160000e+01	2.170000e+01	1.609916e-03	1.427672e-05	1.427672e-05
2.170000e+01	2.180000e+01	1.601909e-03	1.424062e-05	1.424062e-05
2.180000e+01	2.190000e+01	1.588255e-03	1.417889e-05	1.417889e-05
2.190000e+01	2.200000e+01	1.556486e-03	1.403751e-05	1.403751e-05
2.200000e+01	2.210000e+01	1.522354e-03	1.388284e-05	1.388284e-05
2.210000e+01	2.220000e+01	1.483000e-03	1.370251e-05	1.370251e-05
2.220000e+01	2.230000e+01	1.494637e-03	1.375534e-05	1.375534e-05
2.230000e+01	2.240000e+01	1.470776e-03	1.364716e-05	1.364716e-05
2.240000e+01	2.250000e+01	1.438454e-03	1.349414e-05	1.349414e-05
2.250000e+01	2.260000e+01	1.430808e-03	1.347933e-05	1.347933e-05
2.260000e+01	2.270000e+01	1.410106e-03	1.337872e-05	1.337872e-05
2.270000e+01	2.280000e+01	1.408895e-03	1.336004e-05	1.336004e-05
2.280000e+01	2.290000e+01	1.360437e-03	1.312358e-05	1.312358e-05
2.290000e+01	2.300000e+01	1.355653e-03	1.310075e-05	1.310075e-05
2.300000e+01	2.310000e+01	1.313496e-03	1.289459e-05	1.289459e-05
2.310000e+01	2.320000e+01	1.316904e-03	1.291314e-05	1.291314e-05
2.320000e+01	2.330000e+01	1.311737e-03	1.288677e-05	1.288677e-05
2.330000e+01	2.340000e+01	1.296526e-03	1.281080e-05	1.281080e-05
2.340000e+01	2.350000e+01	1.272914e-03	1.269635e-05	1.269635e-05
2.350000e+01	2.360000e+01	1.248318e-03	1.257856e-05	1.257856e-05
2.360000e+01	2.370000e+01	1.237597e-03	1.251687e-05	1.251687e-05
2.370000e+01	2.380000e+01	1.196654e-03	1.230664e-05	1.230664e-05
2.380000e+01	2.390000e+01	1.184450e-03	1.226427e-05	1.226427e-05
2.390000e+01	2.400000e+01	1.188327e-03	1.226614e-05	1.226614e-05
2.400000e+01	2.410000e+01	1.166260e-03	1.215673e-05	1.215673e-05
2.410000e+01	2.420000e+01	1.148584e-03	1.205917e-05	1.205917e-05
2.420000e+01	2.430000e+01	1.132990e-03	1.197681e-05	1.197681e-05
2.430000e+01	2.440000e+01	1.124868e-03	1.195407e-05	1.195407e-05
2.440000e+01	2.450000e+01	1.116091e-03	1.188779e-05	1.188779e-05
2.450000e+01	2.460000e+01	1.066460e-03	1.162047e-05	1.162047e-05
2.460000e+01	2.470000e+01	1.092384e-03	1.178020e-05	1.178020e-05
2.470000e+01	2.480000e+01	1.064318e-03	1.160881e-05	1.160881e-05
2.480000e+01	2.490000e+01	1.055424e-03	1.156094e-05	1.156094e-05
2.490000e+01	2.500000e+01	1.010707e-03	1.131203e-05	1.131203e-05
2.500000e+01	2.510000e+01	1.013891e-03	1.132897e-05	1.132897e-05
2.510000e+01	2.520000e+01	1.019326e-03	1.135900e-05	1.135900e-05
2.520000e+01	2.530000e+01	9.841247e-04	1.116131e-05	1.116131e-05
2.530000e+01	2.540000e+01	1.002400e-03	1.126472e-05	1.126472e-05
2.540000e+01	2.550000e+01	9.654546e-04	1.105645e-05	1.105645e-05
2.550000e+01	2.560000e+01	9.402283e-04	1.098238e-05	1.098238e-05
2.560000e+01	2.570000e+01	9.386948e-04	1.090072e-05	1.090072e-05
2.570000e+01	2.580000e+01	9.295378e-04	1.084708e-05	1.084708e-05
2.580000e+01	2.590000e+01	9.040675e-04	1.069716e-05	1.069716e-05
2.590000e+01	2.600000e+01	9.282887e-04	1.085091e-05	1.085091e-05
2.600000e+01	2.610000e+01	9.178274e-04	1.077899e-05	1.077899e-05
2.610000e+01	2.620000e+01	8.882605e-04	1.060332e-05	1.060332e-05
2.620000e+01	2.630000e+01	8.688424e-04	1.048745e-05	1.048745e-05
2.630000e+01	2.640000e+01	8.775556e-04	1.053966e-05	1.053966e-05
2.640000e+01	2.650000e+01	8.603871e-04	1.043636e-05	1.043636e-05
2.650000e+01	2.660000e+01	8.281851e-04	1.024019e-05	1.024019e-05
2.660000e+01	2.670000e+01	8.477436e-04	1.038406e-05	1.038406e-05
2.670000e+01	2.680000e+01	8.057867e-04	1.009949e-05	1.009949e-05
2.680000e+01	2.690000e+01	7.930878e-04	1.001913e-05	1.001913e-05
2.690000e+01	2.700000e+01	8.012608e-04	1.007213e-05	1.007213e-05
2.700000e+01	2.710000e+01	7.938472e-04	1.002525e-05	1.002525e-05
2.710000e+01	2.720000e+01	7.777190e-04	9.923390e-06	9.923390e-06
2.720000e+01	2.730000e+01	7.512822e-04	9.752301e-06	9.752301e-06
2.730000e+01	2.740000e+01	7.582019e-04	9.806639e-06	9.806639e-06
2.740000e+01	2.750000e+01	7.490542e-04	9.738455e-06	9.738455e-06
2.750000e+01	2.760000e+01	7.273354e-04	9.595671e-06	9.595671e-06
2.760000e+01	2.770000e+01	7.337734e-04	9.640182e-06	9.640182e-06
2.770000e+01	2.780000e+01	7.220486e-04	9.631690e-06	9.631690e-06
2.780000e+01	2.790000e+01	7.191538e-04	9.542984e-06	9.542984e-06
2.790000e+01	2.800000e+01	7.163957e-04	9.522607e-06	9.522607e-06
2.800000e+01	2.810000e+01	7.068467e-04	9.459533e-06	9.459533e-06
2.810000e+01	2.820000e+01	6.776328e-04	9.262540e-06	9.262540e-06
2.820000e+01	2.830000e+01	6.733713e-04	9.235850e-06	9.235850e-06
2.830000e+01	2.840000e+01	6.631033e-04	9.161515e-06	9.161515e-06
2.840000e+01	2.850000e+01	6.699964e-04	9.209487e-06	9.209487e-06
2.850000e+01	2.860000e+01	6.585171e-04	9.130933e-06	9.130933e-06
2.860000e+01	2.870000e+01	6.448311e-04	9.033896e-06	9.033896e-06
2.870000e+01	2.880000e+01	6.261268e-04	8.903579e-06	8.903579e-06
2.880000e+01	2.890000e+01	6.232309e-04	8.881694e-06	8.881694e-06
2.890000e+01	2.900000e+01	6.143062e-04	8.818617e-06	8.818617e-06
2.900000e+01	2.910000e+01	6.168696e-04	8.838568e-06	8.838568e-06
2.910000e+01	2.920000e+01	6.079260e-04	8.773275e-06	8.773275e-06
2.920000e+01	2.930000e+01	6.070024e-04	8.766388e-06	8.766388e-06
2.930000e+01	2.940000e+01	5.898841e-04	8.641543e-06	8.641543e-06
2.940000e+01	2.950000e+01	6.010314e-04	8.732332e-06	8.732332e-06
2.950000e+01	2.960000e+01	5.932630e-04	8.745419e-06	8.745419e-06
2.960000e+01	2.970000e+01	5.666147e-04	8.469756e-06	8.469756e-06
2.970000e+01	2.980000e+01	5.721177e-04	8.509864e-06	8.509864e-06
2.980000e+01	2.990000e+01	5.616830e-04	8.431382e-06	8.431382e-06
2.990000e+01	3.000000e+01	5.636596e-04	8.467932e-06	8.467932e-06
# END HISTO1D

