# BEGIN PLOT
Legend=1
LogY=0
DrawOnly=//mt/home/mbridge/Work/MyHiggsstrahlungV2/MyHiggsstrahlungHcc/Analysis.yoda/MyHAnalysis/H_O
LegendOnly=//mt/home/mbridge/Work/MyHiggsstrahlungV2/MyHiggsstrahlungHcc/Analysis.yoda/MyHAnalysis/H_O
# END PLOT

# BEGIN HISTO1D //mt/home/mbridge/Work/MyHiggsstrahlungV2/MyHiggsstrahlungHcc/Analysis.yoda/MyHAnalysis/H_O
LineColor=red
LineStyle=solid
Path=//mt/home/mbridge/Work/MyHiggsstrahlungV2/MyHiggsstrahlungHcc/Analysis.yoda/MyHAnalysis/H_O
ScaledBy=7.46083402149878283e-02
Title=Analysis
# xlow	 xhigh	 val	 errminus	 errplus
0.000000e+00	1.000000e-02	1.133442e+01	1.611655e-01	1.611655e-01
1.000000e-02	2.000000e-02	1.814057e+01	2.038910e-01	2.038910e-01
2.000000e-02	3.000000e-02	1.401334e+01	1.792022e-01	1.792022e-01
3.000000e-02	4.000000e-02	9.941105e+00	1.509350e-01	1.509350e-01
4.000000e-02	5.000000e-02	7.143021e+00	1.279421e-01	1.279421e-01
5.000000e-02	6.000000e-02	5.477003e+00	1.120325e-01	1.120325e-01
6.000000e-02	7.000000e-02	4.285354e+00	9.909823e-02	9.909823e-02
7.000000e-02	8.000000e-02	3.765153e+00	9.288892e-02	9.288892e-02
8.000000e-02	9.000000e-02	3.013498e+00	8.310134e-02	8.310134e-02
9.000000e-02	1.000000e-01	2.651420e+00	7.794922e-02	7.794922e-02
1.000000e-01	1.100000e-01	2.128927e+00	6.984784e-02	6.984784e-02
1.100000e-01	1.200000e-01	2.062470e+00	6.874900e-02	6.874900e-02
1.200000e-01	1.300000e-01	1.741641e+00	6.317597e-02	6.317597e-02
1.300000e-01	1.400000e-01	1.594977e+00	6.045744e-02	6.045744e-02
1.400000e-01	1.500000e-01	1.285606e+00	5.427834e-02	5.427834e-02
1.500000e-01	1.600000e-01	1.077068e+00	4.968143e-02	4.968143e-02
1.600000e-01	1.700000e-01	9.716525e-01	4.718761e-02	4.718761e-02
1.700000e-01	1.800000e-01	9.854023e-01	4.752032e-02	4.752032e-02
1.800000e-01	1.900000e-01	7.333226e-01	4.099399e-02	4.099399e-02
1.900000e-01	2.000000e-01	7.768637e-01	4.219345e-02	4.219345e-02
2.000000e-01	2.100000e-01	6.851983e-01	3.962604e-02	3.962604e-02
2.100000e-01	2.200000e-01	6.462406e-01	3.848306e-02	3.848306e-02
2.200000e-01	2.300000e-01	5.156175e-01	3.437450e-02	3.437450e-02
2.300000e-01	2.400000e-01	5.087426e-01	3.414456e-02	3.414456e-02
2.400000e-01	2.500000e-01	4.858262e-01	3.336669e-02	3.336669e-02
2.500000e-01	2.600000e-01	4.147856e-01	3.083077e-02	3.083077e-02
2.600000e-01	2.700000e-01	3.391617e-01	2.787892e-02	2.787892e-02
2.700000e-01	2.800000e-01	3.414534e-01	2.797295e-02	2.797295e-02
2.800000e-01	2.900000e-01	2.864542e-01	2.562124e-02	2.562124e-02
2.900000e-01	3.000000e-01	3.437450e-01	2.806666e-02	2.806666e-02
3.000000e-01	3.100000e-01	2.727044e-01	2.499877e-02	2.499877e-02
3.100000e-01	3.200000e-01	2.245801e-01	2.268601e-02	2.268601e-02
3.200000e-01	3.300000e-01	2.314550e-01	2.303063e-02	2.303063e-02
3.300000e-01	3.400000e-01	2.268717e-01	2.280146e-02	2.280146e-02
3.400000e-01	3.500000e-01	1.604143e-01	1.917318e-02	1.917318e-02
3.500000e-01	3.600000e-01	1.833307e-01	2.049699e-02	2.049699e-02
3.600000e-01	3.700000e-01	1.283315e-01	1.714901e-02	1.714901e-02
3.700000e-01	3.800000e-01	1.099984e-01	1.587690e-02	1.587690e-02
3.800000e-01	3.900000e-01	1.077068e-01	1.571065e-02	1.571065e-02
3.900000e-01	4.000000e-01	1.031235e-01	1.537274e-02	1.537274e-02
4.000000e-01	4.100000e-01	1.329147e-01	1.745256e-02	1.745256e-02
4.100000e-01	4.200000e-01	7.104063e-02	1.275928e-02	1.275928e-02
4.200000e-01	4.300000e-01	8.937370e-02	1.431124e-02	1.431124e-02
4.300000e-01	4.400000e-01	6.416573e-02	1.212618e-02	1.212618e-02
4.400000e-01	4.500000e-01	3.208287e-02	8.574506e-03	8.574506e-03
4.500000e-01	4.600000e-01	2.749960e-02	7.938451e-03	7.938451e-03
4.600000e-01	4.700000e-01	4.583266e-02	1.024850e-02	1.024850e-02
4.700000e-01	4.800000e-01	1.604143e-02	6.063092e-03	6.063092e-03
4.800000e-01	4.900000e-01	1.604143e-02	6.063092e-03	6.063092e-03
4.900000e-01	5.000000e-01	9.166533e-03	4.583266e-03	4.583266e-03
5.000000e-01	5.100000e-01	6.874900e-03	3.969225e-03	3.969225e-03
5.100000e-01	5.200000e-01	9.166533e-03	4.583266e-03	4.583266e-03
5.200000e-01	5.300000e-01	2.291633e-03	2.291633e-03	2.291633e-03
5.300000e-01	5.400000e-01	2.291633e-03	2.291633e-03	2.291633e-03
5.400000e-01	5.500000e-01	2.291633e-03	2.291633e-03	2.291633e-03
5.500000e-01	5.600000e-01	0.000000e+00	0.000000e+00	0.000000e+00
5.600000e-01	5.700000e-01	0.000000e+00	0.000000e+00	0.000000e+00
5.700000e-01	5.800000e-01	0.000000e+00	0.000000e+00	0.000000e+00
5.800000e-01	5.900000e-01	0.000000e+00	0.000000e+00	0.000000e+00
5.900000e-01	6.000000e-01	0.000000e+00	0.000000e+00	0.000000e+00
6.000000e-01	6.100000e-01	0.000000e+00	0.000000e+00	0.000000e+00
6.100000e-01	6.200000e-01	0.000000e+00	0.000000e+00	0.000000e+00
6.200000e-01	6.300000e-01	0.000000e+00	0.000000e+00	0.000000e+00
6.300000e-01	6.400000e-01	0.000000e+00	0.000000e+00	0.000000e+00
6.400000e-01	6.500000e-01	0.000000e+00	0.000000e+00	0.000000e+00
6.500000e-01	6.600000e-01	0.000000e+00	0.000000e+00	0.000000e+00
6.600000e-01	6.700000e-01	0.000000e+00	0.000000e+00	0.000000e+00
6.700000e-01	6.800000e-01	0.000000e+00	0.000000e+00	0.000000e+00
6.800000e-01	6.900000e-01	0.000000e+00	0.000000e+00	0.000000e+00
6.900000e-01	7.000000e-01	0.000000e+00	0.000000e+00	0.000000e+00
7.000000e-01	7.100000e-01	0.000000e+00	0.000000e+00	0.000000e+00
7.100000e-01	7.200000e-01	0.000000e+00	0.000000e+00	0.000000e+00
7.200000e-01	7.300000e-01	0.000000e+00	0.000000e+00	0.000000e+00
7.300000e-01	7.400000e-01	0.000000e+00	0.000000e+00	0.000000e+00
7.400000e-01	7.500000e-01	0.000000e+00	0.000000e+00	0.000000e+00
7.500000e-01	7.600000e-01	0.000000e+00	0.000000e+00	0.000000e+00
7.600000e-01	7.700000e-01	0.000000e+00	0.000000e+00	0.000000e+00
7.700000e-01	7.800000e-01	0.000000e+00	0.000000e+00	0.000000e+00
7.800000e-01	7.900000e-01	0.000000e+00	0.000000e+00	0.000000e+00
7.900000e-01	8.000000e-01	0.000000e+00	0.000000e+00	0.000000e+00
8.000000e-01	8.100000e-01	0.000000e+00	0.000000e+00	0.000000e+00
8.100000e-01	8.200000e-01	0.000000e+00	0.000000e+00	0.000000e+00
8.200000e-01	8.300000e-01	0.000000e+00	0.000000e+00	0.000000e+00
8.300000e-01	8.400000e-01	0.000000e+00	0.000000e+00	0.000000e+00
8.400000e-01	8.500000e-01	0.000000e+00	0.000000e+00	0.000000e+00
8.500000e-01	8.600000e-01	0.000000e+00	0.000000e+00	0.000000e+00
8.600000e-01	8.700000e-01	0.000000e+00	0.000000e+00	0.000000e+00
8.700000e-01	8.800000e-01	0.000000e+00	0.000000e+00	0.000000e+00
8.800000e-01	8.900000e-01	0.000000e+00	0.000000e+00	0.000000e+00
8.900000e-01	9.000000e-01	0.000000e+00	0.000000e+00	0.000000e+00
9.000000e-01	9.100000e-01	0.000000e+00	0.000000e+00	0.000000e+00
9.100000e-01	9.200000e-01	0.000000e+00	0.000000e+00	0.000000e+00
9.200000e-01	9.300000e-01	0.000000e+00	0.000000e+00	0.000000e+00
9.300000e-01	9.400000e-01	0.000000e+00	0.000000e+00	0.000000e+00
9.400000e-01	9.500000e-01	0.000000e+00	0.000000e+00	0.000000e+00
9.500000e-01	9.600000e-01	0.000000e+00	0.000000e+00	0.000000e+00
9.600000e-01	9.700000e-01	0.000000e+00	0.000000e+00	0.000000e+00
9.700000e-01	9.800000e-01	0.000000e+00	0.000000e+00	0.000000e+00
9.800000e-01	9.900000e-01	0.000000e+00	0.000000e+00	0.000000e+00
9.900000e-01	1.000000e+00	0.000000e+00	0.000000e+00	0.000000e+00
# END HISTO1D

