# BEGIN PLOT
Legend=1
LogY=1
DrawOnly=//mt/home/mbridge/Work/my_higgsstrahlung2/Analysis.yoda/MyZAnalysis/Z_y
LegendOnly=//mt/home/mbridge/Work/my_higgsstrahlung2/Analysis.yoda/MyZAnalysis/Z_y
# END PLOT

# BEGIN HISTO1D //mt/home/mbridge/Work/my_higgsstrahlung2/Analysis.yoda/MyZAnalysis/Z_y
LineColor=red
LineStyle=solid
Path=//mt/home/mbridge/Work/my_higgsstrahlung2/Analysis.yoda/MyZAnalysis/Z_y
ScaledBy=1.96289088149755986e-01
Title=Analysis
# xlow	 xhigh	 val	 errminus	 errplus
-4.000000e+00	-3.920000e+00	0.000000e+00	0.000000e+00	0.000000e+00
-3.920000e+00	-3.840000e+00	0.000000e+00	0.000000e+00	0.000000e+00
-3.840000e+00	-3.760000e+00	0.000000e+00	0.000000e+00	0.000000e+00
-3.760000e+00	-3.680000e+00	0.000000e+00	0.000000e+00	0.000000e+00
-3.680000e+00	-3.600000e+00	0.000000e+00	0.000000e+00	0.000000e+00
-3.600000e+00	-3.520000e+00	0.000000e+00	0.000000e+00	0.000000e+00
-3.520000e+00	-3.440000e+00	0.000000e+00	0.000000e+00	0.000000e+00
-3.440000e+00	-3.360000e+00	0.000000e+00	0.000000e+00	0.000000e+00
-3.360000e+00	-3.280000e+00	0.000000e+00	0.000000e+00	0.000000e+00
-3.280000e+00	-3.200000e+00	0.000000e+00	0.000000e+00	0.000000e+00
-3.200000e+00	-3.120000e+00	0.000000e+00	0.000000e+00	0.000000e+00
-3.120000e+00	-3.040000e+00	0.000000e+00	0.000000e+00	0.000000e+00
-3.040000e+00	-2.960000e+00	0.000000e+00	0.000000e+00	0.000000e+00
-2.960000e+00	-2.880000e+00	0.000000e+00	0.000000e+00	0.000000e+00
-2.880000e+00	-2.800000e+00	0.000000e+00	0.000000e+00	0.000000e+00
-2.800000e+00	-2.720000e+00	0.000000e+00	0.000000e+00	0.000000e+00
-2.720000e+00	-2.640000e+00	0.000000e+00	0.000000e+00	0.000000e+00
-2.640000e+00	-2.560000e+00	0.000000e+00	0.000000e+00	0.000000e+00
-2.560000e+00	-2.480000e+00	0.000000e+00	0.000000e+00	0.000000e+00
-2.480000e+00	-2.400000e+00	0.000000e+00	0.000000e+00	0.000000e+00
-2.400000e+00	-2.320000e+00	0.000000e+00	0.000000e+00	0.000000e+00
-2.320000e+00	-2.240000e+00	0.000000e+00	0.000000e+00	0.000000e+00
-2.240000e+00	-2.160000e+00	0.000000e+00	0.000000e+00	0.000000e+00
-2.160000e+00	-2.080000e+00	0.000000e+00	0.000000e+00	0.000000e+00
-2.080000e+00	-2.000000e+00	0.000000e+00	0.000000e+00	0.000000e+00
-2.000000e+00	-1.920000e+00	0.000000e+00	0.000000e+00	0.000000e+00
-1.920000e+00	-1.840000e+00	0.000000e+00	0.000000e+00	0.000000e+00
-1.840000e+00	-1.760000e+00	0.000000e+00	0.000000e+00	0.000000e+00
-1.760000e+00	-1.680000e+00	0.000000e+00	0.000000e+00	0.000000e+00
-1.680000e+00	-1.600000e+00	0.000000e+00	0.000000e+00	0.000000e+00
-1.600000e+00	-1.520000e+00	0.000000e+00	0.000000e+00	0.000000e+00
-1.520000e+00	-1.440000e+00	0.000000e+00	0.000000e+00	0.000000e+00
-1.440000e+00	-1.360000e+00	0.000000e+00	0.000000e+00	0.000000e+00
-1.360000e+00	-1.280000e+00	0.000000e+00	0.000000e+00	0.000000e+00
-1.280000e+00	-1.200000e+00	0.000000e+00	0.000000e+00	0.000000e+00
-1.200000e+00	-1.120000e+00	0.000000e+00	0.000000e+00	0.000000e+00
-1.120000e+00	-1.040000e+00	0.000000e+00	0.000000e+00	0.000000e+00
-1.040000e+00	-9.600000e-01	0.000000e+00	0.000000e+00	0.000000e+00
-9.600000e-01	-8.800000e-01	0.000000e+00	0.000000e+00	0.000000e+00
-8.800000e-01	-8.000000e-01	0.000000e+00	0.000000e+00	0.000000e+00
-8.000000e-01	-7.200000e-01	0.000000e+00	0.000000e+00	0.000000e+00
-7.200000e-01	-6.400000e-01	7.427104e-04	7.427104e-04	7.427104e-04
-6.400000e-01	-5.600000e-01	4.462843e-02	3.052478e-02	3.052478e-02
-5.600000e-01	-4.800000e-01	4.388571e-01	9.649926e-02	9.649926e-02
-4.800000e-01	-4.000000e-01	8.955721e-01	1.381549e-01	1.381549e-01
-4.000000e-01	-3.200000e-01	9.156582e-01	1.398249e-01	1.398249e-01
-3.200000e-01	-2.400000e-01	9.706846e-01	1.431450e-01	1.431450e-01
-2.400000e-01	-1.600000e-01	1.331459e+00	1.685132e-01	1.685132e-01
-1.600000e-01	-8.000000e-02	1.032428e+00	1.479334e-01	1.479334e-01
-8.000000e-02	0.000000e+00	8.301149e-01	1.330047e-01	1.330047e-01
0.000000e+00	8.000000e-02	1.057713e+00	1.495071e-01	1.495071e-01
8.000000e-02	1.600000e-01	9.907706e-01	1.447574e-01	1.447574e-01
1.600000e-01	2.400000e-01	1.048058e+00	1.494831e-01	1.494831e-01
2.400000e-01	3.200000e-01	9.468850e-01	1.415045e-01	1.415045e-01
3.200000e-01	4.000000e-01	9.149155e-01	1.398230e-01	1.398230e-01
4.000000e-01	4.800000e-01	7.252283e-01	1.239589e-01	1.239589e-01
4.800000e-01	5.600000e-01	3.109135e-01	8.075416e-02	8.075416e-02
5.600000e-01	6.400000e-01	2.231421e-02	2.158428e-02	2.158428e-02
6.400000e-01	7.200000e-01	2.305693e-02	2.159706e-02	2.159706e-02
7.200000e-01	8.000000e-01	0.000000e+00	0.000000e+00	0.000000e+00
8.000000e-01	8.800000e-01	0.000000e+00	0.000000e+00	0.000000e+00
8.800000e-01	9.600000e-01	0.000000e+00	0.000000e+00	0.000000e+00
9.600000e-01	1.040000e+00	0.000000e+00	0.000000e+00	0.000000e+00
1.040000e+00	1.120000e+00	0.000000e+00	0.000000e+00	0.000000e+00
1.120000e+00	1.200000e+00	0.000000e+00	0.000000e+00	0.000000e+00
1.200000e+00	1.280000e+00	0.000000e+00	0.000000e+00	0.000000e+00
1.280000e+00	1.360000e+00	0.000000e+00	0.000000e+00	0.000000e+00
1.360000e+00	1.440000e+00	0.000000e+00	0.000000e+00	0.000000e+00
1.440000e+00	1.520000e+00	0.000000e+00	0.000000e+00	0.000000e+00
1.520000e+00	1.600000e+00	0.000000e+00	0.000000e+00	0.000000e+00
1.600000e+00	1.680000e+00	0.000000e+00	0.000000e+00	0.000000e+00
1.680000e+00	1.760000e+00	0.000000e+00	0.000000e+00	0.000000e+00
1.760000e+00	1.840000e+00	0.000000e+00	0.000000e+00	0.000000e+00
1.840000e+00	1.920000e+00	0.000000e+00	0.000000e+00	0.000000e+00
1.920000e+00	2.000000e+00	0.000000e+00	0.000000e+00	0.000000e+00
2.000000e+00	2.080000e+00	0.000000e+00	0.000000e+00	0.000000e+00
2.080000e+00	2.160000e+00	0.000000e+00	0.000000e+00	0.000000e+00
2.160000e+00	2.240000e+00	0.000000e+00	0.000000e+00	0.000000e+00
2.240000e+00	2.320000e+00	0.000000e+00	0.000000e+00	0.000000e+00
2.320000e+00	2.400000e+00	0.000000e+00	0.000000e+00	0.000000e+00
2.400000e+00	2.480000e+00	0.000000e+00	0.000000e+00	0.000000e+00
2.480000e+00	2.560000e+00	0.000000e+00	0.000000e+00	0.000000e+00
2.560000e+00	2.640000e+00	0.000000e+00	0.000000e+00	0.000000e+00
2.640000e+00	2.720000e+00	0.000000e+00	0.000000e+00	0.000000e+00
2.720000e+00	2.800000e+00	0.000000e+00	0.000000e+00	0.000000e+00
2.800000e+00	2.880000e+00	0.000000e+00	0.000000e+00	0.000000e+00
2.880000e+00	2.960000e+00	0.000000e+00	0.000000e+00	0.000000e+00
2.960000e+00	3.040000e+00	0.000000e+00	0.000000e+00	0.000000e+00
3.040000e+00	3.120000e+00	0.000000e+00	0.000000e+00	0.000000e+00
3.120000e+00	3.200000e+00	0.000000e+00	0.000000e+00	0.000000e+00
3.200000e+00	3.280000e+00	0.000000e+00	0.000000e+00	0.000000e+00
3.280000e+00	3.360000e+00	0.000000e+00	0.000000e+00	0.000000e+00
3.360000e+00	3.440000e+00	0.000000e+00	0.000000e+00	0.000000e+00
3.440000e+00	3.520000e+00	0.000000e+00	0.000000e+00	0.000000e+00
3.520000e+00	3.600000e+00	0.000000e+00	0.000000e+00	0.000000e+00
3.600000e+00	3.680000e+00	0.000000e+00	0.000000e+00	0.000000e+00
3.680000e+00	3.760000e+00	0.000000e+00	0.000000e+00	0.000000e+00
3.760000e+00	3.840000e+00	0.000000e+00	0.000000e+00	0.000000e+00
3.840000e+00	3.920000e+00	0.000000e+00	0.000000e+00	0.000000e+00
3.920000e+00	4.000000e+00	0.000000e+00	0.000000e+00	0.000000e+00
# END HISTO1D

